	29.0
	108.0
	82.0
	188.0
	84.0
	109.0
	39.0
	172.0
	139.0
	172.0
	137.0
	191.0
	120.0
	85.0
	340.0
	42.0
	141.0
	16.0
	62.0
	32.0
	58.0
	36.0
	134.0
	230.0
	232.0
	78.0
	133.0
	76.0
	126.0
	186.0
	90.0
	161.0
	114.0
	146.0
	156.0
	10.0
	161.0
	112.0
	213.0
	95.0
	48.0
	54.0
	121.0
	311.0
	136.0
	91.0
	185.0
	61.0
	372.0
	37.0
	79.0
	49.0
	88.0
	259.0
	90.0
	202.0
	210.0
	281.0
	51.0
	265.0
	57.0
	135.0
	84.0
	170.0
	159.0
	218.0
	182.0
	108.0
	68.0
	96.0
	160.0
	356.0
	143.0
	65.0
	326.0
	98.0
	140.0
	85.0
	74.0
	16.0
	48.0
	241.0
	122.0
	127.0
	61.0
	236.0
	36.0
	55.0
	181.0
	71.0
	122.0
	178.0
	156.0
	100.0
	49.0
	175.0
	66.0
	89.0
	195.0
	82.0
	149.0
	112.0
	399.0
	267.0
	217.0
	289.0
	49.0
	34.0
	248.0
	119.0
	71.0
	146.0
	137.0
	124.0
	145.0
	72.0
	35.0
	149.0
	74.0
	133.0
	81.0
	41.0
	142.0
	66.0
	46.0
	247.0
	120.0
	51.0
	50.0
	157.0
	146.0
	389.0
	271.0
	435.0
	115.0
	102.0
	70.0
	38.0
	159.0
	57.0
	171.0
	36.0
	127.0
	151.0
	120.0
	79.0
	182.0
	45.0
	89.0
	71.0
	144.0
	247.0
	105.0
	49.0
	68.0
	195.0
	173.0
	72.0
	199.0
	171.0
	104.0
	96.0
	234.0
	294.0
	134.0
	142.0
	340.0
	72.0
	159.0
	293.0
	37.0
	148.0
	180.0
	155.0
	21.0
	120.0
	97.0
	185.0
	30.0
	119.0
	83.0
	26.0
	41.0
	301.0
	191.0
	13.0
	142.0
	170.0
	93.0
	141.0
	199.0
	36.0
	130.0
	163.0
	171.0
	119.0
	168.0
	140.0
	146.0
	25.0
	24.0
	124.0
	143.0
	48.0
	129.0
	77.0
	141.0
	275.0
	72.0
	187.0
	86.0
	117.0
	101.0
	157.0
	90.0
	148.0
	163.0
	324.0
	121.0
	131.0
	110.0
	199.0
	83.0
	137.0
	42.0
	176.0
	147.0
	139.0
	138.0
	92.0
	40.0
	104.0
	130.0
	207.0
	72.0
	184.0
	118.0
	138.0
	44.0
	40.0
	150.0
	117.0
	70.0
	105.0
	161.0
	25.0
	121.0
	181.0
	125.0
	220.0
	65.0
	136.0
	140.0
	78.0
	44.0
	106.0
	139.0
	167.0
	199.0
	26.0
	132.0
	95.0
	98.0
	142.0
	66.0
	83.0
	118.0
	453.0
	24.0
	61.0
	119.0
	140.0
	110.0
	89.0
	144.0
	361.0
	86.0
	164.0
	102.0
	23.0
	155.0
	132.0
	41.0
	45.0
	65.0
	93.0
	160.0
	270.0
	185.0
	53.0
	89.0
	38.0
	136.0
	95.0
	119.0
	251.0
	72.0
	82.0
	261.0
	91.0
	210.0
	104.0
	14.0
	97.0
	139.0
	234.0
	151.0
	83.0
	163.0
	186.0
	52.0
	194.0
	23.0
	108.0
	78.0
	50.0
	159.0
	51.0
	87.0
	384.0
	159.0
	101.0
	64.0
	257.0
	94.0
	166.0
	66.0
	91.0
	32.0
	111.0
	49.0
	246.0
	162.0
	99.0
	58.0
	92.0
	203.0
	155.0
	231.0
	177.0
	76.0
	134.0
	38.0
	90.0
	267.0
	279.0
	88.0
	79.0
	65.0
	90.0
	87.0
	15.0
	124.0
	160.0
	345.0
	154.0
	103.0
	175.0
	177.0
	69.0
	100.0
	59.0
	193.0
	123.0
	136.0
	140.0
	41.0
	140.0
	201.0
	188.0
	110.0
	103.0
	149.0
	180.0
	211.0
	145.0
	55.0
	102.0
	125.0
	220.0
	159.0
	65.0
	52.0
	212.0
	43.0
	237.0
	210.0
	204.0
	127.0
	140.0
	191.0
	46.0
	132.0
	106.0
	88.0
	97.0
	176.0
	54.0
	150.0
	154.0
	157.0
	113.0
	204.0
	160.0
	79.0
	274.0
	186.0
	287.0
	116.0
	155.0
	301.0
	199.0
	194.0
	101.0
	122.0
	175.0
	40.0
	152.0
	70.0
	162.0
	101.0
	131.0
	132.0
	241.0
	79.0
	58.0
	123.0
	65.0
	243.0
	69.0
	111.0
	200.0
	120.0
	75.0
	97.0
	67.0
	71.0
	88.0
	415.0
	280.0
	109.0
	88.0
	87.0
	296.0
	200.0
	89.0
	355.0
	102.0
	111.0
	70.0
	198.0
	237.0
	203.0
	163.0
	233.0
	25.0
	115.0
	93.0
	56.0
	100.0
	149.0
	198.0
	91.0
	51.0
	35.0
	162.0
	67.0
	43.0
	143.0
	38.0
	151.0
	341.0
	175.0
	217.0
	52.0
	81.0
	173.0
	187.0
	28.0
	130.0
	288.0
	119.0
	133.0
	110.0
	144.0
	106.0
	94.0
	253.0
	101.0
	233.0
	111.0
	221.0
	182.0
	147.0
	177.0
	89.0
	18.0
	87.0
	63.0
	302.0
	251.0
	77.0
	35.0
	133.0
	139.0
	79.0
	57.0
	223.0
	248.0
	151.0
	20.0
	103.0
	151.0
	111.0
	172.0
	75.0
	174.0
	170.0
	218.0
	287.0
	268.0
	94.0
	286.0
	179.0
	138.0
	73.0
	86.0
	217.0
	114.0
	96.0
	226.0
	124.0
	69.0
	241.0
	164.0
	126.0
	143.0
	333.0
	179.0
	321.0
	140.0
	186.0
	81.0
	195.0
	105.0
	154.0
	54.0
	197.0
	115.0
	148.0
	80.0
	134.0
	213.0
	63.0
	21.0
	27.0
	196.0
	37.0
	222.0
	87.0
	127.0
	286.0
	169.0
	176.0
	174.0
	331.0
	189.0
	209.0
	74.0
	147.0
	139.0
	201.0
	172.0
	125.0
	66.0
	169.0
	34.0
	73.0
	119.0
	46.0
	104.0
	45.0
	154.0
	93.0
	95.0
	49.0
	300.0
	141.0
	143.0
	37.0
	128.0
	44.0
	97.0
	126.0
	147.0
	227.0
	41.0
	77.0
	150.0
	179.0
	134.0
	122.0
	285.0
	149.0
	162.0
	181.0
	25.0
	148.0
	59.0
	141.0
	57.0
	204.0
	85.0
	172.0
	117.0
	212.0
	194.0
	97.0
	139.0
	17.0
	187.0
	128.0
	190.0
	235.0
	256.0
	221.0
	79.0
	140.0
	165.0
	82.0
	34.0
	16.0
	500.0
	44.0
	232.0
	283.0
	99.0
	85.0
	12.0
	209.0
	68.0
	71.0
	73.0
	94.0
	110.0
	119.0
	61.0
	152.0
	67.0
	75.0
	86.0
	246.0
	170.0
	99.0
	115.0
	245.0
	177.0
	249.0
	248.0
	258.0
	53.0
	233.0
	143.0
	126.0
	315.0
	253.0
	207.0
	56.0
	43.0
	176.0
	134.0
	42.0
	168.0
	259.0
	252.0
	52.0
	22.0
	47.0
	105.0
	54.0
	216.0
	171.0
	71.0
	120.0
	82.0
	113.0
	128.0
	243.0
	13.0
	176.0
	90.0
	90.0
	85.0
	172.0
	12.0
	189.0
	184.0
	141.0
	159.0
	179.0
	96.0
	323.0
	178.0
	121.0
	157.0
	52.0
	107.0
	79.0
	50.0
	43.0
	42.0
	51.0
	69.0
	105.0
	115.0
	16.0
	90.0
	122.0
	239.0
	108.0
	224.0
	300.0
	148.0
	211.0
	124.0
	223.0
	86.0
	140.0
	20.0
	59.0
	217.0
	23.0
	104.0
	88.0
	100.0
	14.0
	75.0
	34.0
	46.0
	128.0
	144.0
	54.0
	123.0
	109.0
	132.0
	12.0
	197.0
	155.0
	51.0
	186.0
	135.0
	125.0
	128.0
	57.0
	145.0
	168.0
	132.0
	121.0
	98.0
	103.0
	156.0
	70.0
	49.0
	46.0
	124.0
	105.0
	113.0
	144.0
	153.0
	91.0
	278.0
	69.0
	188.0
	258.0
	99.0
	125.0
	133.0
	114.0
	89.0
	85.0
	177.0
	197.0
	103.0
	13.0
	192.0
	232.0
	170.0
	104.0
	129.0
	23.0
	133.0
	178.0
	140.0
	72.0
	95.0
	105.0
	64.0
	17.0
	117.0
	132.0
	127.0
	36.0
	49.0
	123.0
	211.0
	211.0
	63.0
	44.0
	125.0
	117.0
	204.0
	36.0
	58.0
	172.0
	13.0
	246.0
	156.0
	40.0
	199.0
	34.0
	223.0
	191.0
	127.0
	151.0
	112.0
	31.0
	161.0
	243.0
	200.0
	144.0
	46.0
	143.0
	54.0
	32.0
	128.0
	35.0
	250.0
	90.0
	96.0
	38.0
	36.0
	233.0
	287.0
	72.0
	106.0
	226.0
	169.0
	124.0
	148.0
	117.0
	85.0
	92.0
	203.0
	158.0
	78.0
	101.0
	203.0
	94.0
	174.0
	38.0
	20.0
	153.0
	185.0
	171.0
	18.0
	45.0
	191.0
	233.0
	150.0
	97.0
	39.0
	159.0
	295.0
	95.0
	304.0
	98.0
	37.0
	286.0
	98.0
	103.0
	87.0
	107.0
	77.0
	127.0
	69.0
	114.0
	199.0
	114.0
	102.0
	135.0
	239.0
	45.0
	25.0
	98.0
	113.0
	198.0
	166.0
	42.0
	232.0
	74.0
	250.0
	136.0
	152.0
	129.0
	48.0
	89.0
	162.0
	116.0
	424.0
	140.0
	203.0
	121.0
	159.0
	69.0
	255.0
	286.0
	103.0
	306.0
	216.0
	182.0
	42.0
	98.0
	160.0
	191.0
	175.0
	146.0
	14.0
	165.0
	61.0
	247.0
	127.0
	99.0
	121.0
	277.0
	200.0
	195.0
	134.0
	170.0
	73.0
	92.0
	107.0
	59.0
	49.0
	175.0
	232.0
	188.0
	166.0
	108.0
	80.0
	115.0
	65.0
	209.0
	63.0
	205.0
	110.0
	180.0
	160.0
	129.0
	55.0
	162.0
	162.0
	64.0
	48.0
	142.0
	61.0
	26.0
	199.0
	149.0
	78.0
	145.0
	64.0
	132.0
	79.0
	48.0
	156.0
	91.0
	198.0
	16.0
	58.0
	157.0
