5	488.0	477.5	395.8	500.0	8.663309915206398
5	456.6	453.71999999999997	381.0	500.0	8.66520469614175
5	493.7	468.53999999999996	405.6	500.0	8.673176509173034
5	500.0	477.66	398.6	500.0	8.6818158561776
5	500.0	496.0	460.0	500.0	8.673280377495892
5	500.0	479.62	430.4	500.0	8.669268693616086
5	500.0	481.88	408.0	500.0	8.681194911734588
5	469.9	469.06000000000006	391.6	500.0	8.68025308682191
5	491.7	478.48	437.2	500.0	8.682882527634366
5	500.0	489.08000000000004	451.4	500.0	8.682802815215307
5	466.6	458.06000000000006	381.0	500.0	8.678009681499411
5	500.0	482.87999999999994	403.2	500.0	8.679277291387518
5	500.0	467.84	343.0	500.0	8.670044817733704
5	493.6	474.48	404.4	500.0	8.675797227067065
5	500.0	477.25999999999993	390.0	500.0	8.689120204597277
5	490.2	473.18	408.2	500.0	8.690003537310268
5	478.9	469.88	396.4	500.0	8.685505675854728
5	500.0	495.84	458.4	500.0	8.681608155479642
5	500.0	498.12	481.2	500.0	8.671749849540392
5	500.0	484.02	376.8	500.0	8.667227132729142
5	500.0	495.0	469.4	500.0	8.663884945436505
5	500.0	485.76000000000005	405.6	500.0	8.650235852143334
5	500.0	467.23999999999995	386.0	500.0	8.670245494854228
5	500.0	490.62	426.2	500.0	8.67875941673452
5	472.5	448.96000000000004	283.6	500.0	8.68603695614684
5	500.0	487.2	416.4	500.0	8.69294762604798
5	500.0	466.9	340.8	500.0	8.691211159368713
5	496.6	472.02	384.6	500.0	8.691150589803954
5	500.0	483.78000000000003	400.2	500.0	8.702442206669797
5	489.3	472.12	387.8	500.0	8.700126982390726
5	500.0	495.53999999999996	455.4	500.0	8.706910133792563
5	500.0	479.78000000000003	405.8	500.0	8.70720824296159
5	494.2	469.12	365.8	500.0	8.72370683860128
5	500.0	482.8	406.0	500.0	8.71426177177371
5	500.0	488.12	406.4	500.0	8.720824127500237
5	498.0	479.48	374.2	500.0	8.70810169376548
5	500.0	478.48	410.0	500.0	8.696964921930585
5	483.2	467.36	394.8	500.0	8.695528572661049
5	500.0	497.06000000000006	478.8	500.0	8.68176170355719
5	494.1	469.18	400.2	500.0	8.684310817246187
5	499.6	482.03999999999996	406.2	500.0	8.695461980524653
5	500.0	463.52	332.6	500.0	8.686762937046197
5	488.9	479.93999999999994	437.2	500.0	8.68239580469736
5	500.0	476.02	394.4	500.0	8.680511840809318
5	497.0	478.73999999999995	410.2	500.0	8.686756399544237
5	458.5	443.7	288.6	500.0	8.692471603191988
5	472.20000000000005	457.24000000000007	342.0	500.0	8.70533452900042
5	496.1	482.2200000000001	416.0	500.0	8.691314085489232
5	496.9	473.68	366.6	500.0	8.689214966100732
5	498.8	467.1	392.2	500.0	8.691458510555451
5	500.0	489.34	407.8	500.0	8.686188558150274
5	484.6	477.52	436.8	500.0	8.657927962598453
5	476.1	472.16	407.2	500.0	8.657724128194776
5	486.0	483.62	442.4	500.0	8.6645141392512
5	499.7	483.2799999999999	429.6	500.0	8.67288485118543
5	490.7	470.53999999999996	404.8	500.0	8.679845390224717
5	500.0	484.88	422.8	500.0	8.667910002439324
5	500.0	482.02	431.8	500.0	8.664289942821696
5	500.0	474.6	391.6	500.0	8.655325878115868
5	450.9	442.34000000000003	350.0	500.0	8.654715760182125
5	448.5	448.1	362.4	500.0	8.663371364271299
5	500.0	462.88	358.0	500.0	8.666527982164311
5	500.0	487.4	427.8	500.0	8.672946483673998
5	500.0	481.2	425.8	500.0	8.684072032857985
5	500.0	475.88	401.4	500.0	8.686502881856486
5	486.29999999999995	482.3	449.0	500.0	8.673157279458204
5	489.3	467.28000000000003	380.0	500.0	8.674334993754552
5	500.0	481.23999999999995	429.2	500.0	8.668628422173125
5	499.6	472.64000000000004	343.8	500.0	8.672821341602667
5	500.0	500.0	500.0	500.0	8.660620984405572
5	500.0	490.84	450.0	500.0	8.660620984405572
5	500.0	484.68	416.2	500.0	8.674493687728374
5	500.0	490.23999999999995	426.4	500.0	8.674483044063182
5	498.1	480.0799999999999	406.4	500.0	8.681960382956051
5	500.0	482.52	352.4	500.0	8.696681362341641
5	500.0	493.28000000000003	457.6	500.0	8.711580849662854
5	497.9	474.96000000000004	411.0	500.0	8.712447993466675
5	492.9	481.98	443.2	500.0	8.722096580393456
5	500.0	493.87999999999994	467.6	500.0	8.710366722043982
5	500.0	466.71999999999997	372.4	500.0	8.70585528064349
5	500.0	477.53999999999996	348.0	500.0	8.719067145294224
5	491.4	462.3	330.4	500.0	8.732603900917365
5	500.0	483.53999999999996	430.4	500.0	8.747879749628675
5	500.0	470.96000000000004	406.6	500.0	8.755437090741053
5	500.0	499.88	498.8	500.0	8.763944355620184
5	500.0	488.88	397.2	500.0	8.760649118983988
5	500.0	491.76000000000005	446.8	500.0	8.766827629878753
5	500.0	474.71999999999997	351.2	500.0	8.780844634848384
5	490.1	465.43999999999994	391.2	500.0	8.79317036101296
5	494.5	477.36	417.2	500.0	8.800504091606062
5	500.0	477.52	396.4	500.0	8.809344199295953
5	459.5	444.62	345.2	500.0	8.810694584699249
5	498.7	481.48	410.2	500.0	8.802433997216216
5	500.0	493.64000000000004	448.6	500.0	8.793491631407349
5	500.0	488.62	415.4	500.0	8.802720330522133
5	500.0	500.0	500.0	500.0	8.795315976640758
5	500.0	488.46000000000004	426.2	500.0	8.795315976640758
5	500.0	488.43999999999994	436.0	500.0	8.810924894706877
5	497.4	480.32	406.6	500.0	8.811839094457937
5	500.0	468.16	368.0	500.0	8.791806083622118
5	500.0	492.7799999999999	449.2	500.0	8.796711633115038
5	481.3	475.26000000000005	427.8	500.0	8.795776151501414
5	500.0	478.4200000000001	409.2	500.0	8.810133765463437
5	485.2	475.58000000000004	419.0	500.0	8.818198797045538
5	500.0	500.0	500.0	500.0	8.828463997880132
5	500.0	496.14	467.2	500.0	8.828463997880132
5	500.0	472.16	360.8	500.0	8.819568880093778
5	500.0	492.93999999999994	440.0	500.0	8.820692460813326
5	496.5	478.91999999999996	433.4	500.0	8.823621716041261
5	500.0	488.53999999999996	437.4	500.0	8.818127667580216
5	500.0	470.46000000000004	368.2	500.0	8.820197955042621
5	487.6	477.84	430.2	500.0	8.828218214815704
5	500.0	486.28000000000003	426.6	500.0	8.825450596269809
5	448.2	457.6	413.0	500.0	8.84457649411708
5	479.6	470.68	377.0	500.0	8.845651960920648
5	500.0	467.96000000000004	322.2	500.0	8.83417306925741
5	488.3	457.68	323.4	500.0	8.843162941473116
5	461.9	456.9	396.6	500.0	8.846239139741959
5	500.0	492.76000000000005	446.8	500.0	8.849125932712022
5	473.79999999999995	455.91999999999996	372.6	500.0	8.843788601812987
5	489.5	481.82	452.2	500.0	8.863845154426471
5	483.20000000000005	453.91999999999996	326.2	500.0	8.86688254490873
5	500.0	476.91999999999996	429.8	500.0	8.869762308712305
5	494.9	464.14	330.6	500.0	8.852787017002367
5	494.0	477.84000000000003	423.4	500.0	8.840290037561541
5	484.3	468.16	397.2	500.0	8.857472636882632
5	500.0	482.74000000000007	406.6	500.0	8.866459429734482
5	497.1	488.12	419.4	500.0	8.859871799259833
5	457.4	444.41999999999996	290.8	500.0	8.860841166294025
5	496.7	478.08000000000004	434.2	500.0	8.870759092412609
5	492.3	475.86	376.0	500.0	8.854259589834756
5	499.4	477.08000000000004	423.8	500.0	8.86117294998558
5	500.0	481.9	436.2	500.0	8.845928618234801
5	487.20000000000005	474.9200000000001	393.2	500.0	8.83740937091531
5	498.6	477.73999999999995	407.2	500.0	8.821320795039123
5	500.0	492.7	453.4	500.0	8.811263385555128
5	493.2	470.82	339.0	500.0	8.812436711360018
5	500.0	479.16	404.4	500.0	8.818942018184512
5	497.29999999999995	493.82	477.2	500.0	8.80859131672738
5	488.79999999999995	480.38	433.2	500.0	8.825372642711523
5	500.0	496.02	475.0	500.0	8.825121945644119
5	462.9	444.1	298.0	500.0	8.810056170499037
5	500.0	465.14	335.4	500.0	8.820886144346339
5	500.0	489.38	410.4	500.0	8.823670453956835
5	500.0	487.15999999999997	430.2	500.0	8.81417350220779
5	500.0	490.5799999999999	467.4	500.0	8.799887657688977
5	500.0	497.18	471.8	500.0	8.796753932477255
5	499.9	488.6	424.0	500.0	8.793973690755088
5	478.70000000000005	470.8	410.8	500.0	8.78182523910087
5	500.0	488.4599999999999	415.2	500.0	8.780027317305112
5	496.6	486.73999999999995	422.2	500.0	8.777082648287141
5	500.0	484.6	430.0	500.0	8.787677247418504
5	500.0	484.14	417.2	500.0	8.772039773234996
5	500.0	491.1	453.2	500.0	8.752183151516578
5	496.0	487.32000000000005	458.4	500.0	8.753104922326623
5	500.0	499.4	494.0	500.0	8.753955519571075
5	500.0	491.56000000000006	433.8	500.0	8.754130615790077
5	500.0	500.0	500.0	500.0	8.754485577835217
5	500.0	497.93999999999994	492.6	500.0	8.754485577835217
5	500.0	499.4	496.0	500.0	8.746883278328733
5	500.0	483.8	428.6	500.0	8.75771594343119
5	500.0	496.84	481.4	500.0	8.75078122460827
5	500.0	496.06000000000006	479.6	500.0	8.753440820558858
5	500.0	497.1	482.8	500.0	8.74797906648302
5	500.0	482.5	334.4	500.0	8.755204748875931
5	500.0	486.0	418.2	500.0	8.77068102982375
5	500.0	493.86	464.4	500.0	8.777823350610277
5	500.0	475.58000000000004	373.6	500.0	8.76327563568054
5	500.0	483.64	436.6	500.0	8.782459454287615
5	487.1	471.91999999999996	354.8	500.0	8.799700266721642
5	499.7	476.98	402.8	500.0	8.81522745126564
5	500.0	492.78000000000003	472.0	500.0	8.814328044050834
5	500.0	491.64	449.4	500.0	8.825117406636222
5	484.3	471.14000000000004	398.4	500.0	8.81623000078548
5	480.9	466.38	366.6	500.0	8.837104667296387
5	497.9	484.88	421.8	500.0	8.823919579459886
5	477.3	469.46000000000004	393.6	500.0	8.848736649045488
5	484.4	464.64	362.4	500.0	8.850999396612531
5	499.3	479.41999999999996	435.6	500.0	8.854483586495194
5	500.0	489.41999999999996	428.6	500.0	8.883591115061268
5	500.0	492.0	456.2	500.0	8.875137548100565
5	500.0	486.93999999999994	413.8	500.0	8.887149128662537
5	477.4	459.5	369.6	500.0	8.872027914736533
5	484.1	474.28000000000003	426.8	500.0	8.870513684143233
5	496.6	481.5	373.4	500.0	8.87263648008399
5	471.1	464.8	386.0	500.0	8.87594012517372
5	485.5	479.1	449.4	500.0	8.869023912648826
5	500.0	470.4599999999999	284.6	500.0	8.852119627575851
5	500.0	492.02	437.0	500.0	8.861643029658
5	500.0	487.84000000000003	449.8	500.0	8.8690704018601
5	500.0	482.52	441.6	500.0	8.870012145740544
5	494.2	482.88	433.8	500.0	8.874363210936664
5	500.0	480.9	426.4	500.0	8.869462869846267
5	500.0	473.0	352.6	500.0	8.875267001558521
5	500.0	487.84	456.6	500.0	8.862686396968579
5	499.9	489.6	448.2	500.0	8.864314935737218
5	500.0	497.93999999999994	492.0	500.0	8.871539684069234
5	471.0	455.66	307.8	500.0	8.86563977208051
5	484.1	466.36	363.4	500.0	8.864392581409758
5	500.0	495.36	465.0	500.0	8.855333154852774
5	500.0	496.76000000000005	479.6	500.0	8.859181856426265
5	493.0	483.84	441.2	500.0	8.852635340177814
5	500.0	482.73999999999995	414.0	500.0	8.849137908780257
5	494.8	478.86	410.8	500.0	8.840786130762364
5	499.4	475.56000000000006	346.6	500.0	8.85802982767132
5	500.0	479.26000000000005	392.2	500.0	8.853221822145759
5	489.0	477.16	398.4	500.0	8.82416905474328
5	500.0	491.96000000000004	462.8	500.0	8.811068314291967
5	500.0	494.68	459.8	500.0	8.815537085014643
5	500.0	500.0	500.0	500.0	8.825391472425373
5	500.0	492.58000000000004	453.8	500.0	8.825391472425373
5	500.0	494.6	446.0	500.0	8.826801764497299
5	499.7	484.58000000000004	446.6	500.0	8.829162243557475
5	500.0	498.12	488.2	500.0	8.827379385257837
5	500.0	491.78000000000003	458.2	500.0	8.816688058595398
5	500.0	499.34	493.4	500.0	8.808370770362687
5	494.0	486.68	441.6	500.0	8.798366891056764
5	500.0	497.37999999999994	475.4	500.0	8.813134980866952
5	500.0	497.32	484.0	500.0	8.805758568265983
5	497.1	491.43999999999994	458.6	500.0	8.803159006982657
5	500.0	497.88	483.2	500.0	8.796816764455228
5	500.0	488.18	447.4	500.0	8.792145089272923
5	493.9	485.46000000000004	424.6	500.0	8.783148644574474
5	500.0	498.23999999999995	490.6	500.0	8.795615041852916
5	500.0	479.16	411.0	500.0	8.79031773460946
5	500.0	484.05999999999995	438.8	500.0	8.814238132721655
5	500.0	476.96000000000004	423.6	500.0	8.822289839854367
5	500.0	497.06000000000006	476.2	500.0	8.82974444924723
5	500.0	489.98	444.2	500.0	8.826138870062854
5	500.0	487.9	427.6	500.0	8.822879739095585
5	500.0	485.32	449.0	500.0	8.825668326680129
5	500.0	487.06000000000006	444.8	500.0	8.820312852448877
5	495.7	479.23999999999995	413.4	500.0	8.83163242782635
5	500.0	489.73999999999995	436.0	500.0	8.843866708832639
5	500.0	489.7200000000001	447.6	500.0	8.832776175634834
5	500.0	500.0	500.0	500.0	8.811553312054743
5	500.0	498.18	481.8	500.0	8.811553312054743
5	500.0	490.43999999999994	445.8	500.0	8.808151989107493
5	500.0	490.28000000000003	434.2	500.0	8.806466299652254
5	500.0	485.93999999999994	407.8	500.0	8.789334950976754
5	500.0	488.3	459.2	500.0	8.790017542424941
5	500.0	492.5	449.4	500.0	8.794561328796698
5	500.0	496.66	466.6	500.0	8.789587817997358
5	497.1	487.14	445.0	500.0	8.776412976967583
5	500.0	493.32	456.8	500.0	8.764897669862785
5	500.0	493.52	472.4	500.0	8.761753466934678
5	500.0	499.21999999999997	492.2	500.0	8.772672470129033
5	500.0	498.26000000000005	490.2	500.0	8.774374984367158
5	500.0	483.28000000000003	425.0	500.0	8.78624687256135
5	500.0	500.0	500.0	500.0	8.774142447204813
5	500.0	498.34	489.8	500.0	8.774142447204813
5	489.3	473.56000000000006	411.6	500.0	8.785261167073132
5	500.0	488.02	443.6	500.0	8.789510658967004
5	478.9	480.34	448.2	500.0	8.79337660186391
5	499.4	486.7799999999999	433.2	500.0	8.77711801965732
5	500.0	486.82	439.2	500.0	8.783162454204776
5	484.6	479.32	446.0	500.0	8.78735125409587
5	500.0	497.78000000000003	482.6	500.0	8.783790078327357
5	500.0	498.38	484.8	500.0	8.801443545538516
5	476.3	478.08000000000004	447.2	500.0	8.799436771520693
5	492.2	484.16	434.0	500.0	8.795613160741016
5	500.0	495.3	453.0	500.0	8.785434861665788
5	500.0	491.78000000000003	439.0	500.0	8.782514280443275
5	479.79999999999995	470.98	417.4	500.0	8.793912607954809
5	500.0	489.18	431.4	500.0	8.78665770322251
5	500.0	497.93999999999994	479.4	500.0	8.775031349835997
5	500.0	495.78000000000003	462.4	500.0	8.771882633812764
5	500.0	492.93999999999994	459.0	500.0	8.77830935191223
5	500.0	500.0	500.0	500.0	8.780123186897267
5	500.0	495.0	450.0	500.0	8.780123186897267
5	499.2	489.1	457.0	500.0	8.777481428952596
5	500.0	484.0999999999999	371.2	500.0	8.7759445693668
5	494.3	487.93999999999994	460.0	500.0	8.786300603809076
5	500.0	492.52	463.2	500.0	8.782742861631318
5	500.0	490.08000000000004	436.8	500.0	8.77101000605341
5	500.0	490.0	438.4	500.0	8.767167277870373
5	500.0	488.3	448.4	500.0	8.78467895429583
5	499.5	488.14	443.4	500.0	8.804117163849854
5	500.0	492.21999999999997	422.2	500.0	8.815108060677128
5	500.0	494.78000000000003	468.0	500.0	8.810437911810062
5	500.0	496.86	468.6	500.0	8.800944657934146
5	496.6	486.32	458.6	500.0	8.81122793128392
5	500.0	491.71999999999997	465.2	500.0	8.810858069167649
5	500.0	486.02	453.8	500.0	8.801584011435164
5	490.20000000000005	479.28000000000003	415.0	500.0	8.804309059803645
5	499.9	487.02	438.0	500.0	8.801624509341387
5	500.0	489.88	438.8	500.0	8.79225907238848
5	500.0	499.68	496.8	500.0	8.769444418985621
5	500.0	499.6	496.0	500.0	8.768734300223702
5	484.5	479.26000000000005	431.8	500.0	8.76812968520123
5	500.0	491.28000000000003	455.0	500.0	8.77429149768959
5	500.0	495.8	476.4	500.0	8.77475527380277
5	500.0	495.36	463.6	500.0	8.779111479574222
5	500.0	492.58000000000004	467.0	500.0	8.789434709368024
5	500.0	492.94000000000005	466.8	500.0	8.797954185575176
5	500.0	488.0	436.2	500.0	8.810833449170088
5	500.0	494.84	466.8	500.0	8.814619959554932
5	500.0	498.71999999999997	487.2	500.0	8.821029964175919
5	500.0	491.32	463.2	500.0	8.820204925574805
5	500.0	500.0	500.0	500.0	8.80961334368869
5	500.0	500.0	500.0	500.0	8.80961334368869
5	500.0	483.43999999999994	357.6	500.0	8.80961334368869
5	500.0	494.84	470.2	500.0	8.786807357623603
5	500.0	493.52	462.8	500.0	8.788730443672268
5	500.0	500.0	500.0	500.0	8.789885795095948
5	500.0	497.48	474.8	500.0	8.789885795095948
5	500.0	495.21999999999997	452.2	500.0	8.808428968293093
5	500.0	489.18	415.8	500.0	8.817384750880542
5	500.0	499.2	495.6	500.0	8.822978709265238
5	500.0	492.18	421.8	500.0	8.860644977777202
5	500.0	479.66	397.8	500.0	8.867245345856226
5	500.0	493.84	442.4	500.0	8.876376308740484
5	500.0	494.64	475.0	500.0	8.875662291071125
5	500.0	484.26000000000005	414.4	500.0	8.888347798453223
5	500.0	491.65999999999997	459.4	500.0	8.890327053211285
5	500.0	497.5	478.6	500.0	8.895948644972838
5	500.0	489.91999999999996	461.2	500.0	8.898812878603946
5	500.0	495.53999999999996	475.0	500.0	8.907411797396268
5	500.0	494.5	468.6	500.0	8.899632049607225
5	500.0	498.62	486.2	500.0	8.887516367688274
5	500.0	497.52	475.2	500.0	8.889741538602319
5	500.0	494.41999999999996	480.0	500.0	8.898184197303479
5	500.0	496.6	467.2	500.0	8.888109666262773
5	500.0	487.98	448.2	500.0	8.8736193582721
5	500.0	500.0	500.0	500.0	8.876588571945716
5	500.0	482.08000000000004	412.6	500.0	8.876588571945716
5	500.0	495.8	484.0	500.0	8.875085611490102
5	500.0	491.6	446.4	500.0	8.898641509032588
5	500.0	498.18	490.6	500.0	8.872739678981336
5	500.0	495.12	451.2	500.0	8.85999265345688
5	500.0	496.21999999999997	465.4	500.0	8.863053680964093
5	500.0	484.53999999999996	431.6	500.0	8.857186653669105
5	500.0	494.84	479.2	500.0	8.872283500324924
5	500.0	485.2	438.2	500.0	8.86550596533993
5	500.0	488.38	426.6	500.0	8.851764024710235
5	500.0	480.86	428.2	500.0	8.85455155528738
5	500.0	486.18	413.6	500.0	8.835077169832768
5	500.0	488.66	421.0	500.0	8.812464868918017
5	500.0	496.14	479.8	500.0	8.807261192254806
5	500.0	480.62000000000006	413.4	500.0	8.80888559492666
5	500.0	484.96000000000004	428.0	500.0	8.81734576925168
5	500.0	488.46000000000004	462.6	500.0	8.819147873186273
5	500.0	487.02	411.2	500.0	8.836006887604968
5	500.0	493.82	452.0	500.0	8.861927853873793
5	500.0	493.66	466.2	500.0	8.873175116505786
5	499.2	484.1	426.8	500.0	8.862670061413608
5	500.0	487.03999999999996	424.2	500.0	8.842228819931428
5	500.0	483.68	428.8	500.0	8.850451252866337
5	492.4	480.7799999999999	434.0	500.0	8.849853474846755
5	500.0	495.62	471.0	500.0	8.851599616928379
5	493.7	488.87999999999994	452.2	500.0	8.858377023815509
5	500.0	485.38	409.4	500.0	8.87193066856279
5	500.0	497.85999999999996	482.4	500.0	8.869858771226985
5	500.0	494.96000000000004	449.6	500.0	8.871293272088726
5	500.0	484.1	414.6	500.0	8.87025217604021
5	500.0	497.21999999999997	472.2	500.0	8.873815723088565
5	500.0	492.41999999999996	424.2	500.0	8.86449293771971
5	500.0	477.96000000000004	427.8	500.0	8.853361478420318
5	500.0	479.46000000000004	421.4	500.0	8.849831942223055
5	500.0	496.21999999999997	483.4	500.0	8.847054144359516
5	500.0	482.06000000000006	400.4	500.0	8.847002058354436
5	500.0	497.0	470.0	500.0	8.86142718162016
5	500.0	495.9	478.2	500.0	8.859879264318831
5	500.0	494.64	446.4	500.0	8.866548739440606
5	500.0	493.96000000000004	464.0	500.0	8.865495936522144
5	500.0	496.71999999999997	479.0	500.0	8.877187959293547
5	500.0	491.96000000000004	455.6	500.0	8.868569825329317
5	492.5	475.43999999999994	415.4	500.0	8.852361352154759
5	500.0	485.88	392.6	500.0	8.84676648761033
5	500.0	498.3	483.0	500.0	8.835593977286715
5	500.0	487.82	420.0	500.0	8.85199902692574
5	500.0	497.96000000000004	479.6	500.0	8.852179058840319
5	500.0	487.12	402.2	500.0	8.84006263582721
5	500.0	490.02	417.8	500.0	8.844013098352981
5	496.6	483.38	441.2	500.0	8.852354231206782
5	500.0	492.7	469.2	500.0	8.848031270732314
5	500.0	457.0	223.0	500.0	8.837283896631835
5	465.3	463.17999999999995	374.2	500.0	8.835704314019775
5	500.0	480.96000000000004	404.6	500.0	8.82574210536769
5	500.0	485.91999999999996	388.0	500.0	8.828889582666882
5	491.0	476.21999999999997	420.2	500.0	8.822449140491596
5	499.4	484.23999999999995	391.6	500.0	8.836350482798226
5	480.9	473.4	415.4	500.0	8.828719488151911
5	500.0	490.46000000000004	454.0	500.0	8.835520680882773
5	500.0	489.6	396.0	500.0	8.821614978869075
5	494.9	464.68	370.2	500.0	8.810055963200822
5	500.0	481.86	445.6	500.0	8.803394983397006
5	500.0	488.02	417.4	500.0	8.80622178904799
5	500.0	486.91999999999996	429.2	500.0	8.780480194990773
5	500.0	493.08000000000004	462.4	500.0	8.79072943977287
5	500.0	485.93999999999994	446.4	500.0	8.783994959129231
5	498.1	487.53999999999996	451.0	500.0	8.76852286141072
5	491.1	477.98	426.0	500.0	8.781440380489368
5	500.0	493.34	461.0	500.0	8.7894968679846
5	494.9	488.21999999999997	462.6	500.0	8.791229102568597
5	500.0	473.6	336.6	500.0	8.789643495142228
5	500.0	491.2	452.2	500.0	8.78066302311301
5	500.0	488.34	437.2	500.0	8.776937609191876
5	500.0	482.82000000000005	379.6	500.0	8.779682952025823
5	491.0	475.38	410.6	500.0	8.778897584962222
5	499.4	483.21999999999997	434.0	500.0	8.778780437227981
5	500.0	480.38	382.0	500.0	8.754103409130792
5	500.0	496.34	471.0	500.0	8.754661300260041
5	489.29999999999995	472.9	394.0	500.0	8.745177368794932
5	495.8	482.32	428.0	500.0	8.756408414680902
5	499.4	478.46000000000004	356.2	500.0	8.76393288711573
5	488.8	478.96000000000004	435.8	500.0	8.757600638950448
5	489.6	465.16	378.4	500.0	8.765465877221251
5	487.5	481.71999999999997	412.0	500.0	8.762490423532563
5	490.7	492.44000000000005	476.2	500.0	8.768728296994853
5	469.1	469.4200000000001	417.8	500.0	8.773995015734224
5	491.9	445.84	262.0	500.0	8.762808525475378
5	494.7	475.1	392.6	500.0	8.773404645775019
5	499.3	462.52	340.0	500.0	8.779701079330449
5	498.5	489.96000000000004	464.2	500.0	8.772116416369876
5	500.0	495.91999999999996	476.8	500.0	8.78011454742198
5	500.0	486.38	434.4	500.0	8.775086425354903
5	490.6	482.7	452.6	500.0	8.786275783014483
5	500.0	495.28000000000003	452.8	500.0	8.797503007102694
5	496.5	483.88	410.0	500.0	8.796206317544618
5	500.0	486.9599999999999	418.2	500.0	8.768422958987566
5	500.0	488.41999999999996	432.2	500.0	8.77675405844182
5	500.0	480.7	412.2	500.0	8.779678746288644
5	500.0	488.0	431.8	500.0	8.784089591417157
5	491.8	474.21999999999997	414.2	500.0	8.789689085999028
5	500.0	496.4	468.4	500.0	8.780660319805225
5	500.0	500.0	500.0	500.0	8.777863550066435
5	500.0	500.0	500.0	500.0	8.777863550066435
5	500.0	491.36	421.0	500.0	8.777863550066435
5	500.0	496.84	468.4	500.0	8.791410136112987
5	496.2	482.7	420.8	500.0	8.80993903041752
5	500.0	484.3	402.8	500.0	8.792413720639498
5	500.0	493.4	434.0	500.0	8.790078570155153
5	500.0	486.7	415.0	500.0	8.807282632638747
5	500.0	488.34000000000003	429.8	500.0	8.799843086226867
5	500.0	499.8	498.0	500.0	8.804750837065697
5	500.0	479.36	320.4	500.0	8.802052937889739
5	500.0	493.88	463.4	500.0	8.803304444234092
5	500.0	496.93999999999994	484.4	500.0	8.801175984319757
5	500.0	471.26000000000005	361.8	500.0	8.814098327946414
5	500.0	497.28000000000003	472.8	500.0	8.82477473535796
5	500.0	495.18	464.8	500.0	8.829336418784953
5	500.0	483.06000000000006	364.6	500.0	8.832922173589981
5	500.0	471.4	304.2	500.0	8.836683653465185
5	500.0	485.78000000000003	376.4	500.0	8.845701869051052
5	500.0	471.82	282.8	500.0	8.832957477314448
5	500.0	475.71999999999997	402.8	500.0	8.816735044096813
5	500.0	494.26000000000005	442.6	500.0	8.826939577119875
5	500.0	490.52	405.2	500.0	8.797774714849696
5	500.0	475.2	386.0	500.0	8.771588741370687
5	500.0	494.21999999999997	469.2	500.0	8.77034649668882
5	500.0	499.43999999999994	494.4	500.0	8.777830356172467
5	500.0	499.62	496.2	500.0	8.776428681084491
5	500.0	485.94000000000005	412.8	500.0	8.767789833055367
5	500.0	481.8	407.8	500.0	8.782419888705439
5	500.0	492.3	423.0	500.0	8.776599519800548
5	500.0	494.46000000000004	449.2	500.0	8.781524882402524
5	500.0	497.98	479.8	500.0	8.772097758176226
5	500.0	492.53999999999996	472.0	500.0	8.756195662692816
5	500.0	498.62	491.4	500.0	8.739018175442695
5	500.0	493.8	448.8	500.0	8.718089426402502
5	500.0	500.0	500.0	500.0	8.729069979661414
5	500.0	500.0	500.0	500.0	8.729069979661414
5	500.0	490.84000000000003	408.6	500.0	8.729069979661414
5	500.0	498.64	486.4	500.0	8.726824021863107
5	496.8	489.75999999999993	461.8	500.0	8.725570843469926
5	500.0	486.18	454.4	500.0	8.708557529588202
5	500.0	495.5	468.0	500.0	8.699568127871203
5	500.0	500.0	500.0	500.0	8.704469441183953
5	500.0	499.68	496.8	500.0	8.704469441183953
5	500.0	500.0	500.0	500.0	8.718825338425065
5	500.0	495.98	459.8	500.0	8.718825338425065
5	500.0	498.06000000000006	480.6	500.0	8.708586872889105
5	500.0	493.16	452.8	500.0	8.706795769737111
5	500.0	492.82	458.0	500.0	8.701025232151142
5	500.0	492.53999999999996	425.4	500.0	8.700910759993432
5	500.0	500.0	500.0	500.0	8.69916312046366
5	500.0	490.26000000000005	434.8	500.0	8.69916312046366
5	500.0	486.58000000000004	432.6	500.0	8.69739857303309
5	490.7	459.53999999999996	392.6	500.0	8.702682006810717
5	500.0	496.86	473.4	500.0	8.697700810087182
5	500.0	481.14	404.6	500.0	8.699655899368008
5	500.0	487.53999999999996	400.6	500.0	8.708120383873238
5	500.0	494.86	459.4	500.0	8.698945973974336
5	500.0	498.46000000000004	484.6	500.0	8.699658668113642
5	500.0	499.1	491.0	500.0	8.707319548211334
5	500.0	484.7799999999999	422.4	500.0	8.708338005710457
5	500.0	491.03999999999996	465.6	500.0	8.692265223513507
5	500.0	498.14	483.2	500.0	8.678297515405859
5	500.0	498.62	486.2	500.0	8.665856010303765
5	500.0	496.16	462.2	500.0	8.675608882499189
5	500.0	482.6	417.8	500.0	8.667770249951388
5	500.0	500.0	500.0	500.0	8.662572942893805
5	500.0	495.66	467.0	500.0	8.662572942893805
5	500.0	494.21999999999997	442.2	500.0	8.681545340665812
5	500.0	494.53999999999996	445.4	500.0	8.683957240196513
5	500.0	500.0	500.0	500.0	8.707685760663475
5	500.0	490.52	405.2	500.0	8.707685760663475
5	500.0	490.9	432.6	500.0	8.720613466031635
5	500.0	499.08000000000004	490.8	500.0	8.727429207963484
5	500.0	489.18	402.4	500.0	8.74706460259545
5	499.0	478.32	412.8	500.0	8.754191119357971
5	500.0	485.46000000000004	441.4	500.0	8.749157816351342
5	499.4	479.41999999999996	433.0	500.0	8.742688254405401
5	500.0	498.9	491.2	500.0	8.729482941676556
5	500.0	496.9	471.4	500.0	8.728126999171355
5	499.6	491.78000000000003	463.2	500.0	8.722080668545452
5	500.0	494.64000000000004	471.8	500.0	8.73659956509142
5	500.0	481.48	402.4	500.0	8.732566956726105
5	500.0	483.78000000000003	414.0	500.0	8.740632562991152
5	500.0	468.78000000000003	371.4	500.0	8.743971708255323
5	500.0	494.62	467.6	500.0	8.727635392485585
5	495.5	477.9	402.8	500.0	8.720214127516634
5	500.0	472.38	311.4	500.0	8.714538074938984
5	500.0	496.88	470.4	500.0	8.71995194557594
5	500.0	483.2	380.6	500.0	8.734628648262708
5	500.0	485.62000000000006	435.8	500.0	8.744770763945938
5	493.6	482.6	412.0	500.0	8.753350400670305
5	500.0	493.5	450.2	500.0	8.753265657782652
5	500.0	491.9599999999999	461.4	500.0	8.755764179506997
5	496.70000000000005	488.71999999999997	462.8	500.0	8.758711848536887
5	500.0	486.53999999999996	401.8	500.0	8.760297891120894
5	500.0	494.53999999999996	448.2	500.0	8.76282985784911
5	499.9	492.66	460.0	500.0	8.781265846376519
5	493.2	484.44000000000005	447.2	500.0	8.782856947403927
5	500.0	479.26000000000005	402.4	500.0	8.777895499028322
5	500.0	485.93999999999994	437.6	500.0	8.784595286059938
5	500.0	497.84	484.6	500.0	8.765826085918757
5	497.7	485.03999999999996	440.4	500.0	8.75615231149498
5	500.0	479.8	394.2	500.0	8.755589439025384
5	500.0	486.7	412.4	500.0	8.738808782897618
5	500.0	495.6	466.4	500.0	8.74176692575613
5	500.0	484.6	402.4	500.0	8.747544672154152
5	500.0	489.9	450.8	500.0	8.749775594666424
5	500.0	492.41999999999996	464.8	500.0	8.761347751040104
5	496.2	482.98	441.4	500.0	8.771683049417843
5	496.0	491.03999999999996	465.4	500.0	8.741897100514722
5	500.0	494.26000000000005	471.8	500.0	8.746747807645207
5	500.0	493.2	461.6	500.0	8.755729004415118
5	500.0	483.0	413.0	500.0	8.765535314274462
5	500.0	485.36	413.0	500.0	8.766228666712044
5	500.0	484.4	384.8	500.0	8.769434598844725
5	497.79999999999995	493.88	475.2	500.0	8.771528219854119
5	500.0	473.46000000000004	375.6	500.0	8.78356337653567
5	500.0	488.34	397.8	500.0	8.7747832963487
5	500.0	485.78000000000003	435.8	500.0	8.768281105260222
5	492.5	481.78000000000003	443.2	500.0	8.781744498090536
5	500.0	493.56000000000006	461.6	500.0	8.772301478633128
5	500.0	482.43999999999994	407.0	500.0	8.778166061452358
5	500.0	494.36	458.8	500.0	8.792646539380797
5	500.0	474.14	381.2	500.0	8.784282544304286
5	500.0	498.38	483.8	500.0	8.78118926572967
5	499.8	486.08000000000004	407.8	500.0	8.76384872520256
5	493.4	477.36	436.6	500.0	8.76628363094802
5	500.0	496.32	463.2	500.0	8.77214666466874
5	498.2	487.71999999999997	435.6	500.0	8.785351863357992
5	500.0	491.2	412.0	500.0	8.784598892863551
5	500.0	485.96000000000004	408.2	500.0	8.800316669646307
5	493.0	447.03999999999996	335.8	500.0	8.80041657326401
5	493.4	466.43999999999994	366.2	500.0	8.792126254985545
5	494.0	479.91999999999996	430.2	500.0	8.787943918273415
5	487.0	472.25999999999993	373.0	500.0	8.78490150778129
5	500.0	474.6	343.2	500.0	8.78841500887905
5	497.8	475.21999999999997	284.0	500.0	8.757060330271472
5	487.20000000000005	481.12000000000006	416.6	500.0	8.7662373364375
5	499.2	478.62	412.0	500.0	8.762068742913286
5	475.2	468.21999999999997	379.4	500.0	8.78668169820925
5	461.5	444.62	360.4	500.0	8.787008956536699
5	500.0	483.3	412.2	500.0	8.778276774569466
5	500.0	481.73999999999995	346.0	500.0	8.772331749348883
5	500.0	462.0400000000001	255.6	500.0	8.770188434649896
5	500.0	488.06000000000006	407.6	500.0	8.76871015033993
5	473.8	476.16	445.4	500.0	8.780264854694984
5	500.0	489.03999999999996	398.6	500.0	8.78416660763904
5	477.20000000000005	480.46000000000004	467.4	500.0	8.795384239606342
5	500.0	491.36	462.0	500.0	8.806566090575528
5	500.0	499.76000000000005	497.6	500.0	8.806963092514323
5	500.0	497.84	487.0	500.0	8.78530809948514
5	500.0	483.64	431.0	500.0	8.779840294072429
5	500.0	491.98	462.0	500.0	8.791393839829123
5	489.1	481.38	434.4	500.0	8.783239742325952
5	484.6	474.23999999999995	426.8	500.0	8.79035772922095
5	492.8	474.78000000000003	410.0	500.0	8.787627790040576
5	494.8	475.43999999999994	342.6	500.0	8.783161745351393
5	494.6	474.74000000000007	374.6	500.0	8.77837864936634
5	500.0	492.55999999999995	474.0	500.0	8.769233004114378
5	500.0	491.02	436.6	500.0	8.776219473674608
5	500.0	490.8	453.4	500.0	8.78835016812792
5	487.7	482.16	453.0	500.0	8.777979267773974
5	500.0	492.91999999999996	454.6	500.0	8.771989290830756
5	500.0	492.32000000000005	440.4	500.0	8.771738629138206
5	500.0	497.46000000000004	482.2	500.0	8.763753263455303
5	500.0	496.73999999999995	485.2	500.0	8.769383339703422
5	500.0	487.75999999999993	418.6	500.0	8.780388348639475
5	498.9	493.84	458.0	500.0	8.776177063103935
5	500.0	490.7	446.2	500.0	8.768389834813124
5	473.3	457.37999999999994	378.4	500.0	8.778427804545856
5	473.2	469.91999999999996	382.2	500.0	8.789075688162582
5	500.0	479.88	425.6	500.0	8.771962840398512
5	500.0	480.3	380.4	500.0	8.767118542731549
5	500.0	491.28000000000003	462.0	500.0	8.769607387342916
5	500.0	498.93999999999994	489.4	500.0	8.772188907312351
5	500.0	481.08000000000004	424.0	500.0	8.782998641701491
5	500.0	496.7	476.4	500.0	8.813903689581922
5	495.8	470.21999999999997	402.2	500.0	8.820614020361123
5	500.0	470.15999999999997	402.4	500.0	8.807926632222435
5	500.0	496.43999999999994	464.4	500.0	8.8027642388665
5	500.0	498.32	489.2	500.0	8.787527390815375
5	500.0	481.02	429.8	500.0	8.815224777683525
5	500.0	498.78000000000003	490.4	500.0	8.82296828049217
5	498.1	489.7200000000001	448.0	500.0	8.818826648312301
5	500.0	496.53999999999996	465.4	500.0	8.810961225793026
5	492.1	464.0	394.8	500.0	8.8015253149176
5	485.9	479.32	427.0	500.0	8.822944523057966
5	469.5	470.0400000000001	399.8	500.0	8.8247324145522
5	500.0	476.28000000000003	354.0	500.0	8.82561635595786
5	500.0	474.58000000000004	372.2	500.0	8.832698267057076
5	493.1	475.15999999999997	337.4	500.0	8.82855217510302
5	488.2	475.1	417.0	500.0	8.827790904978723
5	459.4	454.67999999999995	350.4	500.0	8.812828510565904
5	478.5	479.28000000000003	440.2	500.0	8.796740624545533
5	495.9	472.5	367.4	500.0	8.803265291359157
5	500.0	484.36	441.2	500.0	8.803790790716434
5	500.0	493.82	461.2	500.0	8.815954454160982
5	481.0	476.68	444.0	500.0	8.804977465064072
5	500.0	469.56000000000006	306.4	500.0	8.822226423418497
5	500.0	499.2	492.0	500.0	8.808926664430231
5	500.0	493.9	459.6	500.0	8.797907946466559
5	499.3	464.74000000000007	323.2	500.0	8.79722301518186
5	500.0	491.64	440.0	500.0	8.80494183170011
5	500.0	491.1	440.4	500.0	8.813394233906777
5	500.0	498.12	481.2	500.0	8.824928827727726
5	500.0	495.53999999999996	455.4	500.0	8.829074312377493
5	500.0	489.48	457.2	500.0	8.828761185437699
5	500.0	493.82	439.6	500.0	8.827674055731533
5	500.0	489.14	424.6	500.0	8.820809741125448
5	500.0	494.18	466.6	500.0	8.820158453602858
5	500.0	497.9	479.0	500.0	8.815043494965696
5	500.0	497.93999999999994	483.8	500.0	8.80116508348857
5	500.0	486.78000000000003	435.0	500.0	8.793491511090712
5	500.0	498.82	494.0	500.0	8.814390116978272
5	500.0	456.98	357.6	500.0	8.81305523115874
5	500.0	497.46000000000004	474.6	500.0	8.810509785286342
5	500.0	491.96000000000004	419.6	500.0	8.799796375099328
5	500.0	496.62	475.4	500.0	8.77317484251414
5	500.0	495.36	476.0	500.0	8.8063345455996
5	500.0	490.84	443.8	500.0	8.78539394290319
5	464.1	465.9	412.6	500.0	8.779919655172044
5	500.0	480.6	407.0	500.0	8.769124408326165
5	500.0	487.86	447.6	500.0	8.781493558549995
5	500.0	486.14	423.4	500.0	8.80010287436738
5	500.0	494.75999999999993	471.4	500.0	8.816935079302922
5	500.0	487.21999999999997	430.8	500.0	8.80749741596201
5	479.4	477.21999999999997	443.2	500.0	8.801182734656113
5	489.20000000000005	480.48	437.8	500.0	8.820307234634674
5	500.0	480.06000000000006	407.6	500.0	8.832945866868945
5	500.0	497.18	471.8	500.0	8.83586099874548
5	498.7	480.91999999999996	419.2	500.0	8.839421902370962
5	500.0	489.34000000000003	433.0	500.0	8.854527614907399
5	500.0	493.9	470.6	500.0	8.853042082734634
5	499.7	479.03999999999996	438.2	500.0	8.85091968228664
5	500.0	486.46000000000004	430.4	500.0	8.852900755718048
5	485.9	464.21999999999997	374.4	500.0	8.85912610827741
5	500.0	474.6	301.2	500.0	8.837562268878854
5	493.0	483.16	450.6	500.0	8.868346521533557
5	485.1	473.21999999999997	413.0	500.0	8.888708410412349
5	492.29999999999995	459.86	319.6	500.0	8.871498912444094
5	500.0	494.64	451.4	500.0	8.884576131786103
5	500.0	482.66	417.2	500.0	8.875603171296863
5	498.7	490.43999999999994	459.4	500.0	8.870328282750197
5	500.0	479.26000000000005	422.4	500.0	8.848933848867789
5	492.6	483.0	431.2	500.0	8.82054679156548
5	500.0	483.43999999999994	439.6	500.0	8.820583375802448
5	500.0	495.84	458.4	500.0	8.834980859989582
5	500.0	482.1	394.0	500.0	8.83058575792381
5	500.0	486.53999999999996	410.2	500.0	8.83993012964913
5	500.0	478.8	354.4	500.0	8.829496046574837
5	500.0	481.86	396.6	500.0	8.81536371963854
5	496.2	479.93999999999994	419.8	500.0	8.81623687821757
5	500.0	493.3	443.2	500.0	8.821276959944361
5	500.0	479.48	422.4	500.0	8.819254527303846
5	500.0	466.62	351.2	500.0	8.805982407167631
5	500.0	490.32	419.4	500.0	8.816967815411326
5	500.0	498.64	486.4	500.0	8.81544203385436
5	488.4	466.73999999999995	405.2	500.0	8.812594257857615
5	477.29999999999995	465.64	403.6	500.0	8.801405137765647
5	496.9	484.2	440.8	500.0	8.805473849750292
5	494.6	473.71999999999997	381.8	500.0	8.80535458523165
5	500.0	489.91999999999996	426.6	500.0	8.782492922502302
5	495.2	475.82	376.4	500.0	8.781075503852586
5	500.0	490.93999999999994	447.6	500.0	8.795068626513858
5	500.0	496.86	468.6	500.0	8.7673825674457
5	500.0	494.18	448.6	500.0	8.771195543258363
5	500.0	498.91999999999996	490.8	500.0	8.782530027095769
5	500.0	488.56000000000006	429.8	500.0	8.794740471756567
5	500.0	497.41999999999996	484.2	500.0	8.800892127826037
5	500.0	484.52	425.4	500.0	8.824182970187572
5	500.0	485.88	358.8	500.0	8.815293161319302
5	500.0	496.82	468.2	500.0	8.824384637409521
5	500.0	483.23999999999995	432.8	500.0	8.850907437981524
5	500.0	497.86	479.4	500.0	8.851289771936404
5	500.0	500.0	500.0	500.0	8.852134091930774
5	500.0	487.9	436.6	500.0	8.852134091930774
5	494.7	476.5	378.4	500.0	8.822029313479623
5	500.0	497.4	479.8	500.0	8.820760241183923
5	500.0	487.62	436.2	500.0	8.83923827412791
5	500.0	491.36	413.8	500.0	8.813569541367658
5	500.0	494.32	470.0	500.0	8.807820624686384
5	500.0	483.18	428.0	500.0	8.806148123857739
5	500.0	479.4	367.0	500.0	8.78785394073676
5	500.0	485.62	420.8	500.0	8.794140416795615
5	500.0	488.48	431.8	500.0	8.793963108081519
5	500.0	480.65999999999997	440.8	500.0	8.7541985589281
5	500.0	464.08000000000004	366.2	500.0	8.73742387533838
5	500.0	484.76000000000005	392.8	500.0	8.744898924861864
5	500.0	487.93999999999994	437.0	500.0	8.74187828802907
5	500.0	493.8	457.6	500.0	8.730204677662861
5	500.0	494.46000000000004	445.4	500.0	8.745980951863118
5	500.0	494.88	455.8	500.0	8.712490317344688
5	499.8	491.44000000000005	461.6	500.0	8.693735504807801
5	500.0	493.52	451.8	500.0	8.703974972363838
5	490.1	479.2	411.6	500.0	8.70561702450169
5	500.0	490.68	428.2	500.0	8.701221046484907
5	500.0	485.43999999999994	433.8	500.0	8.708466578707599
5	500.0	494.03999999999996	440.4	500.0	8.710944186182354
5	500.0	499.68	496.8	500.0	8.714050500051052
5	500.0	486.16	422.0	500.0	8.707798565883081
5	500.0	495.73999999999995	462.2	500.0	8.69366047686637
5	500.0	483.14	412.0	500.0	8.67955974387915
5	500.0	481.48	405.6	500.0	8.695456904299668
5	500.0	484.08000000000004	430.6	500.0	8.705525138940752
5	500.0	497.46000000000004	474.6	500.0	8.689487611218844
5	500.0	486.82	426.8	500.0	8.697725899780416
5	500.0	491.08000000000004	427.6	500.0	8.712939837476473
5	500.0	495.68	477.8	500.0	8.714130983512389
5	500.0	473.26000000000005	379.2	500.0	8.722009898832471
5	500.0	494.3	462.0	500.0	8.71471933005009
5	500.0	490.5	427.8	500.0	8.706828345400982
5	500.0	494.98	449.8	500.0	8.693079165527056
5	500.0	490.5	446.8	500.0	8.709809962650777
5	500.0	490.53999999999996	449.4	500.0	8.698319615394002
5	500.0	476.76000000000005	424.4	500.0	8.694983521578813
5	500.0	482.56000000000006	398.0	500.0	8.691211520563861
5	500.0	490.91999999999996	434.2	500.0	8.684360242666251
5	500.0	495.4	454.0	500.0	8.70206052794953
5	500.0	486.93999999999994	439.6	500.0	8.719077689388158
5	500.0	494.9	449.0	500.0	8.722720933618914
5	500.0	497.93999999999994	480.6	500.0	8.707128894902185
5	500.0	484.7	385.0	500.0	8.703332424952999
5	500.0	500.0	500.0	500.0	8.720911007854498
5	500.0	485.32	423.0	500.0	8.720911007854498
5	500.0	488.23999999999995	446.8	500.0	8.707692017867693
5	500.0	470.03999999999996	343.0	500.0	8.718019867322704
5	458.6	454.58000000000004	401.4	500.0	8.72851531525523
5	500.0	457.64	329.8	500.0	8.73196015901078
5	500.0	489.0	456.8	500.0	8.739016982122903
5	500.0	485.71999999999997	423.6	500.0	8.737819573487121
5	500.0	491.4	414.0	500.0	8.727661591339393
5	500.0	490.08000000000004	448.8	500.0	8.723103609755738
5	500.0	489.98	450.4	500.0	8.73822689688139
5	500.0	496.52	481.6	500.0	8.744344132086491
5	500.0	481.5	407.2	500.0	8.73743113078773
5	500.0	473.71999999999997	425.6	500.0	8.74730604558377
5	500.0	488.84	406.4	500.0	8.748393918281405
5	500.0	487.9	454.8	500.0	8.743912729002808
5	500.0	490.48	411.6	500.0	8.745804785163052
5	486.2	477.4599999999999	437.4	500.0	8.75995394638148
5	500.0	484.52	422.8	500.0	8.777553643917377
5	500.0	499.03999999999996	495.6	500.0	8.763623847630283
5	500.0	492.43999999999994	446.4	500.0	8.77878378473953
5	500.0	479.6	376.2	500.0	8.775242707061137
5	500.0	474.84000000000003	372.6	500.0	8.75398103152915
5	500.0	475.82	361.6	500.0	8.777160461749919
5	500.0	500.0	500.0	500.0	8.786251163485636
5	500.0	478.15999999999997	406.4	500.0	8.786251163485636
5	500.0	469.44000000000005	403.4	500.0	8.798495683582056
5	500.0	494.26000000000005	469.0	500.0	8.79229555334285
5	500.0	486.32	419.6	500.0	8.785408078764226
5	500.0	496.08000000000004	478.2	500.0	8.79447585347349
5	500.0	496.28000000000003	462.8	500.0	8.802392414432743
5	500.0	490.2	418.6	500.0	8.813448801939186
5	500.0	486.05999999999995	388.2	500.0	8.794095174034238
5	500.0	492.52	459.2	500.0	8.803884520703601
5	500.0	490.32	418.2	500.0	8.778806045834036
5	498.2	484.93999999999994	410.4	500.0	8.796428152649838
5	500.0	500.0	500.0	500.0	8.816214879982295
5	500.0	471.0400000000001	364.2	500.0	8.816214879982295
5	500.0	495.28000000000003	470.0	500.0	8.82116090966472
5	500.0	487.91999999999996	426.4	500.0	8.822945207615057
5	500.0	492.4	462.4	500.0	8.839101120995453
5	500.0	485.1	410.4	500.0	8.851743045627588
5	500.0	498.03999999999996	482.4	500.0	8.84099271946631
5	500.0	485.38	402.6	500.0	8.808699053968141
5	500.0	491.68	416.8	500.0	8.826896724203044
5	500.0	467.3	197.4	500.0	8.82928047362666
5	500.0	500.0	500.0	500.0	8.830769769162226
5	500.0	482.38	430.8	500.0	8.830769769162226
5	500.0	496.48	464.8	500.0	8.826100714310028
5	500.0	499.93999999999994	499.4	500.0	8.831518483516746
5	500.0	480.3	401.2	500.0	8.806091915904114
5	500.0	489.41999999999996	394.2	500.0	8.804080027937186
5	500.0	484.7	373.4	500.0	8.822319933151064
5	500.0	497.23999999999995	472.4	500.0	8.80871708027978
5	500.0	493.78000000000003	437.8	500.0	8.800292952734969
5	500.0	492.2	439.8	500.0	8.784906262356383
5	494.5	484.24000000000007	416.6	500.0	8.79203598413256
5	500.0	484.3	419.0	500.0	8.78957597888814
5	500.0	486.14	386.4	500.0	8.781345358844273
5	500.0	493.82	455.8	500.0	8.79480418169666
5	476.6	478.7	442.6	500.0	8.795603828183635
5	498.7	482.8	418.8	500.0	8.808781328668635
5	500.0	495.56000000000006	481.6	500.0	8.806564016311777
5	465.70000000000005	454.86	371.2	500.0	8.817079372898618
5	500.0	477.38	415.8	500.0	8.836603716102774
5	488.4	475.58000000000004	429.8	500.0	8.830061234428285
5	500.0	486.94000000000005	443.2	500.0	8.826896483834577
5	500.0	464.7	327.6	500.0	8.834546326133097
5	496.4	475.88	391.0	500.0	8.84278079594241
5	500.0	476.38	422.8	500.0	8.85382455503664
5	492.8	476.2999999999999	419.4	500.0	8.837192432330605
5	461.4	450.14000000000004	386.6	500.0	8.812981089672258
5	486.8	483.48	453.2	500.0	8.804341668869574
5	486.6	466.94000000000005	385.2	500.0	8.828482141738471
5	500.0	476.36	414.4	500.0	8.80215928683238
5	491.2	471.06000000000006	398.4	500.0	8.807630032233803
5	449.9	443.06000000000006	299.2	500.0	8.797624412378784
5	500.0	480.08000000000004	371.6	500.0	8.841973688992823
5	500.0	490.14	454.4	500.0	8.833797410988385
5	494.8	437.5	158.2	500.0	8.843126066111077
5	462.0	459.94000000000005	381.8	500.0	8.844675841418214
5	474.6	458.5	385.4	500.0	8.874973076014635
5	497.29999999999995	446.88	279.8	500.0	8.876774085442449
5	500.0	463.73999999999995	288.4	500.0	8.893666900469228
5	489.29999999999995	466.86	390.2	500.0	8.89970548540186
5	461.7	463.84	419.0	500.0	8.879579630297044
5	493.6	477.06000000000006	412.8	500.0	8.881064065143859
5	484.5	462.55999999999995	302.6	500.0	8.884916559929614
5	500.0	495.48	467.4	500.0	8.886344173050897
5	500.0	473.12	350.0	500.0	8.900331508703712
5	497.2	446.06000000000006	269.6	500.0	8.882937859051546
5	500.0	490.41999999999996	407.8	500.0	8.877364889964975
5	500.0	488.76000000000005	445.8	500.0	8.876652000368935
5	486.9	468.2799999999999	384.2	500.0	8.861500762825424
5	500.0	482.36	442.6	500.0	8.857223826759544
5	500.0	478.7	406.6	500.0	8.845393363376257
5	500.0	484.1	428.6	500.0	8.849468512596912
5	500.0	497.12	471.2	500.0	8.880720417217145
5	500.0	490.36	441.4	500.0	8.906123717657687
5	493.6	458.84000000000003	237.6	500.0	8.90289145646669
5	500.0	489.16	462.4	500.0	8.855660917838811
5	487.9	450.7	277.0	500.0	8.847706845857516
5	500.0	473.7	419.8	500.0	8.850311013124653
5	500.0	491.5	447.6	500.0	8.828785530038163
5	500.0	486.9599999999999	423.2	500.0	8.824203395040668
5	499.6	482.84	450.4	500.0	8.827587434322863
5	500.0	487.12	455.0	500.0	8.808957957300159
5	489.4	479.43999999999994	438.4	500.0	8.821152046360693
5	500.0	486.16	422.6	500.0	8.82384815096988
5	500.0	496.0	478.6	500.0	8.820386127690293
5	500.0	478.85999999999996	429.6	500.0	8.818797226745513
5	500.0	463.56000000000006	283.4	500.0	8.826893248020589
5	500.0	496.1	473.2	500.0	8.822034268269153
5	500.0	492.9	430.2	500.0	8.816624939380015
5	500.0	484.96000000000004	414.8	500.0	8.829417050188363
5	500.0	498.2	482.0	500.0	8.827949534115128
5	500.0	478.14	384.0	500.0	8.820126428000457
5	500.0	486.08000000000004	430.0	500.0	8.85666453871106
5	500.0	483.6	422.4	500.0	8.86020832066804
5	500.0	484.58000000000004	400.2	500.0	8.85034662130715
5	500.0	494.14	465.4	500.0	8.837614780126279
5	500.0	487.62	444.0	500.0	8.858201818913894
5	497.2	472.3	309.6	500.0	8.866940545603173
5	497.4	486.0	456.2	500.0	8.852442763233682
5	500.0	495.53999999999996	476.0	500.0	8.856037779881383
5	500.0	496.1	473.2	500.0	8.856163097766059
5	500.0	487.21999999999997	425.0	500.0	8.847840773263117
5	488.0	460.64	314.4	500.0	8.861231290530288
5	500.0	488.5	430.6	500.0	8.838804341026982
5	462.0	465.71999999999997	416.4	500.0	8.841494098273389
5	497.7	480.84000000000003	417.6	500.0	8.83376227419589
5	473.20000000000005	451.7	254.6	500.0	8.818791663544582
5	450.7	453.78000000000003	393.8	500.0	8.793650079246115
5	494.4	487.84	455.6	500.0	8.798609613496254
5	491.4	460.91999999999996	342.6	500.0	8.799322109572866
5	480.0	470.98	397.6	500.0	8.791912581040883
5	500.0	469.18	344.0	500.0	8.812927434817592
5	500.0	479.52	415.8	500.0	8.836722069695778
5	500.0	488.03999999999996	416.0	500.0	8.82299730874976
5	500.0	486.82	438.6	500.0	8.81410967841211
5	500.0	497.43999999999994	474.4	500.0	8.836258654583816
5	499.4	480.76000000000005	428.8	500.0	8.846382159136487
5	500.0	484.58000000000004	420.8	500.0	8.835755614143926
5	500.0	486.64	411.8	500.0	8.804502334139734
5	500.0	484.8	427.0	500.0	8.80166339489066
5	500.0	500.0	500.0	500.0	8.807901460717263
5	500.0	498.28000000000003	482.8	500.0	8.807901460717263
5	500.0	487.1	442.6	500.0	8.80001568432443
5	500.0	487.68	432.0	500.0	8.78789614053605
5	500.0	495.52	455.2	500.0	8.782077411663552
5	500.0	493.8	441.2	500.0	8.795493441839927
5	498.6	478.52	407.8	500.0	8.819078398343375
5	500.0	489.52	441.8	500.0	8.84055105402915
5	492.9	478.56000000000006	426.0	500.0	8.848725125285279
5	487.1	468.62	372.2	500.0	8.836188471720849
5	500.0	488.4	423.2	500.0	8.84270797003266
5	472.3	470.3	417.2	500.0	8.833925479132894
5	500.0	489.82	413.2	500.0	8.838879083934193
5	500.0	489.91999999999996	449.8	500.0	8.849257091828584
5	500.0	493.76000000000005	476.4	500.0	8.841638521611255
5	500.0	496.16	479.8	500.0	8.82555089716223
5	498.1	462.26000000000005	322.2	500.0	8.794328764355988
5	500.0	482.52	408.0	500.0	8.82664330589349
5	500.0	488.8	456.2	500.0	8.839949631128645
5	500.0	467.0	331.0	500.0	8.860161461583038
5	500.0	491.7	458.2	500.0	8.84257664105528
5	500.0	498.5	485.0	500.0	8.832287269911511
5	480.29999999999995	473.38	422.6	500.0	8.852837768483942
5	500.0	473.98	340.4	500.0	8.856709104504418
5	500.0	492.3	438.0	500.0	8.871571424829577
5	500.0	486.9	415.2	500.0	8.869627850144738
5	500.0	494.02	440.2	500.0	8.888641207726273
5	500.0	490.28000000000003	402.8	500.0	8.894054451005976
5	500.0	499.08000000000004	490.8	500.0	8.898059703785549
5	500.0	498.34	491.6	500.0	8.896688285868565
5	500.0	475.8	268.4	500.0	8.908713553889095
5	500.0	478.62	409.8	500.0	8.87204409975809
5	500.0	500.0	500.0	500.0	8.886949784833519
5	500.0	482.3	376.8	500.0	8.886949784833519
5	500.0	490.32	427.6	500.0	8.886659322090265
5	500.0	500.0	500.0	500.0	8.87063413077001
5	500.0	497.52	475.2	500.0	8.87063413077001
5	500.0	498.06000000000006	480.6	500.0	8.87094046751697
5	500.0	491.58000000000004	423.8	500.0	8.859796996234682
5	500.0	495.14	451.4	500.0	8.856981193086147
5	500.0	499.88	498.8	500.0	8.856458233759612
5	500.0	500.0	500.0	500.0	8.862402736224427
5	500.0	500.0	500.0	500.0	8.862402736224427
5	500.0	500.0	500.0	500.0	8.862402736224427
5	500.0	500.0	500.0	500.0	8.862402736224427
5	500.0	500.0	500.0	500.0	8.862402736224427
5	500.0	483.5799999999999	441.6	500.0	8.862402736224427
5	500.0	497.12	475.0	500.0	8.866348454984477
5	500.0	498.86	488.6	500.0	8.86873574958943
5	500.0	493.26000000000005	439.6	500.0	8.867601200450943
5	500.0	496.14	461.4	500.0	8.864610390335221
5	500.0	495.43999999999994	461.6	500.0	8.835893587524705
5	500.0	500.0	500.0	500.0	8.807685037552353
5	500.0	490.23999999999995	402.4	500.0	8.807685037552353
5	500.0	496.71999999999997	467.2	500.0	8.825074536187516
5	500.0	496.14	461.4	500.0	8.811498685501034
5	500.0	476.8	289.4	500.0	8.81720799805537
5	500.0	490.3	403.0	500.0	8.797404536247168
5	500.0	497.6	476.0	500.0	8.808977726800647
5	500.0	490.52	405.2	500.0	8.79488188394726
5	500.0	493.38	433.8	500.0	8.790682922591989
5	500.0	496.5	465.0	500.0	8.792211733654796
5	500.0	496.52	480.4	500.0	8.796187347486104
5	500.0	500.0	500.0	500.0	8.80473510951636
5	500.0	479.08000000000004	406.8	500.0	8.80473510951636
5	500.0	496.06000000000006	477.6	500.0	8.786425600870444
5	500.0	497.23999999999995	481.2	500.0	8.784503357070818
5	500.0	480.7	402.6	500.0	8.76489763247222
5	500.0	492.38	423.8	500.0	8.747384989513675
5	500.0	482.9	402.2	500.0	8.768198350169015
5	500.0	496.56000000000006	465.6	500.0	8.755673766044412
5	500.0	500.0	500.0	500.0	8.76635548761225
5	500.0	488.48	428.4	500.0	8.76635548761225
5	500.0	500.0	500.0	500.0	8.788677577065371
5	500.0	493.06000000000006	430.6	500.0	8.788677577065371
5	500.0	498.6	486.0	500.0	8.813494319373184
5	500.0	497.71999999999997	477.2	500.0	8.811226262609798
5	500.0	497.48	474.8	500.0	8.811165854651815
5	500.0	500.0	500.0	500.0	8.81195056309516
5	500.0	500.0	500.0	500.0	8.81195056309516
5	500.0	494.6	446.0	500.0	8.81195056309516
5	500.0	497.18	471.8	500.0	8.784071417621782
5	500.0	500.0	500.0	500.0	8.799095766602122
5	500.0	500.0	500.0	500.0	8.799095766602122
5	500.0	496.9	469.0	500.0	8.799095766602122
5	500.0	490.35999999999996	409.4	500.0	8.797245604781224
5	500.0	500.0	500.0	500.0	8.814477511723112
5	500.0	500.0	500.0	500.0	8.814477511723112
5	500.0	499.21999999999997	492.2	500.0	8.814477511723112
5	500.0	493.14000000000004	437.6	500.0	8.798865635434277
5	500.0	500.0	500.0	500.0	8.821855426627508
5	500.0	500.0	500.0	500.0	8.821855426627508
5	500.0	499.96000000000004	499.6	500.0	8.821855426627508
5	500.0	500.0	500.0	500.0	8.795084154035193
5	500.0	500.0	500.0	500.0	8.795084154035193
5	500.0	500.0	500.0	500.0	8.795084154035193
5	500.0	500.0	500.0	500.0	8.795084154035193
5	500.0	500.0	500.0	500.0	8.795084154035193
5	500.0	500.0	500.0	500.0	8.795084154035193
5	500.0	482.2	410.4	500.0	8.795084154035193
5	500.0	499.76000000000005	497.6	500.0	8.807464790162417
5	500.0	500.0	500.0	500.0	8.775903871229955
5	500.0	500.0	500.0	500.0	8.775903871229955
