	500.0
	500.0
	500.0
	500.0
	500.0
	500.0
	500.0
	500.0
	352.0
	497.0
	500.0
	500.0
	500.0
	500.0
	500.0
	500.0
	500.0
	500.0
	500.0
	500.0
	500.0
	500.0
	500.0
	264.0
	500.0
	500.0
	500.0
	500.0
	500.0
	500.0
	119.0
	500.0
	500.0
	500.0
	135.0
	500.0
	471.0
	500.0
	500.0
	500.0
	500.0
	500.0
	500.0
	500.0
	462.0
	500.0
	500.0
	500.0
	500.0
	500.0
	500.0
	500.0
	500.0
	500.0
	500.0
	500.0
	500.0
	500.0
	500.0
	500.0
	500.0
	500.0
	500.0
	500.0
	500.0
	500.0
	500.0
	500.0
	500.0
	500.0
	500.0
	500.0
	500.0
	389.0
	500.0
	261.0
	500.0
	500.0
	500.0
	262.0
	500.0
	188.0
	500.0
	500.0
	500.0
	500.0
	500.0
	500.0
	500.0
	500.0
	254.0
	500.0
	500.0
	500.0
	371.0
	500.0
	500.0
	500.0
	500.0
	500.0
	195.0
	189.0
	500.0
	500.0
	500.0
	435.0
	500.0
	500.0
	500.0
	424.0
	500.0
	500.0
	500.0
	500.0
	340.0
	359.0
	336.0
	500.0
	500.0
	500.0
	500.0
	500.0
	500.0
	500.0
	500.0
	500.0
	500.0
	500.0
	500.0
	500.0
	500.0
	107.0
	166.0
	500.0
	384.0
	500.0
	500.0
	500.0
	500.0
	500.0
	500.0
	500.0
	500.0
	500.0
	500.0
	500.0
	500.0
	500.0
	300.0
	500.0
	500.0
	500.0
	500.0
	500.0
	500.0
	500.0
	500.0
	500.0
	500.0
	500.0
	438.0
	500.0
	500.0
	500.0
	500.0
	500.0
	500.0
	500.0
	500.0
	500.0
	500.0
	500.0
	500.0
	485.0
	500.0
	500.0
	500.0
	500.0
	500.0
	500.0
	500.0
	500.0
	344.0
	500.0
	500.0
	500.0
	500.0
	208.0
	500.0
	500.0
	500.0
	500.0
	464.0
	500.0
	500.0
	500.0
	500.0
	500.0
	500.0
	500.0
	450.0
	500.0
	500.0
	500.0
	500.0
	500.0
	500.0
	456.0
	500.0
	500.0
	500.0
	84.0
	500.0
	500.0
	500.0
	500.0
	500.0
	500.0
	500.0
	500.0
	206.0
	500.0
	500.0
	500.0
	500.0
	500.0
	500.0
	500.0
	500.0
	500.0
	500.0
	500.0
	500.0
	500.0
	500.0
	500.0
	500.0
	500.0
	500.0
	418.0
	500.0
	500.0
	500.0
	500.0
	500.0
	500.0
	500.0
	500.0
	500.0
	500.0
	500.0
	500.0
	500.0
	500.0
	500.0
	500.0
	500.0
	297.0
	303.0
	500.0
	500.0
	500.0
	500.0
	379.0
	500.0
	500.0
	500.0
	500.0
	500.0
	500.0
	500.0
	500.0
	500.0
	500.0
	500.0
	500.0
	500.0
	500.0
	500.0
	500.0
	500.0
	296.0
	327.0
	500.0
	500.0
	500.0
	500.0
	500.0
	500.0
	500.0
	495.0
	500.0
	72.0
	500.0
	500.0
	500.0
	500.0
	500.0
	500.0
	500.0
	500.0
	500.0
	500.0
	500.0
	362.0
	500.0
	500.0
	158.0
	273.0
	500.0
	500.0
	500.0
	500.0
	500.0
	500.0
	500.0
	500.0
	500.0
	500.0
	500.0
	500.0
	500.0
	500.0
	500.0
	500.0
	500.0
	500.0
	500.0
	500.0
	500.0
	500.0
	500.0
	500.0
	500.0
	500.0
	500.0
	500.0
	500.0
	500.0
	500.0
	500.0
	500.0
	500.0
	500.0
	500.0
	500.0
	500.0
	485.0
	500.0
	120.0
	500.0
	500.0
	500.0
	500.0
	500.0
	500.0
	500.0
	500.0
	500.0
	500.0
	464.0
	500.0
	500.0
	500.0
	500.0
	500.0
	500.0
	500.0
	500.0
	500.0
	500.0
	326.0
	500.0
	500.0
	500.0
	500.0
	500.0
	500.0
	500.0
	499.0
	500.0
	500.0
	237.0
	418.0
	210.0
	182.0
	366.0
	500.0
	500.0
	500.0
	500.0
	500.0
	407.0
	500.0
	367.0
	500.0
	500.0
	500.0
	208.0
	500.0
	500.0
	500.0
	500.0
	500.0
	500.0
	500.0
	375.0
	500.0
	500.0
	500.0
	500.0
	500.0
	500.0
	500.0
	500.0
	337.0
	500.0
	500.0
	500.0
	500.0
	166.0
	500.0
	500.0
	412.0
	500.0
	500.0
	500.0
	500.0
	500.0
	500.0
	500.0
	500.0
	500.0
	500.0
	500.0
	255.0
	500.0
	500.0
	289.0
	500.0
	500.0
	415.0
	500.0
	500.0
	500.0
	500.0
	500.0
	500.0
	118.0
	500.0
	500.0
	500.0
	500.0
	500.0
	172.0
	500.0
	500.0
	500.0
	500.0
	500.0
	500.0
	500.0
	500.0
	500.0
	500.0
	500.0
	500.0
	294.0
	500.0
	500.0
	500.0
	500.0
	500.0
	500.0
	500.0
	500.0
	500.0
	500.0
	473.0
	500.0
	500.0
	500.0
	500.0
	500.0
	500.0
	500.0
	168.0
	500.0
	323.0
	500.0
	455.0
	500.0
	500.0
	491.0
	208.0
	500.0
	500.0
	500.0
	90.0
	500.0
	270.0
	500.0
	500.0
	500.0
	500.0
	500.0
	500.0
	500.0
	500.0
	500.0
	500.0
	500.0
	500.0
	500.0
	500.0
	500.0
	500.0
	83.0
	500.0
	500.0
	500.0
	500.0
	500.0
	500.0
	430.0
	500.0
	500.0
	500.0
	500.0
	500.0
	500.0
	500.0
	500.0
	500.0
	500.0
	500.0
	500.0
	500.0
	500.0
	500.0
	500.0
	500.0
	500.0
	500.0
	500.0
	99.0
	500.0
	500.0
	500.0
	191.0
	500.0
	500.0
	500.0
	500.0
	500.0
	500.0
	500.0
	500.0
	500.0
	500.0
	500.0
	500.0
	500.0
	500.0
	500.0
	500.0
	500.0
	500.0
	500.0
	500.0
	500.0
	500.0
	500.0
	500.0
	455.0
	403.0
	343.0
	500.0
	500.0
	174.0
	500.0
	500.0
	500.0
	500.0
	500.0
	500.0
	500.0
	500.0
	500.0
	500.0
	500.0
	500.0
	500.0
	500.0
	500.0
	500.0
	500.0
	500.0
	500.0
	500.0
	500.0
	500.0
	500.0
	500.0
	500.0
	500.0
	500.0
	500.0
	500.0
	500.0
	500.0
	500.0
	500.0
	500.0
	500.0
	500.0
	500.0
	500.0
	500.0
	500.0
	500.0
	500.0
	500.0
	500.0
	500.0
	500.0
	500.0
	500.0
	500.0
	500.0
	500.0
	500.0
	500.0
	500.0
	500.0
	500.0
	500.0
	500.0
	500.0
	444.0
	500.0
	500.0
	492.0
	500.0
	500.0
	500.0
	500.0
	500.0
	500.0
	500.0
	500.0
	500.0
	500.0
	500.0
	500.0
	500.0
	500.0
	500.0
	500.0
	500.0
	500.0
	500.0
	500.0
	500.0
	500.0
	500.0
	500.0
	500.0
	500.0
	500.0
	500.0
	500.0
	500.0
	500.0
	500.0
	500.0
	500.0
	500.0
	500.0
	414.0
	500.0
	500.0
	500.0
	500.0
	355.0
	500.0
	500.0
	500.0
	500.0
	500.0
	378.0
	500.0
	500.0
	500.0
	500.0
	500.0
	500.0
	500.0
	500.0
	500.0
	450.0
	500.0
	500.0
	500.0
	500.0
	500.0
	500.0
	500.0
	419.0
	500.0
	500.0
	500.0
	500.0
	500.0
	500.0
	500.0
	500.0
	448.0
	500.0
	500.0
	500.0
	500.0
	500.0
	500.0
	500.0
	500.0
	500.0
	500.0
	500.0
	500.0
	500.0
	500.0
	500.0
	500.0
	500.0
	500.0
	348.0
	500.0
	500.0
	500.0
	189.0
	500.0
	492.0
	500.0
	500.0
	500.0
	500.0
	500.0
	500.0
	500.0
	500.0
	500.0
	500.0
	500.0
	483.0
	500.0
	500.0
	500.0
	500.0
	500.0
	500.0
	500.0
	500.0
	500.0
	500.0
	500.0
	500.0
	500.0
	297.0
	500.0
	500.0
	500.0
	500.0
	500.0
	500.0
	191.0
	500.0
	500.0
	252.0
	500.0
	500.0
	500.0
	500.0
	500.0
	500.0
	500.0
	500.0
	500.0
	500.0
	500.0
	500.0
	500.0
	500.0
	500.0
	500.0
	500.0
	500.0
	500.0
	500.0
	500.0
	500.0
	500.0
	500.0
	458.0
	500.0
	500.0
	500.0
	500.0
	500.0
	500.0
	500.0
	500.0
	500.0
	500.0
	500.0
	500.0
	481.0
	500.0
	500.0
	500.0
	500.0
	500.0
	500.0
	500.0
	500.0
	233.0
	500.0
	500.0
	96.0
	500.0
	500.0
	500.0
	500.0
	500.0
	500.0
	500.0
	500.0
	500.0
	500.0
	500.0
	500.0
	500.0
	500.0
	500.0
	500.0
	500.0
	500.0
	500.0
	500.0
	500.0
	500.0
	500.0
	500.0
	500.0
	500.0
	500.0
	500.0
	500.0
	500.0
	500.0
	404.0
	500.0
	500.0
	500.0
	500.0
	500.0
	500.0
	500.0
	500.0
	500.0
	500.0
	500.0
	500.0
	500.0
	500.0
	500.0
	500.0
	500.0
	500.0
	311.0
	500.0
	500.0
	500.0
	500.0
	500.0
	500.0
	500.0
	500.0
	500.0
	500.0
	500.0
	500.0
	500.0
	500.0
	500.0
	500.0
	500.0
	500.0
	500.0
	500.0
	500.0
	500.0
	500.0
	500.0
	500.0
	500.0
	500.0
	500.0
	500.0
	500.0
	500.0
	500.0
	500.0
	500.0
	500.0
	500.0
	500.0
	500.0
	500.0
	500.0
	500.0
	500.0
	500.0
	500.0
	500.0
	500.0
	500.0
	500.0
	500.0
	500.0
	500.0
	500.0
	500.0
	500.0
	500.0
	500.0
	500.0
	500.0
	500.0
	500.0
	500.0
	500.0
	500.0
	500.0
	500.0
	500.0
	500.0
	500.0
	500.0
	500.0
	500.0
	500.0
	500.0
	500.0
	500.0
	500.0
	500.0
	500.0
	500.0
	500.0
	500.0
	500.0
	500.0
	500.0
	500.0
	397.0
	500.0
	500.0
	500.0
	500.0
	500.0
	500.0
	500.0
	500.0
	500.0
	500.0
	500.0
	367.0
	500.0
	500.0
	500.0
	253.0
	500.0
	358.0
	500.0
	500.0
	500.0
	365.0
	500.0
	500.0
	500.0
	412.0
	500.0
	500.0
	500.0
	500.0
	500.0
	500.0
	500.0
	500.0
	500.0
	500.0
	500.0
	500.0
	500.0
	500.0
	500.0
	500.0
	500.0
	500.0
	500.0
	500.0
	500.0
	500.0
	500.0
	500.0
	500.0
	500.0
	202.0
	500.0
	464.0
	500.0
	500.0
	500.0
	500.0
	500.0
	500.0
	500.0
	500.0
	500.0
	500.0
	500.0
	500.0
	500.0
	500.0
	500.0
	500.0
	135.0
	500.0
	500.0
	500.0
	500.0
	500.0
	307.0
	500.0
	191.0
	500.0
	500.0
	500.0
	500.0
	500.0
	500.0
	500.0
	500.0
	500.0
	500.0
	500.0
	500.0
	500.0
	500.0
	500.0
	500.0
	500.0
	500.0
	500.0
	500.0
	500.0
	500.0
	500.0
	500.0
	500.0
	500.0
	500.0
	500.0
	500.0
	500.0
	500.0
	500.0
	500.0
	500.0
	160.0
	500.0
	500.0
	500.0
	500.0
	500.0
	500.0
	500.0
	500.0
	500.0
	500.0
	500.0
	500.0
	500.0
	500.0
	500.0
	500.0
	500.0
	500.0
	500.0
	500.0
	500.0
	500.0
	500.0
	500.0
	500.0
	500.0
	500.0
	108.0
	340.0
	42.0
	500.0
	500.0
	500.0
	500.0
	500.0
	500.0
	500.0
	500.0
	500.0
	500.0
	500.0
	500.0
	500.0
	432.0
	500.0
	500.0
	500.0
	500.0
	500.0
	500.0
	500.0
	500.0
	500.0
	500.0
	500.0
	500.0
	500.0
	500.0
	500.0
	500.0
	500.0
	500.0
	500.0
	500.0
	500.0
	500.0
	500.0
	500.0
	500.0
	500.0
	500.0
	500.0
	500.0
	500.0
	500.0
	500.0
	500.0
	500.0
	500.0
	500.0
	500.0
	500.0
	500.0
	500.0
	500.0
	500.0
	500.0
	500.0
	500.0
	500.0
	500.0
	500.0
	500.0
	500.0
	500.0
	500.0
	438.0
	500.0
	363.0
	500.0
	500.0
	500.0
	500.0
	500.0
	500.0
	500.0
	500.0
	500.0
	500.0
	500.0
	500.0
	500.0
	500.0
	500.0
	500.0
	500.0
	500.0
	268.0
	500.0
	500.0
	415.0
	186.0
	500.0
	500.0
	500.0
	500.0
	500.0
	500.0
	500.0
	500.0
	500.0
	500.0
	500.0
	500.0
	500.0
	500.0
	500.0
	500.0
	500.0
	500.0
	500.0
	500.0
	500.0
	500.0
	500.0
	500.0
	500.0
	119.0
	500.0
	500.0
	500.0
	500.0
	500.0
	500.0
	500.0
	500.0
	500.0
	500.0
	500.0
	500.0
	500.0
	500.0
	500.0
	500.0
	500.0
	500.0
	500.0
	500.0
	500.0
	500.0
	500.0
	500.0
	500.0
	500.0
	500.0
	500.0
	500.0
	500.0
	500.0
	500.0
	381.0
	500.0
	500.0
	500.0
	500.0
	500.0
	500.0
	500.0
	500.0
	500.0
	500.0
	500.0
	500.0
	500.0
	500.0
	453.0
	500.0
	500.0
	500.0
	500.0
	500.0
	500.0
	500.0
	145.0
	183.0
	500.0
	500.0
	500.0
	500.0
	500.0
	500.0
	500.0
	500.0
	500.0
	500.0
	500.0
	500.0
	500.0
	500.0
	500.0
	500.0
	500.0
	500.0
	500.0
	500.0
	500.0
	500.0
	500.0
	500.0
	500.0
	500.0
	500.0
	500.0
	500.0
	500.0
	500.0
	500.0
	500.0
	500.0
	500.0
	500.0
	500.0
	500.0
	500.0
	500.0
	500.0
	500.0
	500.0
	500.0
	500.0
	500.0
	500.0
	500.0
	500.0
	500.0
	500.0
	500.0
	500.0
	500.0
	500.0
	500.0
	500.0
	500.0
	500.0
	500.0
	500.0
	500.0
	500.0
	500.0
	500.0
	500.0
	414.0
	500.0
	500.0
	500.0
	500.0
	500.0
	500.0
	500.0
	500.0
	500.0
	500.0
	500.0
	500.0
	500.0
	500.0
	500.0
	500.0
	500.0
	500.0
	500.0
	500.0
	500.0
	500.0
	500.0
	500.0
	500.0
	500.0
	500.0
	500.0
	500.0
	500.0
	500.0
	500.0
	500.0
	372.0
	500.0
	500.0
	500.0
	409.0
	500.0
	500.0
	500.0
	132.0
	455.0
	500.0
	500.0
	500.0
	500.0
	500.0
	500.0
	500.0
	500.0
	500.0
	500.0
	500.0
	500.0
	500.0
	500.0
	500.0
	500.0
	500.0
	500.0
	500.0
	500.0
	500.0
	369.0
	500.0
	500.0
	500.0
	500.0
	500.0
	500.0
	459.0
	500.0
	500.0
	500.0
	500.0
	500.0
	500.0
	500.0
	500.0
	500.0
	500.0
	500.0
	500.0
	500.0
	500.0
	500.0
	500.0
	500.0
	500.0
	500.0
	500.0
	500.0
	500.0
	500.0
	500.0
	500.0
	500.0
	500.0
	500.0
	478.0
	500.0
	500.0
	66.0
	500.0
	500.0
	500.0
	500.0
	500.0
	500.0
	500.0
	500.0
	500.0
	500.0
	500.0
	500.0
	500.0
	500.0
	500.0
	500.0
	500.0
	500.0
	500.0
	500.0
	500.0
	500.0
	500.0
	500.0
	500.0
	500.0
	500.0
	500.0
	500.0
	500.0
	500.0
	500.0
	500.0
	500.0
	500.0
	500.0
	500.0
	500.0
	500.0
	500.0
	500.0
	500.0
	500.0
	500.0
	500.0
	500.0
	500.0
	500.0
	156.0
	500.0
	500.0
	500.0
	500.0
	500.0
	500.0
	500.0
	500.0
	500.0
	110.0
	500.0
	500.0
	500.0
	500.0
	500.0
	500.0
	500.0
	500.0
	500.0
	500.0
	500.0
	500.0
	500.0
	500.0
	500.0
	500.0
	500.0
	500.0
	442.0
	500.0
	500.0
	500.0
	500.0
	500.0
	283.0
	500.0
	500.0
	500.0
	185.0
	470.0
	500.0
	500.0
	500.0
	500.0
	459.0
	500.0
	500.0
	500.0
	277.0
	500.0
	500.0
	500.0
	500.0
	500.0
	500.0
	500.0
	500.0
	500.0
	500.0
	500.0
	500.0
	500.0
	500.0
	500.0
	500.0
	500.0
	500.0
	500.0
	500.0
	500.0
	500.0
	500.0
	500.0
	500.0
	500.0
	500.0
	465.0
	500.0
	500.0
	500.0
	500.0
	500.0
	500.0
	500.0
	500.0
	272.0
	500.0
	500.0
	500.0
	500.0
	500.0
	500.0
	500.0
	500.0
	500.0
	500.0
	500.0
	500.0
	500.0
	500.0
	500.0
	500.0
	500.0
	500.0
	500.0
	500.0
	500.0
	500.0
	500.0
	500.0
	32.0
	476.0
	500.0
	500.0
	500.0
	500.0
	500.0
	500.0
	500.0
	500.0
	393.0
	500.0
	500.0
	500.0
	500.0
	500.0
	500.0
	500.0
	500.0
	432.0
	500.0
	281.0
	500.0
	500.0
	500.0
	500.0
	500.0
	500.0
	500.0
	500.0
	500.0
	390.0
	500.0
	500.0
	500.0
	500.0
	500.0
	500.0
	372.0
	388.0
	500.0
	500.0
	500.0
	500.0
	401.0
	357.0
	408.0
	500.0
	477.0
	500.0
	500.0
	500.0
	500.0
	500.0
	500.0
	500.0
	500.0
	500.0
	500.0
	500.0
	500.0
	500.0
	500.0
	500.0
	500.0
	500.0
	500.0
	500.0
	500.0
	500.0
	206.0
	500.0
	500.0
	500.0
	500.0
	500.0
	500.0
	500.0
	500.0
	500.0
	500.0
	500.0
	500.0
	500.0
	500.0
	500.0
	500.0
	500.0
	500.0
	500.0
	500.0
	500.0
	500.0
	500.0
	500.0
	500.0
	500.0
	500.0
	500.0
	500.0
	500.0
	500.0
	500.0
	500.0
	500.0
	500.0
	500.0
	500.0
	500.0
	500.0
	500.0
	500.0
	15.0
	500.0
	500.0
	500.0
	500.0
	500.0
	500.0
	500.0
	500.0
	500.0
	500.0
	500.0
	500.0
	500.0
	451.0
	500.0
	500.0
	367.0
	500.0
	500.0
	500.0
	500.0
	500.0
	500.0
	500.0
	500.0
	171.0
	500.0
	500.0
	500.0
	500.0
	500.0
	500.0
	500.0
	500.0
	500.0
	500.0
	500.0
	135.0
	500.0
	500.0
	500.0
	500.0
	500.0
	500.0
	500.0
	500.0
	500.0
	500.0
	500.0
	500.0
	500.0
	103.0
	500.0
	500.0
	500.0
	137.0
	500.0
	428.0
	500.0
	500.0
	500.0
	500.0
	500.0
	500.0
	500.0
	500.0
	500.0
	500.0
	500.0
	500.0
	500.0
	500.0
	500.0
	500.0
	500.0
	500.0
	500.0
	500.0
	500.0
	500.0
	500.0
	500.0
	500.0
	500.0
	500.0
	500.0
	214.0
	500.0
	500.0
	500.0
	500.0
	500.0
	500.0
	500.0
	500.0
	500.0
	349.0
	500.0
	500.0
	500.0
	366.0
	500.0
	500.0
	250.0
	500.0
	500.0
	500.0
	500.0
	500.0
	500.0
	500.0
	500.0
	500.0
	500.0
	500.0
	500.0
	500.0
	500.0
	500.0
	500.0
	362.0
	500.0
	500.0
	500.0
	500.0
	500.0
	500.0
	321.0
	500.0
	500.0
	381.0
	500.0
	500.0
	500.0
	500.0
	500.0
	500.0
	500.0
	500.0
	500.0
	500.0
	500.0
	500.0
	500.0
	500.0
	500.0
	500.0
	500.0
	500.0
	500.0
	500.0
	500.0
	500.0
	500.0
	500.0
	500.0
	500.0
	500.0
	500.0
	500.0
	500.0
	500.0
	500.0
	500.0
	500.0
	500.0
	500.0
	500.0
	500.0
	500.0
	500.0
	500.0
	500.0
	500.0
	500.0
	185.0
	108.0
	345.0
	500.0
	500.0
	500.0
	118.0
	333.0
	190.0
	500.0
	500.0
	500.0
	500.0
	500.0
	500.0
	500.0
	500.0
	292.0
	500.0
	500.0
	500.0
	500.0
	500.0
	500.0
	500.0
	500.0
	500.0
	500.0
	500.0
	500.0
	500.0
	500.0
	500.0
	500.0
	369.0
	500.0
	500.0
	500.0
	500.0
	500.0
	500.0
	500.0
	500.0
	500.0
	500.0
	500.0
	500.0
	500.0
	500.0
	500.0
	500.0
	500.0
	500.0
	500.0
	500.0
	500.0
	500.0
	500.0
	500.0
	500.0
	500.0
	500.0
	500.0
	500.0
	500.0
	500.0
	500.0
	500.0
	500.0
	500.0
	500.0
	500.0
	500.0
	500.0
	500.0
	500.0
	500.0
	500.0
	500.0
	500.0
	500.0
	500.0
	500.0
	500.0
	500.0
	500.0
	500.0
	500.0
	500.0
	500.0
	500.0
	500.0
	500.0
	500.0
	500.0
	500.0
	500.0
	500.0
	500.0
	500.0
	500.0
	500.0
	500.0
	500.0
	500.0
	500.0
	500.0
	500.0
	500.0
	500.0
	500.0
	500.0
	500.0
	500.0
	500.0
	500.0
	500.0
	500.0
	500.0
	500.0
	500.0
	500.0
	500.0
	500.0
	500.0
	500.0
	438.0
	500.0
	500.0
	500.0
	500.0
	500.0
	500.0
	500.0
	500.0
	500.0
	500.0
	500.0
	500.0
	500.0
	500.0
	500.0
	500.0
	500.0
	500.0
	500.0
	500.0
	500.0
	327.0
	500.0
	500.0
	500.0
	500.0
	500.0
	500.0
	500.0
	500.0
	500.0
	500.0
	500.0
	500.0
	500.0
	500.0
	500.0
	500.0
	500.0
	500.0
	500.0
	500.0
	500.0
	500.0
	500.0
	500.0
	272.0
	329.0
	201.0
	500.0
	500.0
	500.0
	446.0
	500.0
	500.0
	500.0
	500.0
	500.0
	500.0
	500.0
	500.0
	500.0
	500.0
	500.0
	500.0
	500.0
	500.0
	500.0
	500.0
	500.0
	316.0
	407.0
	500.0
	500.0
	334.0
	500.0
	500.0
	500.0
	500.0
	500.0
	500.0
	500.0
	500.0
	500.0
	500.0
	500.0
	500.0
	500.0
	500.0
	500.0
	500.0
	500.0
	500.0
	500.0
	500.0
	500.0
	500.0
	500.0
	500.0
	500.0
	500.0
	500.0
	500.0
	500.0
	500.0
	500.0
	500.0
	500.0
	500.0
	500.0
	500.0
	500.0
	500.0
	500.0
	500.0
	500.0
	500.0
	283.0
	500.0
	444.0
	500.0
	500.0
	500.0
	500.0
	500.0
	500.0
	500.0
	500.0
	500.0
	500.0
	500.0
	500.0
	500.0
	500.0
	500.0
	500.0
	500.0
	500.0
	500.0
	500.0
	500.0
	500.0
	142.0
	147.0
	500.0
	500.0
	500.0
	500.0
	500.0
	500.0
	500.0
	500.0
	500.0
	500.0
	500.0
	500.0
	500.0
	500.0
	500.0
	500.0
	500.0
	500.0
	500.0
	500.0
	465.0
	500.0
	500.0
	500.0
	500.0
	500.0
	340.0
	500.0
	500.0
	500.0
	500.0
	164.0
	500.0
	500.0
	500.0
	500.0
	500.0
	500.0
	500.0
	500.0
	500.0
	500.0
	500.0
	500.0
	500.0
	500.0
	500.0
	500.0
	500.0
	500.0
	500.0
	500.0
	500.0
	500.0
	500.0
	500.0
	500.0
	500.0
	500.0
	500.0
	500.0
	500.0
	500.0
	500.0
	47.0
	500.0
	500.0
	500.0
	500.0
	373.0
	372.0
	500.0
	500.0
	500.0
	500.0
	500.0
	500.0
	500.0
	500.0
	500.0
	500.0
	500.0
	500.0
	500.0
	500.0
	500.0
	500.0
	500.0
	500.0
	500.0
	500.0
	500.0
	500.0
	500.0
	500.0
	500.0
	500.0
	500.0
	500.0
	500.0
	500.0
	500.0
	500.0
	345.0
	500.0
	115.0
	500.0
	500.0
	500.0
	500.0
	500.0
	500.0
	500.0
	500.0
	500.0
	500.0
	442.0
	500.0
	500.0
	500.0
	500.0
	500.0
	500.0
	500.0
	500.0
	500.0
	500.0
	500.0
	500.0
	500.0
	500.0
	188.0
	500.0
	332.0
	500.0
	500.0
	500.0
	500.0
	391.0
	246.0
	500.0
	500.0
	500.0
	500.0
	500.0
	500.0
	500.0
	500.0
	500.0
	500.0
	443.0
	500.0
	500.0
	500.0
	500.0
	500.0
	500.0
	500.0
	500.0
	500.0
	500.0
	500.0
	500.0
	500.0
	500.0
	500.0
	500.0
	500.0
	500.0
	500.0
	500.0
	434.0
	500.0
	500.0
	500.0
	467.0
	339.0
	500.0
	500.0
	500.0
	500.0
	500.0
	500.0
	500.0
	500.0
	500.0
	500.0
	500.0
	500.0
	500.0
	500.0
	500.0
	500.0
	500.0
	316.0
	500.0
	500.0
	500.0
	500.0
	500.0
	500.0
	500.0
	500.0
	500.0
	500.0
	500.0
	500.0
	500.0
	500.0
	500.0
	500.0
	500.0
	500.0
	500.0
	500.0
	500.0
	500.0
	500.0
	500.0
	308.0
	500.0
	500.0
	500.0
	500.0
	500.0
	500.0
	500.0
	500.0
	500.0
	500.0
	500.0
	500.0
	500.0
	500.0
	500.0
	500.0
	500.0
	500.0
	500.0
	500.0
	500.0
	500.0
	500.0
	500.0
	500.0
	500.0
	500.0
	500.0
	500.0
	500.0
	500.0
	500.0
	500.0
	500.0
	500.0
	500.0
	500.0
	500.0
	500.0
	500.0
	500.0
	500.0
	500.0
	500.0
	500.0
	500.0
	500.0
	500.0
	179.0
	500.0
	500.0
	500.0
	500.0
	500.0
	500.0
	500.0
	500.0
	500.0
	500.0
	500.0
	500.0
	500.0
	500.0
	500.0
	500.0
	500.0
	500.0
	414.0
	117.0
	259.0
	500.0
	500.0
	500.0
	500.0
	500.0
	389.0
	500.0
	500.0
	500.0
	500.0
	500.0
	500.0
	500.0
	500.0
	500.0
	500.0
	500.0
	500.0
	500.0
	500.0
	500.0
	500.0
	111.0
	500.0
	500.0
	500.0
	500.0
	500.0
	500.0
	500.0
	500.0
	194.0
	408.0
	500.0
	500.0
	500.0
	500.0
	500.0
	500.0
	500.0
	500.0
	500.0
	500.0
	500.0
	500.0
	500.0
	500.0
	500.0
	352.0
	500.0
	500.0
	500.0
	500.0
	500.0
	500.0
	500.0
	500.0
	500.0
	433.0
	373.0
	500.0
	500.0
	500.0
	500.0
	500.0
	500.0
	500.0
	500.0
	500.0
	500.0
	500.0
	500.0
	500.0
	353.0
	500.0
	500.0
	500.0
	500.0
	500.0
	500.0
	500.0
	500.0
	500.0
	500.0
	500.0
	500.0
	500.0
	500.0
	500.0
	500.0
	500.0
	500.0
	500.0
	500.0
	500.0
	367.0
	500.0
	500.0
	500.0
	500.0
	500.0
	500.0
	500.0
	500.0
	407.0
	500.0
	500.0
	500.0
	500.0
	500.0
	500.0
	500.0
	500.0
	500.0
	500.0
	356.0
	205.0
	500.0
	500.0
	500.0
	376.0
	500.0
	500.0
	500.0
	500.0
	181.0
	500.0
	500.0
	500.0
	500.0
	500.0
	500.0
	500.0
	500.0
	500.0
	500.0
	500.0
	347.0
	500.0
	500.0
	500.0
	500.0
	398.0
	500.0
	500.0
	500.0
	500.0
	500.0
	500.0
	500.0
	147.0
	500.0
	263.0
	500.0
	500.0
	500.0
	500.0
	500.0
	500.0
	500.0
	500.0
	500.0
	500.0
	451.0
	500.0
	500.0
	500.0
	456.0
	500.0
	500.0
	476.0
	500.0
	500.0
	500.0
	500.0
	500.0
	500.0
	469.0
	318.0
	500.0
	500.0
	500.0
	500.0
	500.0
	500.0
	500.0
	500.0
	207.0
	500.0
	500.0
	500.0
	500.0
	500.0
	500.0
	500.0
	500.0
	500.0
	426.0
	500.0
	358.0
	500.0
	500.0
	500.0
	496.0
	500.0
	500.0
	500.0
	500.0
	500.0
	500.0
	500.0
	500.0
	500.0
	500.0
	500.0
	500.0
	500.0
	500.0
	500.0
	239.0
	500.0
	500.0
	500.0
	500.0
	500.0
	361.0
	500.0
	475.0
	500.0
	500.0
	500.0
	357.0
	500.0
	500.0
	500.0
	500.0
	500.0
	392.0
	500.0
	500.0
	500.0
	500.0
	500.0
	500.0
	500.0
	500.0
	500.0
	500.0
	500.0
	500.0
	467.0
	500.0
	500.0
	205.0
	265.0
	500.0
	323.0
	383.0
	500.0
	434.0
	500.0
	500.0
	500.0
	500.0
	500.0
	500.0
	500.0
	500.0
	500.0
	500.0
	500.0
	500.0
	218.0
	482.0
	500.0
	500.0
	500.0
	500.0
	500.0
	500.0
	164.0
	500.0
	426.0
	500.0
	500.0
	500.0
	500.0
	500.0
	500.0
	500.0
	500.0
	364.0
	500.0
	500.0
	500.0
	500.0
	500.0
	500.0
	500.0
	500.0
	321.0
	500.0
	500.0
	500.0
	407.0
	500.0
	500.0
	500.0
	500.0
	500.0
	500.0
	500.0
	500.0
	500.0
	500.0
	500.0
	500.0
	500.0
	500.0
	500.0
	500.0
	500.0
	500.0
	500.0
	500.0
	500.0
	364.0
	500.0
	500.0
	381.0
	500.0
	500.0
	500.0
	500.0
	500.0
	500.0
	500.0
	500.0
	500.0
	500.0
	500.0
	500.0
	500.0
	500.0
	500.0
	500.0
	500.0
	500.0
	500.0
	500.0
	500.0
	500.0
	500.0
	500.0
	41.0
	500.0
	500.0
	500.0
	500.0
	500.0
	500.0
	500.0
	500.0
	500.0
	500.0
	500.0
	500.0
	500.0
	500.0
	500.0
	500.0
	500.0
	500.0
	500.0
	500.0
	500.0
	500.0
	500.0
	500.0
	500.0
	500.0
	500.0
	500.0
	500.0
	500.0
	139.0
	500.0
	500.0
	500.0
	500.0
	500.0
	500.0
	500.0
	500.0
	500.0
	500.0
	500.0
	500.0
	500.0
	356.0
	500.0
	500.0
	500.0
	500.0
	500.0
	500.0
	500.0
	500.0
	351.0
	500.0
	500.0
	500.0
	500.0
	500.0
	500.0
	500.0
	500.0
	500.0
	500.0
	500.0
	500.0
	500.0
	500.0
	481.0
	500.0
	500.0
	500.0
	500.0
	500.0
	500.0
	500.0
	500.0
	500.0
	332.0
	500.0
	500.0
	500.0
	500.0
	465.0
	500.0
	500.0
	500.0
	500.0
	500.0
	500.0
	500.0
	500.0
	500.0
	500.0
	500.0
	500.0
	500.0
	500.0
	500.0
	500.0
	500.0
	500.0
	500.0
	378.0
	500.0
	500.0
	500.0
	500.0
	500.0
	500.0
	500.0
	500.0
	500.0
	500.0
	472.0
	500.0
	500.0
	500.0
	500.0
	500.0
	500.0
	180.0
	500.0
	354.0
	500.0
	500.0
	500.0
	500.0
	500.0
	500.0
	500.0
	246.0
	500.0
	500.0
	500.0
	500.0
	500.0
	500.0
	500.0
	500.0
	500.0
	500.0
	500.0
	500.0
	500.0
	500.0
	500.0
	500.0
	500.0
	500.0
	500.0
	500.0
	500.0
	500.0
	500.0
	500.0
	500.0
	500.0
	500.0
	500.0
	500.0
	500.0
	500.0
	500.0
	500.0
	500.0
	500.0
	500.0
	314.0
	500.0
	500.0
	500.0
	500.0
	500.0
	500.0
	500.0
	500.0
	500.0
	500.0
	500.0
	500.0
	500.0
	500.0
	500.0
	500.0
	500.0
	500.0
	500.0
	500.0
	500.0
	500.0
	500.0
	500.0
	500.0
	500.0
	500.0
	500.0
	500.0
	500.0
	500.0
	500.0
	500.0
	500.0
	500.0
	500.0
	500.0
	500.0
	500.0
	500.0
	500.0
	500.0
	500.0
	500.0
	500.0
	500.0
	500.0
	500.0
	500.0
	500.0
	500.0
	500.0
	500.0
	500.0
	306.0
	341.0
	360.0
	500.0
	500.0
	500.0
	500.0
	500.0
	500.0
	500.0
	500.0
	500.0
	500.0
	427.0
	243.0
	500.0
	500.0
	156.0
	500.0
	500.0
	500.0
	500.0
	500.0
	500.0
	500.0
	500.0
	500.0
	500.0
	500.0
	500.0
	500.0
	500.0
	500.0
	500.0
	500.0
	500.0
	500.0
	500.0
	500.0
	500.0
	500.0
	500.0
	500.0
	500.0
	500.0
	500.0
	500.0
	495.0
	500.0
	500.0
	500.0
	500.0
	500.0
	500.0
	500.0
	500.0
	500.0
	500.0
	219.0
	337.0
	500.0
	500.0
	500.0
	159.0
	500.0
	500.0
	500.0
	500.0
	500.0
	500.0
	500.0
	500.0
	500.0
	500.0
	500.0
	500.0
	500.0
	498.0
	500.0
	500.0
	500.0
	500.0
	500.0
	500.0
	500.0
	500.0
	500.0
	500.0
	500.0
	500.0
	500.0
	500.0
	500.0
	500.0
	500.0
	500.0
	289.0
	482.0
	500.0
	500.0
	500.0
	500.0
	500.0
	500.0
	500.0
	500.0
	500.0
	500.0
	500.0
	500.0
	500.0
	500.0
	500.0
	500.0
	500.0
	500.0
	500.0
	500.0
	500.0
	500.0
	500.0
	500.0
	500.0
	500.0
	500.0
	500.0
	500.0
	500.0
	500.0
	500.0
	500.0
	500.0
	500.0
	500.0
	500.0
	500.0
	500.0
	500.0
	500.0
	500.0
	500.0
	500.0
	500.0
	500.0
	500.0
	115.0
	500.0
	500.0
	500.0
	500.0
	500.0
	500.0
	500.0
	500.0
	500.0
	500.0
	500.0
	500.0
	500.0
	500.0
	500.0
	500.0
	500.0
	500.0
	500.0
	500.0
	500.0
	500.0
	500.0
	500.0
	500.0
	500.0
	500.0
	500.0
	500.0
	500.0
	500.0
	500.0
	500.0
	500.0
	500.0
	383.0
	500.0
	500.0
	500.0
	422.0
	314.0
	500.0
	500.0
	500.0
	500.0
	500.0
	338.0
	500.0
	500.0
	500.0
	500.0
	500.0
	500.0
	500.0
	500.0
	123.0
	500.0
	500.0
	500.0
	392.0
	500.0
	500.0
	500.0
	467.0
	500.0
	500.0
	500.0
	500.0
	500.0
	500.0
	500.0
	500.0
	500.0
	500.0
	500.0
	500.0
	500.0
	414.0
	500.0
	500.0
	500.0
	500.0
	500.0
	500.0
	500.0
	500.0
	500.0
	500.0
	311.0
	500.0
	500.0
	500.0
	500.0
	500.0
	500.0
	500.0
	500.0
	500.0
	365.0
	500.0
	500.0
	500.0
	500.0
	500.0
	500.0
	500.0
	500.0
	500.0
	500.0
	500.0
	439.0
	500.0
	500.0
	500.0
	500.0
	500.0
	500.0
	500.0
	500.0
	500.0
	500.0
	500.0
	500.0
	500.0
	500.0
	500.0
	500.0
	500.0
	445.0
	500.0
	500.0
	500.0
	500.0
	458.0
	500.0
	500.0
	500.0
	500.0
	500.0
	500.0
	500.0
	500.0
	500.0
	500.0
	500.0
	500.0
	314.0
	500.0
	500.0
	500.0
	500.0
	500.0
	500.0
	500.0
	500.0
	500.0
	500.0
	500.0
	500.0
	500.0
	500.0
	121.0
	500.0
	500.0
	500.0
	325.0
	237.0
	500.0
	500.0
	500.0
	500.0
	500.0
	500.0
	500.0
	500.0
	500.0
	500.0
	500.0
	500.0
	500.0
	500.0
	500.0
	500.0
	500.0
	500.0
	500.0
	423.0
	500.0
	500.0
	500.0
	466.0
	500.0
	500.0
	500.0
	500.0
	500.0
	500.0
	500.0
	500.0
	500.0
	500.0
	500.0
	500.0
	139.0
	500.0
	500.0
	500.0
	500.0
	500.0
	500.0
	500.0
	500.0
	500.0
	500.0
	465.0
	252.0
	500.0
	500.0
	500.0
	500.0
	500.0
	500.0
	500.0
	500.0
	500.0
	500.0
	500.0
	500.0
	455.0
	500.0
	500.0
	500.0
	314.0
	480.0
	433.0
	500.0
	500.0
	500.0
	500.0
	500.0
	500.0
	500.0
	500.0
	500.0
	500.0
	500.0
	500.0
	500.0
	309.0
	500.0
	500.0
	500.0
	500.0
	500.0
	500.0
	500.0
	500.0
	472.0
	500.0
	500.0
	500.0
	500.0
	500.0
	428.0
	500.0
	500.0
	500.0
	500.0
	317.0
	500.0
	500.0
	500.0
	500.0
	500.0
	500.0
	500.0
	500.0
	500.0
	500.0
	500.0
	92.0
	500.0
	500.0
	500.0
	500.0
	500.0
	500.0
	500.0
	500.0
	500.0
	500.0
	500.0
	500.0
	500.0
	500.0
	500.0
	500.0
	500.0
	500.0
	500.0
	500.0
	500.0
	500.0
	500.0
	500.0
	500.0
	500.0
	500.0
	500.0
	500.0
	500.0
	500.0
	500.0
	500.0
	500.0
	500.0
	500.0
	500.0
	500.0
	500.0
	500.0
	500.0
	500.0
	500.0
	500.0
	500.0
	500.0
	500.0
	500.0
	500.0
	500.0
	500.0
	395.0
	208.0
	500.0
	500.0
	500.0
	500.0
	500.0
	500.0
	500.0
	500.0
	500.0
	500.0
	500.0
	500.0
	500.0
	500.0
	500.0
	500.0
	500.0
	500.0
	500.0
	500.0
	500.0
	500.0
	500.0
	500.0
	488.0
	500.0
	500.0
	500.0
	500.0
	500.0
	500.0
	500.0
	500.0
	500.0
	500.0
	500.0
	500.0
	500.0
	500.0
	33.0
	500.0
	500.0
	500.0
	500.0
	433.0
	500.0
	500.0
	500.0
	500.0
	500.0
	500.0
	500.0
	500.0
	500.0
	500.0
	351.0
	500.0
	500.0
	500.0
	500.0
	500.0
	500.0
	500.0
	500.0
	500.0
	500.0
	500.0
	500.0
	500.0
	500.0
	500.0
	500.0
	500.0
	500.0
	500.0
	500.0
	500.0
	500.0
	500.0
	500.0
	500.0
	500.0
	500.0
	500.0
	500.0
	500.0
	500.0
	500.0
	500.0
	500.0
	500.0
	500.0
	466.0
	500.0
	500.0
	500.0
	500.0
	500.0
	500.0
	500.0
	316.0
	500.0
	500.0
	500.0
	500.0
	500.0
	500.0
	500.0
	500.0
	500.0
	500.0
	500.0
	500.0
	500.0
	500.0
	500.0
	500.0
	500.0
	500.0
	500.0
	500.0
	500.0
	500.0
	500.0
	500.0
	500.0
	500.0
	500.0
	500.0
	485.0
	500.0
	500.0
	500.0
	500.0
	500.0
	500.0
	500.0
	500.0
	500.0
	500.0
	500.0
	500.0
	500.0
	500.0
	500.0
	500.0
	500.0
	500.0
	500.0
	500.0
	500.0
	500.0
	500.0
	500.0
	500.0
	500.0
	500.0
	212.0
	500.0
	500.0
	500.0
	500.0
	500.0
	500.0
	500.0
	500.0
	500.0
	500.0
	500.0
	500.0
	500.0
	500.0
	500.0
	500.0
	500.0
	500.0
	500.0
	500.0
	495.0
	500.0
	500.0
	500.0
	500.0
	349.0
	498.0
	500.0
	225.0
	500.0
	500.0
	500.0
	500.0
	500.0
	500.0
	500.0
	499.0
	500.0
	500.0
	500.0
	500.0
	500.0
	500.0
	500.0
	500.0
	129.0
	500.0
	500.0
	500.0
	500.0
	500.0
	500.0
	500.0
	500.0
	500.0
	392.0
	500.0
	500.0
	485.0
	500.0
	500.0
	500.0
	500.0
	500.0
	106.0
	500.0
	500.0
	500.0
	500.0
	500.0
	500.0
	500.0
	381.0
	500.0
	500.0
	469.0
	500.0
	432.0
	353.0
	500.0
	500.0
	500.0
	500.0
	500.0
	243.0
	500.0
	500.0
	500.0
	500.0
	500.0
	500.0
	500.0
	433.0
	500.0
	500.0
	500.0
	500.0
	500.0
	500.0
	500.0
	500.0
	500.0
	500.0
	500.0
	299.0
	369.0
	323.0
	500.0
	237.0
	500.0
	500.0
	500.0
	500.0
	500.0
	500.0
	500.0
	500.0
	500.0
	500.0
	500.0
	500.0
	500.0
	500.0
	500.0
	500.0
	500.0
	500.0
	500.0
	500.0
	500.0
	500.0
	500.0
	500.0
	173.0
	500.0
	500.0
	500.0
	500.0
	500.0
	500.0
	500.0
	117.0
	493.0
	377.0
	500.0
	245.0
	500.0
	500.0
	500.0
	500.0
	500.0
	500.0
	500.0
	500.0
	500.0
	500.0
	500.0
	411.0
	500.0
	500.0
	500.0
	500.0
	500.0
	500.0
	500.0
	500.0
	500.0
	500.0
	383.0
	500.0
	500.0
	500.0
	500.0
	500.0
	500.0
	500.0
	500.0
	500.0
	500.0
	500.0
	500.0
	500.0
	340.0
	500.0
	270.0
	500.0
	500.0
	476.0
	484.0
	500.0
	500.0
	500.0
	500.0
	268.0
	500.0
	500.0
	500.0
	500.0
	500.0
	500.0
	500.0
	500.0
	500.0
	500.0
	500.0
	500.0
	500.0
	500.0
	500.0
	500.0
	500.0
	500.0
	500.0
	500.0
	500.0
	500.0
	500.0
	500.0
	500.0
	500.0
	500.0
	500.0
	500.0
	500.0
	500.0
	500.0
	500.0
	500.0
	500.0
	500.0
	500.0
	500.0
	500.0
	500.0
	500.0
	500.0
	500.0
	500.0
	500.0
	500.0
	500.0
	500.0
	500.0
	500.0
	348.0
	500.0
	500.0
	500.0
	500.0
	500.0
	500.0
	500.0
	500.0
	500.0
	127.0
	500.0
	500.0
	480.0
	500.0
	226.0
	483.0
	500.0
	460.0
	500.0
	500.0
	500.0
	500.0
	500.0
	500.0
	500.0
	500.0
	500.0
	500.0
	500.0
	109.0
	500.0
	500.0
	500.0
	500.0
	500.0
	500.0
	500.0
	500.0
	500.0
	500.0
	500.0
	500.0
	500.0
	500.0
	500.0
	500.0
	493.0
	500.0
	500.0
	500.0
	463.0
	500.0
	500.0
	500.0
	500.0
	388.0
	492.0
	500.0
	500.0
	312.0
	500.0
	500.0
	500.0
	496.0
	500.0
	500.0
	251.0
	500.0
	500.0
	500.0
	372.0
	500.0
	500.0
	500.0
	306.0
	500.0
	500.0
	406.0
	500.0
	396.0
	216.0
	500.0
	243.0
	500.0
	454.0
	500.0
	500.0
	500.0
	258.0
	393.0
	500.0
	500.0
	500.0
	500.0
	500.0
	500.0
	500.0
	500.0
	500.0
	500.0
	500.0
	500.0
	500.0
	500.0
	276.0
	500.0
	500.0
	500.0
	500.0
	500.0
	500.0
	500.0
	500.0
	500.0
	44.0
	500.0
	500.0
	500.0
	500.0
	500.0
	500.0
	500.0
	500.0
	500.0
	500.0
	500.0
	500.0
	418.0
	500.0
	500.0
	500.0
	500.0
	500.0
	500.0
	500.0
	500.0
	441.0
	500.0
	500.0
	500.0
	419.0
	500.0
	356.0
	121.0
	500.0
	500.0
	500.0
	500.0
	500.0
	500.0
	500.0
	500.0
	500.0
	500.0
	500.0
	500.0
	500.0
	500.0
	500.0
	500.0
	500.0
	500.0
	500.0
	498.0
	500.0
	500.0
	500.0
	500.0
	304.0
	500.0
	500.0
	500.0
	500.0
	436.0
	500.0
	500.0
	500.0
	500.0
	500.0
	500.0
	500.0
	500.0
	500.0
	500.0
	500.0
	500.0
	500.0
	500.0
	500.0
	500.0
	500.0
	500.0
	500.0
	500.0
	500.0
	500.0
	500.0
	500.0
	500.0
	500.0
	500.0
	500.0
	500.0
	344.0
	500.0
	466.0
	500.0
	500.0
	93.0
	329.0
	301.0
	500.0
	500.0
	500.0
	133.0
	500.0
	500.0
	500.0
	500.0
	500.0
	500.0
	500.0
	500.0
	500.0
	500.0
	500.0
	500.0
	500.0
	500.0
	500.0
	500.0
	500.0
	500.0
	500.0
	500.0
	441.0
	500.0
	500.0
	500.0
	500.0
	500.0
	500.0
	500.0
	500.0
	500.0
	500.0
	500.0
	500.0
	500.0
	500.0
	500.0
	500.0
	500.0
	500.0
	500.0
	500.0
	500.0
	500.0
	500.0
	500.0
	500.0
	500.0
	500.0
	500.0
	456.0
	500.0
	500.0
	500.0
	500.0
	500.0
	500.0
	500.0
	500.0
	500.0
	500.0
	500.0
	500.0
	500.0
	500.0
	500.0
	500.0
	500.0
	500.0
	500.0
	500.0
	500.0
	500.0
	500.0
	500.0
	500.0
	500.0
	500.0
	500.0
	500.0
	500.0
	500.0
	500.0
	500.0
	500.0
	500.0
	500.0
	500.0
	500.0
	500.0
	500.0
	500.0
	500.0
	500.0
	500.0
	500.0
	500.0
	500.0
	500.0
	500.0
	500.0
	500.0
	256.0
	500.0
	500.0
	500.0
	500.0
	500.0
	500.0
	500.0
	500.0
	500.0
	500.0
	500.0
	500.0
	500.0
	500.0
	500.0
	500.0
	500.0
	500.0
	500.0
	500.0
	500.0
	500.0
	500.0
	500.0
	500.0
	500.0
	500.0
	500.0
	500.0
	500.0
	500.0
	500.0
	430.0
	500.0
	486.0
	500.0
	500.0
	500.0
	500.0
	209.0
	346.0
	500.0
	500.0
	500.0
	500.0
	500.0
	500.0
	500.0
	500.0
	500.0
	500.0
	500.0
	500.0
	500.0
	500.0
	500.0
	500.0
	500.0
	500.0
	500.0
	222.0
	500.0
	500.0
	500.0
	500.0
	500.0
	331.0
	500.0
	500.0
	500.0
	500.0
	500.0
	307.0
	500.0
	500.0
	500.0
	500.0
	500.0
	500.0
	443.0
	402.0
	500.0
	500.0
	500.0
	500.0
	500.0
	500.0
	500.0
	500.0
	500.0
	439.0
	500.0
	500.0
	500.0
	500.0
	328.0
	344.0
	500.0
	500.0
	500.0
	252.0
	500.0
	500.0
	500.0
	500.0
	500.0
	500.0
	500.0
	367.0
	500.0
	500.0
	500.0
	500.0
	500.0
	500.0
	500.0
	500.0
	500.0
	500.0
	282.0
	500.0
	162.0
	500.0
	500.0
	500.0
	500.0
	500.0
	500.0
	500.0
	500.0
	500.0
	500.0
	500.0
	500.0
	500.0
	500.0
	500.0
	500.0
	276.0
	500.0
	500.0
	500.0
	500.0
	500.0
	500.0
	500.0
	500.0
	493.0
	500.0
	461.0
	500.0
	500.0
	500.0
	95.0
	500.0
	438.0
	500.0
	500.0
	500.0
	403.0
	161.0
	500.0
	500.0
	500.0
	500.0
	500.0
	500.0
	500.0
	500.0
	500.0
	500.0
	500.0
	500.0
	365.0
	500.0
	500.0
	470.0
	500.0
	500.0
	500.0
	500.0
	500.0
	500.0
	500.0
	500.0
	319.0
	500.0
	500.0
	500.0
	500.0
	500.0
	500.0
	200.0
	500.0
	500.0
	500.0
	500.0
	500.0
	500.0
	500.0
	500.0
	500.0
	500.0
	500.0
	102.0
	500.0
	482.0
	500.0
	500.0
	500.0
	500.0
	500.0
	103.0
	500.0
	500.0
	500.0
	131.0
	500.0
	500.0
	500.0
	500.0
	500.0
	500.0
	500.0
	461.0
	500.0
	500.0
	500.0
	500.0
	500.0
	500.0
	416.0
	500.0
	500.0
	500.0
	500.0
	186.0
	153.0
	500.0
	500.0
	495.0
	500.0
	500.0
	500.0
	500.0
	500.0
	500.0
	500.0
	500.0
	500.0
	338.0
	340.0
	500.0
	500.0
	500.0
	500.0
	500.0
	500.0
	500.0
	500.0
	500.0
	500.0
	500.0
	500.0
	500.0
	500.0
	500.0
	318.0
	500.0
	500.0
	500.0
	500.0
	500.0
	500.0
	500.0
	500.0
	500.0
	123.0
	500.0
	500.0
	500.0
	500.0
	219.0
	500.0
	500.0
	500.0
	500.0
	500.0
	220.0
	452.0
	500.0
	370.0
	500.0
	500.0
	500.0
	500.0
	352.0
	500.0
	500.0
	500.0
	368.0
	500.0
	500.0
	500.0
	371.0
	500.0
	500.0
	500.0
	500.0
	500.0
	500.0
	500.0
	450.0
	500.0
	500.0
	500.0
	500.0
	500.0
	500.0
	500.0
	500.0
	500.0
	500.0
	500.0
	500.0
	500.0
	500.0
	500.0
	491.0
	500.0
	485.0
	500.0
	419.0
	500.0
	500.0
	500.0
	500.0
	500.0
	500.0
	354.0
	500.0
	500.0
	420.0
	500.0
	500.0
	473.0
	490.0
	392.0
	500.0
	500.0
	500.0
	500.0
	500.0
	500.0
	500.0
	448.0
	500.0
	500.0
	500.0
	500.0
	500.0
	500.0
	500.0
	321.0
	500.0
	389.0
	500.0
	500.0
	420.0
	500.0
	161.0
	140.0
	500.0
	413.0
	500.0
	500.0
	500.0
	500.0
	500.0
	500.0
	500.0
	500.0
	500.0
	500.0
	500.0
	500.0
	500.0
	500.0
	500.0
	500.0
	500.0
	500.0
	500.0
	500.0
	500.0
	500.0
	500.0
	127.0
	500.0
	423.0
	474.0
	500.0
	500.0
	500.0
	500.0
	500.0
	500.0
	276.0
	500.0
	500.0
	500.0
	500.0
	500.0
	500.0
	500.0
	500.0
	500.0
	500.0
	232.0
	500.0
	500.0
	500.0
	500.0
	465.0
	500.0
	500.0
	500.0
	247.0
	500.0
	500.0
	500.0
	500.0
	500.0
	500.0
	500.0
	500.0
	372.0
	500.0
	500.0
	500.0
	500.0
	500.0
	500.0
	500.0
	500.0
	500.0
	392.0
	355.0
	500.0
	500.0
	500.0
	469.0
	500.0
	500.0
	500.0
	407.0
	363.0
	500.0
	500.0
	500.0
	175.0
	500.0
	500.0
	500.0
	387.0
	500.0
	500.0
	500.0
	500.0
	224.0
	153.0
	500.0
	383.0
	500.0
	500.0
	396.0
	500.0
	500.0
	500.0
	500.0
	500.0
	500.0
	500.0
	500.0
	500.0
	500.0
	500.0
	500.0
	500.0
	500.0
	500.0
	500.0
	500.0
	500.0
	500.0
	500.0
	500.0
	500.0
	500.0
	500.0
	500.0
	500.0
	500.0
	500.0
	500.0
	500.0
	500.0
	500.0
	500.0
	500.0
	500.0
	500.0
	500.0
	500.0
	500.0
	500.0
	500.0
	500.0
	500.0
	500.0
	500.0
	500.0
	500.0
	500.0
	500.0
	500.0
	500.0
	500.0
	330.0
	500.0
	500.0
	500.0
	500.0
	500.0
	500.0
	500.0
	500.0
	500.0
	500.0
	500.0
	500.0
	500.0
	500.0
	500.0
	270.0
	262.0
	335.0
	500.0
	500.0
	500.0
	500.0
	500.0
	500.0
	500.0
	500.0
	500.0
	500.0
	500.0
	281.0
	500.0
	500.0
	500.0
	500.0
	271.0
	500.0
	500.0
	500.0
	500.0
	500.0
	500.0
	500.0
	500.0
	500.0
	446.0
	500.0
	500.0
	500.0
	500.0
	379.0
	438.0
	411.0
	500.0
	500.0
	500.0
	500.0
	500.0
	500.0
	500.0
	500.0
	500.0
	391.0
	500.0
	500.0
	500.0
	500.0
	500.0
	500.0
	500.0
	434.0
	500.0
	500.0
	500.0
	500.0
	500.0
	500.0
	500.0
	500.0
	500.0
	500.0
	500.0
	500.0
	467.0
	500.0
	500.0
	500.0
	500.0
	500.0
	500.0
	500.0
	500.0
	500.0
	500.0
	500.0
	500.0
	500.0
	500.0
	500.0
	500.0
	500.0
	500.0
	500.0
	500.0
	500.0
	500.0
	500.0
	500.0
	500.0
	500.0
	500.0
	193.0
	500.0
	500.0
	500.0
	500.0
	500.0
	500.0
	285.0
	500.0
	385.0
	500.0
	500.0
	500.0
	500.0
	200.0
	500.0
	500.0
	500.0
	500.0
	428.0
	500.0
	500.0
	66.0
	500.0
	500.0
	500.0
	145.0
	500.0
	500.0
	500.0
	500.0
	500.0
	500.0
	500.0
	494.0
	500.0
	495.0
	500.0
	500.0
	500.0
	500.0
	500.0
	500.0
	500.0
	500.0
	500.0
	500.0
	500.0
	131.0
	500.0
	500.0
	500.0
	500.0
	430.0
	500.0
	500.0
	380.0
	500.0
	500.0
	296.0
	500.0
	500.0
	500.0
	500.0
	500.0
	500.0
	500.0
	500.0
	275.0
	140.0
	358.0
	233.0
	500.0
	500.0
	500.0
	500.0
	500.0
	500.0
	500.0
	381.0
	500.0
	500.0
	463.0
	500.0
	500.0
	500.0
	500.0
	500.0
	500.0
	500.0
	271.0
	500.0
	500.0
	500.0
	500.0
	500.0
	500.0
	500.0
	454.0
	500.0
	500.0
	432.0
	500.0
	500.0
	500.0
	384.0
	500.0
	500.0
	134.0
	500.0
	500.0
	500.0
	500.0
	500.0
	500.0
	500.0
	500.0
	455.0
	500.0
	500.0
	500.0
	500.0
	500.0
	500.0
	500.0
	500.0
	500.0
	500.0
	151.0
	500.0
	500.0
	500.0
	500.0
	500.0
	500.0
	500.0
	500.0
	500.0
	500.0
	500.0
	500.0
	500.0
	500.0
	500.0
	500.0
	318.0
	500.0
	500.0
	500.0
	500.0
	500.0
	500.0
	500.0
	500.0
	500.0
	500.0
	475.0
	500.0
	500.0
	500.0
	500.0
	500.0
	500.0
	500.0
	500.0
	500.0
	500.0
	500.0
	500.0
	500.0
	500.0
	500.0
	500.0
	500.0
	500.0
	500.0
	500.0
	500.0
	500.0
	500.0
	500.0
	500.0
	500.0
	500.0
	500.0
	500.0
	500.0
	500.0
	500.0
	500.0
	500.0
	500.0
	500.0
	500.0
	500.0
	500.0
	500.0
	500.0
	500.0
	500.0
	500.0
	500.0
	500.0
	500.0
	265.0
	500.0
	500.0
	500.0
	216.0
	366.0
	455.0
	500.0
	500.0
	500.0
	500.0
	500.0
	500.0
	500.0
	500.0
	500.0
	500.0
	500.0
	499.0
	500.0
	500.0
	500.0
	500.0
	500.0
	500.0
	500.0
	500.0
	500.0
	500.0
	500.0
	500.0
	500.0
	500.0
	277.0
	500.0
	500.0
	500.0
	500.0
	500.0
	500.0
	491.0
	500.0
	500.0
	500.0
	500.0
	500.0
	500.0
	500.0
	500.0
	500.0
	282.0
	500.0
	447.0
	332.0
	500.0
	172.0
	500.0
	500.0
	500.0
	500.0
	500.0
	500.0
	500.0
	500.0
	500.0
	500.0
	500.0
	500.0
	500.0
	500.0
	500.0
	500.0
	500.0
	500.0
	500.0
	500.0
	500.0
	500.0
	500.0
	500.0
	500.0
	500.0
	500.0
	500.0
	500.0
	354.0
	500.0
	500.0
	216.0
	500.0
	500.0
	500.0
	500.0
	500.0
	500.0
	500.0
	500.0
	500.0
	500.0
	500.0
	500.0
	500.0
	500.0
	169.0
	230.0
	500.0
	500.0
	500.0
	500.0
	500.0
	500.0
	500.0
	296.0
	500.0
	500.0
	267.0
	500.0
	500.0
	500.0
	500.0
	500.0
	500.0
	500.0
	490.0
	500.0
	500.0
	446.0
	500.0
	500.0
	441.0
	272.0
	500.0
	500.0
	202.0
	500.0
	500.0
	500.0
	500.0
	500.0
	500.0
	166.0
	500.0
	500.0
	500.0
	500.0
	500.0
	500.0
	500.0
	500.0
	500.0
	500.0
	500.0
	500.0
	500.0
	186.0
	500.0
	500.0
	371.0
	325.0
	500.0
	327.0
	500.0
	500.0
	500.0
	500.0
	500.0
	500.0
	364.0
	500.0
	500.0
	500.0
	500.0
	154.0
	500.0
	500.0
	500.0
	500.0
	500.0
	500.0
	461.0
	176.0
	500.0
	200.0
	473.0
	500.0
	197.0
	430.0
	500.0
	333.0
	500.0
	500.0
	500.0
	500.0
	500.0
	500.0
	500.0
	500.0
	500.0
	500.0
	184.0
	500.0
	500.0
	471.0
	500.0
	500.0
	500.0
	500.0
	500.0
	500.0
	146.0
	500.0
	500.0
	500.0
	500.0
	500.0
	500.0
	500.0
	500.0
	500.0
	500.0
	500.0
	500.0
	436.0
	500.0
	500.0
	355.0
	185.0
	191.0
	500.0
	500.0
	500.0
	500.0
	500.0
	500.0
	500.0
	500.0
	368.0
	500.0
	500.0
	500.0
	500.0
	500.0
	500.0
	500.0
	305.0
	500.0
	500.0
	310.0
	500.0
	500.0
	500.0
	237.0
	500.0
	500.0
	500.0
	500.0
	500.0
	500.0
	500.0
	500.0
	500.0
	500.0
	500.0
	500.0
	500.0
	500.0
	500.0
	500.0
	500.0
	500.0
	500.0
	280.0
	423.0
	500.0
	500.0
	500.0
	500.0
	500.0
	500.0
	500.0
	500.0
	500.0
	500.0
	500.0
	500.0
	500.0
	500.0
	500.0
	500.0
	500.0
	500.0
	500.0
	500.0
	500.0
	500.0
	500.0
	500.0
	500.0
	500.0
	500.0
	500.0
	500.0
	500.0
	288.0
	461.0
	500.0
	500.0
	500.0
	500.0
	500.0
	500.0
	500.0
	500.0
	500.0
	500.0
	500.0
	500.0
	500.0
	500.0
	500.0
	500.0
	500.0
	443.0
	500.0
	500.0
	295.0
	500.0
	500.0
	223.0
	500.0
	500.0
	500.0
	500.0
	500.0
	387.0
	439.0
	500.0
	500.0
	500.0
	500.0
	500.0
	500.0
	500.0
	500.0
	500.0
	500.0
	500.0
	500.0
	500.0
	500.0
	500.0
	500.0
	500.0
	500.0
	158.0
	500.0
	500.0
	500.0
	500.0
	500.0
	500.0
	500.0
	433.0
	500.0
	500.0
	500.0
	500.0
	500.0
	500.0
	500.0
	500.0
	489.0
	500.0
	500.0
	500.0
	431.0
	291.0
	500.0
	500.0
	500.0
	500.0
	500.0
	500.0
	500.0
	500.0
	500.0
	500.0
	500.0
	500.0
	500.0
	500.0
	500.0
	500.0
	500.0
	500.0
	500.0
	500.0
	470.0
	500.0
	500.0
	500.0
	500.0
	500.0
	500.0
	500.0
	500.0
	500.0
	500.0
	500.0
	500.0
	500.0
	500.0
	500.0
	500.0
