	500.0
	500.0
	500.0
	385.0
	500.0
	500.0
	500.0
	500.0
	500.0
	500.0
	500.0
	500.0
	500.0
	500.0
	500.0
	500.0
	500.0
	500.0
	500.0
	500.0
	500.0
	500.0
	500.0
	500.0
	500.0
	500.0
	500.0
	500.0
	158.0
	500.0
	500.0
	500.0
	500.0
	500.0
	500.0
	500.0
	445.0
	500.0
	500.0
	500.0
	500.0
	500.0
	500.0
	500.0
	500.0
	500.0
	500.0
	500.0
	500.0
	500.0
	278.0
	500.0
	500.0
	500.0
	500.0
	500.0
	500.0
	500.0
	500.0
	500.0
	500.0
	500.0
	500.0
	500.0
	363.0
	500.0
	500.0
	500.0
	500.0
	500.0
	500.0
	500.0
	500.0
	500.0
	500.0
	500.0
	500.0
	500.0
	500.0
	500.0
	500.0
	500.0
	500.0
	500.0
	500.0
	500.0
	500.0
	500.0
	500.0
	500.0
	500.0
	500.0
	500.0
	500.0
	215.0
	326.0
	500.0
	500.0
	500.0
	500.0
	500.0
	500.0
	500.0
	500.0
	500.0
	500.0
	500.0
	500.0
	500.0
	500.0
	500.0
	500.0
	500.0
	152.0
	500.0
	500.0
	500.0
	500.0
	500.0
	500.0
	500.0
	500.0
	500.0
	500.0
	500.0
	500.0
	500.0
	500.0
	500.0
	500.0
	471.0
	500.0
	500.0
	500.0
	500.0
	500.0
	500.0
	500.0
	500.0
	500.0
	500.0
	500.0
	500.0
	500.0
	500.0
	500.0
	500.0
	500.0
	500.0
	500.0
	500.0
	500.0
	500.0
	500.0
	500.0
	500.0
	500.0
	500.0
	500.0
	500.0
	500.0
	500.0
	500.0
	354.0
	500.0
	500.0
	500.0
	500.0
	500.0
	500.0
	500.0
	500.0
	500.0
	500.0
	500.0
	500.0
	500.0
	500.0
	500.0
	500.0
	480.0
	500.0
	500.0
	500.0
	500.0
	500.0
	500.0
	302.0
	500.0
	500.0
	500.0
	500.0
	500.0
	481.0
	500.0
	227.0
	500.0
	500.0
	500.0
	500.0
	500.0
	500.0
	500.0
	500.0
	500.0
	500.0
	500.0
	500.0
	492.0
	500.0
	500.0
	500.0
	500.0
	500.0
	464.0
	500.0
	500.0
	500.0
	500.0
	500.0
	400.0
	500.0
	481.0
	358.0
	500.0
	500.0
	500.0
	500.0
	500.0
	500.0
	500.0
	500.0
	500.0
	500.0
	500.0
	500.0
	500.0
	500.0
	500.0
	500.0
	500.0
	500.0
	500.0
	500.0
	500.0
	486.0
	500.0
	500.0
	500.0
	500.0
	500.0
	500.0
	500.0
	500.0
	500.0
	500.0
	500.0
	500.0
	500.0
	500.0
	439.0
	500.0
	500.0
	414.0
	500.0
	500.0
	357.0
	500.0
	500.0
	500.0
	500.0
	500.0
	288.0
	500.0
	500.0
	500.0
	500.0
	500.0
	500.0
	500.0
	500.0
	25.0
	500.0
	500.0
	500.0
	500.0
	500.0
	500.0
	500.0
	500.0
	500.0
	500.0
	500.0
	500.0
	500.0
	500.0
	500.0
	500.0
	385.0
	500.0
	500.0
	500.0
	500.0
	500.0
	500.0
	500.0
	500.0
	500.0
	500.0
	500.0
	500.0
	500.0
	500.0
	500.0
	500.0
	500.0
	500.0
	500.0
	500.0
	500.0
	500.0
	500.0
	500.0
	500.0
	500.0
	500.0
	500.0
	500.0
	500.0
	500.0
	500.0
	500.0
	500.0
	500.0
	500.0
	500.0
	500.0
	500.0
	500.0
	500.0
	500.0
	500.0
	500.0
	500.0
	500.0
	500.0
	500.0
	500.0
	500.0
	500.0
	500.0
	500.0
	500.0
	500.0
	500.0
	500.0
	500.0
	500.0
	500.0
	500.0
	500.0
	500.0
	11.0
	500.0
	500.0
	500.0
	500.0
	500.0
	500.0
	500.0
	500.0
	500.0
	500.0
	500.0
	500.0
	500.0
	500.0
	500.0
	500.0
	500.0
	500.0
	500.0
	500.0
	500.0
	500.0
	500.0
	500.0
	500.0
	500.0
	500.0
	500.0
	500.0
	500.0
	500.0
	500.0
	500.0
	500.0
	391.0
	500.0
	435.0
	500.0
	157.0
	264.0
	500.0
	288.0
	500.0
	500.0
	500.0
	500.0
	500.0
	500.0
	500.0
	500.0
	500.0
	500.0
	335.0
	500.0
	500.0
	500.0
	500.0
	500.0
	500.0
	500.0
	500.0
	500.0
	500.0
	500.0
	500.0
	500.0
	500.0
	331.0
	500.0
	239.0
	500.0
	26.0
	500.0
	500.0
	500.0
	500.0
	500.0
	500.0
	500.0
	439.0
	387.0
	500.0
	500.0
	500.0
	500.0
	500.0
	500.0
	500.0
	500.0
	500.0
	500.0
	500.0
	500.0
	500.0
	500.0
	324.0
	356.0
	500.0
	500.0
	500.0
	500.0
	500.0
	500.0
	500.0
	500.0
	500.0
	350.0
	500.0
	500.0
	500.0
	500.0
	500.0
	500.0
	500.0
	500.0
	500.0
	500.0
	500.0
	500.0
	500.0
	317.0
	500.0
	500.0
	500.0
	500.0
	500.0
	500.0
	500.0
	500.0
	500.0
	500.0
	500.0
	500.0
	500.0
	500.0
	500.0
	500.0
	500.0
	500.0
	500.0
	500.0
	500.0
	500.0
	500.0
	500.0
	500.0
	500.0
	500.0
	500.0
	500.0
	500.0
	500.0
	500.0
	500.0
	500.0
	500.0
	500.0
	500.0
	500.0
	500.0
	500.0
	500.0
	500.0
	500.0
	500.0
	500.0
	500.0
	500.0
	500.0
	500.0
	500.0
	500.0
	428.0
	500.0
	500.0
	500.0
	500.0
	500.0
	500.0
	500.0
	500.0
	500.0
	500.0
	500.0
	500.0
	500.0
	500.0
	500.0
	500.0
	500.0
	500.0
	174.0
	500.0
	500.0
	500.0
	353.0
	500.0
	500.0
	500.0
	500.0
	500.0
	500.0
	500.0
	500.0
	500.0
	500.0
	500.0
	500.0
	500.0
	356.0
	332.0
	500.0
	357.0
	500.0
	500.0
	500.0
	500.0
	500.0
	500.0
	500.0
	500.0
	500.0
	500.0
	500.0
	500.0
	500.0
	500.0
	500.0
	500.0
	500.0
	500.0
	500.0
	500.0
	451.0
	500.0
	468.0
	483.0
	500.0
	500.0
	500.0
	500.0
	500.0
	268.0
	500.0
	500.0
	500.0
	500.0
	500.0
	500.0
	500.0
	500.0
	500.0
	500.0
	500.0
	500.0
	500.0
	500.0
	500.0
	481.0
	500.0
	500.0
	500.0
	500.0
	118.0
	308.0
	500.0
	500.0
	14.0
	500.0
	500.0
	500.0
	500.0
	500.0
	500.0
	500.0
	388.0
	500.0
	500.0
	500.0
	500.0
	500.0
	500.0
	428.0
	500.0
	500.0
	500.0
	500.0
	500.0
	306.0
	500.0
	227.0
	500.0
	500.0
	500.0
	500.0
	500.0
	500.0
	500.0
	500.0
	500.0
	288.0
	500.0
	500.0
	323.0
	500.0
	500.0
	500.0
	500.0
	500.0
	500.0
	500.0
	500.0
	379.0
	500.0
	500.0
	500.0
	500.0
	447.0
	500.0
	500.0
	500.0
	500.0
	378.0
	500.0
	500.0
	500.0
	384.0
	345.0
	500.0
	500.0
	500.0
	443.0
	500.0
	500.0
	500.0
	500.0
	500.0
	500.0
	500.0
	500.0
	500.0
	192.0
	500.0
	500.0
	500.0
	500.0
	500.0
	500.0
	500.0
	500.0
	500.0
	500.0
	474.0
	500.0
	500.0
	500.0
	500.0
	500.0
	500.0
	500.0
	500.0
	500.0
	500.0
	500.0
	500.0
	463.0
	500.0
	405.0
	500.0
	11.0
	500.0
	500.0
	500.0
	500.0
	500.0
	500.0
	500.0
	500.0
	500.0
	500.0
	500.0
	500.0
	500.0
	263.0
	500.0
	141.0
	500.0
	500.0
	500.0
	500.0
	500.0
	500.0
	500.0
	500.0
	500.0
	462.0
	500.0
	500.0
	500.0
	500.0
	500.0
	500.0
	500.0
	500.0
	500.0
	500.0
	500.0
	500.0
	500.0
	500.0
	500.0
	500.0
	500.0
	500.0
	500.0
	500.0
	500.0
	500.0
	500.0
	500.0
	500.0
	500.0
	500.0
	500.0
	500.0
	122.0
	20.0
	500.0
	500.0
	500.0
	500.0
	500.0
	500.0
	500.0
	500.0
	500.0
	500.0
	500.0
	500.0
	500.0
	500.0
	500.0
	500.0
	500.0
	500.0
	500.0
	322.0
	500.0
	319.0
	500.0
	500.0
	500.0
	500.0
	500.0
	500.0
	500.0
	500.0
	500.0
	500.0
	500.0
	500.0
	500.0
	500.0
	500.0
	500.0
	500.0
	500.0
	500.0
	500.0
	500.0
	500.0
	500.0
	500.0
	500.0
	500.0
	500.0
	500.0
	500.0
	500.0
	500.0
	500.0
	500.0
	500.0
	500.0
	500.0
	406.0
	500.0
	500.0
	500.0
	500.0
	500.0
	500.0
	500.0
	500.0
	500.0
	500.0
	500.0
	500.0
	426.0
	500.0
	500.0
	25.0
	500.0
	500.0
	500.0
	500.0
	500.0
	500.0
	446.0
	313.0
	500.0
	500.0
	500.0
	500.0
	500.0
	500.0
	500.0
	500.0
	370.0
	321.0
	500.0
	484.0
	500.0
	500.0
	500.0
	447.0
	500.0
	500.0
	500.0
	500.0
	500.0
	500.0
	500.0
	500.0
	500.0
	500.0
	500.0
	416.0
	500.0
	500.0
	500.0
	500.0
	500.0
	500.0
	500.0
	500.0
	500.0
	500.0
	500.0
	500.0
	500.0
	383.0
	500.0
	500.0
	500.0
	500.0
	500.0
	500.0
	500.0
	500.0
	500.0
	500.0
	500.0
	500.0
	500.0
	500.0
	500.0
	500.0
	500.0
	500.0
	446.0
	500.0
	500.0
	500.0
	500.0
	500.0
	500.0
	500.0
	500.0
	500.0
	41.0
	500.0
	500.0
	500.0
	500.0
	500.0
	500.0
	500.0
	500.0
	500.0
	500.0
	500.0
	77.0
	487.0
	500.0
	500.0
	500.0
	500.0
	500.0
	500.0
	500.0
	500.0
	500.0
	500.0
	365.0
	500.0
	500.0
	500.0
	500.0
	500.0
	500.0
	500.0
	500.0
	500.0
	500.0
	500.0
	500.0
	500.0
	500.0
	500.0
	500.0
	500.0
	415.0
	318.0
	473.0
	500.0
	458.0
	500.0
	500.0
	500.0
	500.0
	500.0
	500.0
	500.0
	500.0
	500.0
	500.0
	500.0
	500.0
	500.0
	500.0
	500.0
	500.0
	500.0
	500.0
	500.0
	500.0
	500.0
	500.0
	500.0
	500.0
	500.0
	500.0
	500.0
	500.0
	500.0
	500.0
	500.0
	500.0
	500.0
	500.0
	500.0
	500.0
	500.0
	500.0
	500.0
	500.0
	500.0
	500.0
	500.0
	500.0
	500.0
	500.0
	500.0
	500.0
	500.0
	500.0
	455.0
	500.0
	500.0
	500.0
	500.0
	500.0
	500.0
	500.0
	500.0
	500.0
	500.0
	500.0
	246.0
	500.0
	500.0
	500.0
	500.0
	500.0
	500.0
	500.0
	500.0
	500.0
	500.0
	500.0
	500.0
	500.0
	500.0
	500.0
	500.0
	414.0
	500.0
	500.0
	500.0
	500.0
	500.0
	500.0
	500.0
	500.0
	500.0
	500.0
	500.0
	500.0
	500.0
	500.0
	500.0
	500.0
	500.0
	500.0
	500.0
	456.0
	500.0
	500.0
	500.0
	500.0
	387.0
	44.0
	500.0
	500.0
	500.0
	500.0
	500.0
	500.0
	500.0
	500.0
	500.0
	500.0
	500.0
	500.0
	500.0
	500.0
	500.0
	122.0
	290.0
	500.0
	500.0
	500.0
	500.0
	500.0
	500.0
	500.0
	500.0
	500.0
	500.0
	422.0
	385.0
	500.0
	500.0
	500.0
	500.0
	500.0
	500.0
	500.0
	500.0
	500.0
	500.0
	500.0
	500.0
	500.0
	500.0
	500.0
	500.0
	500.0
	500.0
	500.0
	500.0
	354.0
	500.0
	500.0
	500.0
	500.0
	500.0
	500.0
	376.0
	500.0
	445.0
	156.0
	500.0
	500.0
	500.0
	500.0
	500.0
	500.0
	500.0
	500.0
	500.0
	500.0
	500.0
	500.0
	500.0
	500.0
	500.0
	500.0
	500.0
	500.0
	500.0
	500.0
	284.0
	500.0
	500.0
	500.0
	500.0
	500.0
	500.0
	500.0
	500.0
	500.0
	500.0
	442.0
	500.0
	500.0
	500.0
	500.0
	426.0
	500.0
	500.0
	500.0
	500.0
	500.0
	500.0
	500.0
	500.0
	500.0
	500.0
	344.0
	500.0
	500.0
	488.0
	500.0
	500.0
	500.0
	500.0
	500.0
	500.0
	500.0
	500.0
	500.0
	500.0
	500.0
	500.0
	500.0
	500.0
	500.0
	379.0
	500.0
	500.0
	500.0
	500.0
	500.0
	500.0
	500.0
	500.0
	500.0
	500.0
	500.0
	341.0
	500.0
	500.0
	500.0
	471.0
	500.0
	500.0
	500.0
	500.0
	500.0
	500.0
	500.0
	500.0
	500.0
	500.0
	500.0
	204.0
	500.0
	500.0
	500.0
	500.0
	500.0
	500.0
	500.0
	500.0
	500.0
	500.0
	500.0
	500.0
	500.0
	500.0
	500.0
	500.0
	500.0
	500.0
	500.0
	500.0
	500.0
	500.0
	500.0
	500.0
	500.0
	398.0
	500.0
	500.0
	413.0
	500.0
	500.0
	500.0
	500.0
	500.0
	500.0
	500.0
	500.0
	500.0
	500.0
	500.0
	500.0
	500.0
	500.0
	500.0
	500.0
	500.0
	500.0
	500.0
	500.0
	500.0
	500.0
	500.0
	500.0
	500.0
	500.0
	500.0
	437.0
	500.0
	500.0
	500.0
	500.0
	500.0
	500.0
	500.0
	500.0
	500.0
	500.0
	500.0
	500.0
	500.0
	500.0
	500.0
	500.0
	500.0
	500.0
	500.0
	500.0
	500.0
	500.0
	500.0
	500.0
	500.0
	500.0
	500.0
	143.0
	500.0
	500.0
	500.0
	500.0
	500.0
	500.0
	500.0
	500.0
	500.0
	500.0
	500.0
	500.0
	500.0
	500.0
	500.0
	500.0
	500.0
	500.0
	500.0
	500.0
	500.0
	500.0
	500.0
	500.0
	471.0
	499.0
	500.0
	500.0
	500.0
	500.0
	500.0
	500.0
	500.0
	500.0
	293.0
	500.0
	500.0
	500.0
	500.0
	500.0
	500.0
	500.0
	500.0
	500.0
	500.0
	500.0
	500.0
	500.0
	500.0
	500.0
	500.0
	500.0
	500.0
	500.0
	500.0
	500.0
	500.0
	500.0
	500.0
	500.0
	500.0
	500.0
	500.0
	500.0
	500.0
	500.0
	500.0
	500.0
	500.0
	500.0
	500.0
	500.0
	500.0
	466.0
	500.0
	500.0
	500.0
	500.0
	220.0
	500.0
	500.0
	500.0
	500.0
	500.0
	500.0
	500.0
	500.0
	500.0
	500.0
	500.0
	500.0
	500.0
	500.0
	500.0
	500.0
	500.0
	500.0
	500.0
	500.0
	500.0
	500.0
	500.0
	293.0
	500.0
	288.0
	500.0
	500.0
	500.0
	500.0
	500.0
	477.0
	474.0
	500.0
	500.0
	500.0
	500.0
	500.0
	474.0
	299.0
	500.0
	500.0
	500.0
	500.0
	500.0
	352.0
	500.0
	500.0
	500.0
	500.0
	500.0
	500.0
	333.0
	443.0
	267.0
	500.0
	500.0
	500.0
	500.0
	500.0
	500.0
	500.0
	500.0
	318.0
	500.0
	500.0
	500.0
	500.0
	500.0
	500.0
	500.0
	270.0
	500.0
	500.0
	500.0
	500.0
	500.0
	500.0
	500.0
	500.0
	500.0
	500.0
	432.0
	500.0
	500.0
	500.0
	500.0
	500.0
	500.0
	500.0
	500.0
	500.0
	500.0
	500.0
	447.0
	500.0
	500.0
	500.0
	500.0
	500.0
	500.0
	500.0
	500.0
	500.0
	500.0
	500.0
	500.0
	500.0
	500.0
	500.0
	500.0
	500.0
	500.0
	500.0
	500.0
	500.0
	500.0
	500.0
	500.0
	500.0
	500.0
	500.0
	500.0
	500.0
	500.0
	500.0
	500.0
	500.0
	500.0
	500.0
	500.0
	500.0
	500.0
	500.0
	500.0
	380.0
	500.0
	500.0
	500.0
	500.0
	500.0
	425.0
	500.0
	500.0
	500.0
	500.0
	500.0
	500.0
	500.0
	500.0
	500.0
	500.0
	500.0
	17.0
	500.0
	500.0
	500.0
	500.0
	454.0
	500.0
	500.0
	13.0
	500.0
	500.0
	500.0
	500.0
	500.0
	500.0
	500.0
	500.0
	500.0
	500.0
	333.0
	332.0
	178.0
	500.0
	500.0
	500.0
	500.0
	500.0
	500.0
	500.0
	500.0
	500.0
	500.0
	500.0
	500.0
	500.0
	500.0
	500.0
	500.0
	500.0
	500.0
	500.0
	500.0
	500.0
	500.0
	500.0
	500.0
	500.0
	500.0
	500.0
	500.0
	500.0
	500.0
	500.0
	500.0
	500.0
	500.0
	500.0
	500.0
	500.0
	500.0
	500.0
	500.0
	211.0
	500.0
	500.0
	500.0
	500.0
	500.0
	500.0
	500.0
	188.0
	500.0
	500.0
	500.0
	500.0
	500.0
	500.0
	500.0
	500.0
	500.0
	500.0
	500.0
	500.0
	500.0
	500.0
	500.0
	500.0
	500.0
	500.0
	500.0
	500.0
	500.0
	500.0
	350.0
	418.0
	500.0
	500.0
	500.0
	500.0
	500.0
	500.0
	500.0
	500.0
	500.0
	500.0
	500.0
	500.0
	500.0
	500.0
	426.0
	500.0
	500.0
	500.0
	500.0
	500.0
	500.0
	500.0
	500.0
	500.0
	11.0
	500.0
	500.0
	500.0
	500.0
	500.0
	500.0
	500.0
	500.0
	418.0
	500.0
	500.0
	500.0
	500.0
	500.0
	500.0
	500.0
	500.0
	500.0
	500.0
	500.0
	500.0
	500.0
	500.0
	500.0
	500.0
	500.0
	500.0
	500.0
	500.0
	500.0
	500.0
	500.0
	500.0
	500.0
	500.0
	500.0
	500.0
	500.0
	500.0
	500.0
	500.0
	500.0
	500.0
	500.0
	500.0
	500.0
	500.0
	500.0
	500.0
	500.0
	500.0
	500.0
	500.0
	500.0
	500.0
	500.0
	500.0
	500.0
	440.0
	500.0
	500.0
	500.0
	167.0
	500.0
	500.0
	500.0
	500.0
	500.0
	500.0
	500.0
	500.0
	500.0
	281.0
	500.0
	500.0
	500.0
	500.0
	500.0
	281.0
	500.0
	500.0
	500.0
	500.0
	500.0
	500.0
	500.0
	500.0
	500.0
	500.0
	500.0
	500.0
	500.0
	500.0
	500.0
	500.0
	500.0
	500.0
	500.0
	500.0
	500.0
	500.0
	500.0
	500.0
	500.0
	500.0
	467.0
	500.0
	500.0
	500.0
	500.0
	500.0
	500.0
	500.0
	500.0
	500.0
	500.0
	500.0
	500.0
	395.0
	500.0
	500.0
	500.0
	500.0
	500.0
	500.0
	500.0
	500.0
	458.0
	500.0
	500.0
	500.0
	500.0
	500.0
	500.0
	500.0
	500.0
	500.0
	500.0
	500.0
	500.0
	500.0
	462.0
	500.0
	500.0
	500.0
	500.0
	500.0
	500.0
	500.0
	500.0
	500.0
	500.0
	500.0
	500.0
	500.0
	500.0
	500.0
	500.0
	500.0
	500.0
	500.0
	500.0
	500.0
	500.0
	500.0
	500.0
	500.0
	500.0
	500.0
	500.0
	500.0
	500.0
	500.0
	500.0
	500.0
	500.0
	500.0
	500.0
	500.0
	500.0
	500.0
	500.0
	500.0
	500.0
	500.0
	500.0
	500.0
	139.0
	500.0
	500.0
	500.0
	500.0
	500.0
	500.0
	500.0
	500.0
	500.0
	500.0
	500.0
	500.0
	500.0
	500.0
	500.0
	500.0
	500.0
	500.0
	500.0
	500.0
	500.0
	312.0
	500.0
	415.0
	500.0
	500.0
	500.0
	500.0
	500.0
	500.0
	500.0
	500.0
	500.0
	500.0
	500.0
	500.0
	500.0
	500.0
	318.0
	500.0
	500.0
	500.0
	500.0
	500.0
	500.0
	500.0
	500.0
	500.0
	500.0
	500.0
	500.0
	500.0
	500.0
	500.0
	500.0
	500.0
	500.0
	500.0
	500.0
	500.0
	332.0
	500.0
	500.0
	500.0
	500.0
	500.0
	500.0
	500.0
	500.0
	500.0
	500.0
	500.0
	500.0
	500.0
	500.0
	389.0
	477.0
	500.0
	500.0
	500.0
	500.0
	373.0
	500.0
	500.0
	500.0
	500.0
	500.0
	488.0
	500.0
	500.0
	500.0
	500.0
	500.0
	500.0
	500.0
	471.0
	350.0
	371.0
	500.0
	500.0
	500.0
	500.0
	500.0
	500.0
	500.0
	500.0
	500.0
	500.0
	500.0
	500.0
	500.0
	500.0
	500.0
	500.0
	500.0
	500.0
	237.0
	456.0
	500.0
	500.0
	500.0
	500.0
	500.0
	500.0
	500.0
	500.0
	500.0
	232.0
	383.0
	500.0
	500.0
	500.0
	500.0
	500.0
	500.0
	500.0
	500.0
	500.0
	500.0
	475.0
	500.0
	500.0
	500.0
	500.0
	500.0
	500.0
	466.0
	500.0
	500.0
	500.0
	500.0
	500.0
	500.0
	500.0
	500.0
	500.0
	458.0
	500.0
	500.0
	500.0
	500.0
	500.0
	500.0
	500.0
	500.0
	500.0
	500.0
	500.0
	500.0
	500.0
	500.0
	500.0
	500.0
	282.0
	500.0
	500.0
	404.0
	500.0
	500.0
	500.0
	218.0
	500.0
	500.0
	500.0
	500.0
	500.0
	500.0
	500.0
	500.0
	500.0
	500.0
	500.0
	447.0
	500.0
	500.0
	500.0
	500.0
	500.0
	376.0
	500.0
	317.0
	500.0
	500.0
	500.0
	500.0
	371.0
	240.0
	222.0
	500.0
	500.0
	500.0
	500.0
	500.0
	500.0
	500.0
	500.0
	500.0
	322.0
	500.0
	378.0
	500.0
	445.0
	500.0
	500.0
	500.0
	500.0
	500.0
	317.0
	500.0
	500.0
	500.0
	500.0
	500.0
	500.0
	500.0
	377.0
	500.0
	500.0
	303.0
	500.0
	500.0
	500.0
	500.0
	500.0
	500.0
	500.0
	500.0
	434.0
	323.0
	500.0
	500.0
	500.0
	500.0
	500.0
	426.0
	500.0
	500.0
	500.0
	500.0
	500.0
	500.0
	500.0
	500.0
	500.0
	500.0
	500.0
	500.0
	500.0
	500.0
	500.0
	264.0
	500.0
	500.0
	500.0
	500.0
	500.0
	500.0
	500.0
	500.0
	500.0
	500.0
	500.0
	500.0
	500.0
	500.0
	500.0
	336.0
	500.0
	500.0
	500.0
	500.0
	500.0
	500.0
	294.0
	500.0
	500.0
	500.0
	500.0
	500.0
	148.0
	500.0
	500.0
	500.0
	500.0
	500.0
	500.0
	500.0
	500.0
	500.0
	500.0
	500.0
	500.0
	500.0
	500.0
	421.0
	361.0
	500.0
	500.0
	500.0
	500.0
	500.0
	500.0
	500.0
	500.0
	500.0
	500.0
	500.0
	500.0
	500.0
	500.0
	500.0
	500.0
	500.0
	500.0
	500.0
	500.0
	500.0
	500.0
	500.0
	500.0
	500.0
	500.0
	500.0
	500.0
	500.0
	500.0
	500.0
	500.0
	500.0
	500.0
	500.0
	500.0
	190.0
	500.0
	500.0
	500.0
	500.0
	500.0
	500.0
	500.0
	500.0
	500.0
	500.0
	500.0
	500.0
	500.0
	500.0
	500.0
	500.0
	500.0
	500.0
	500.0
	500.0
	500.0
	500.0
	500.0
	500.0
	500.0
	357.0
	474.0
	500.0
	190.0
	500.0
	500.0
	500.0
	500.0
	500.0
	181.0
	500.0
	500.0
	500.0
	500.0
	500.0
	500.0
	500.0
	500.0
	500.0
	500.0
	500.0
	500.0
	464.0
	500.0
	433.0
	500.0
	500.0
	500.0
	136.0
	500.0
	500.0
	500.0
	500.0
	500.0
	500.0
	500.0
	500.0
	500.0
	500.0
	500.0
	500.0
	500.0
	500.0
	500.0
	500.0
	500.0
	500.0
	500.0
	500.0
	500.0
	500.0
	468.0
	500.0
	257.0
	500.0
	500.0
	500.0
	500.0
	500.0
	500.0
	500.0
	500.0
	500.0
	500.0
	500.0
	500.0
	500.0
	500.0
	500.0
	500.0
	500.0
	500.0
	500.0
	500.0
	500.0
	500.0
	500.0
	500.0
	500.0
	500.0
	500.0
	500.0
	500.0
	500.0
	500.0
	500.0
	500.0
	500.0
	500.0
	500.0
	500.0
	500.0
	500.0
	500.0
	429.0
	500.0
	500.0
	500.0
	500.0
	500.0
	500.0
	500.0
	500.0
	500.0
	500.0
	500.0
	500.0
	500.0
	500.0
	500.0
	500.0
	500.0
	500.0
	443.0
	346.0
	500.0
	500.0
	500.0
	500.0
	500.0
	500.0
	486.0
	500.0
	500.0
	500.0
	500.0
	500.0
	500.0
	500.0
	500.0
	500.0
	500.0
	500.0
	500.0
	500.0
	500.0
	500.0
	500.0
	500.0
	500.0
	500.0
	500.0
	500.0
	500.0
	500.0
	500.0
	500.0
	468.0
	500.0
	500.0
	500.0
	500.0
	500.0
	500.0
	240.0
	500.0
	500.0
	500.0
	500.0
	500.0
	500.0
	500.0
	500.0
	500.0
	448.0
	500.0
	346.0
	500.0
	500.0
	500.0
	500.0
	500.0
	500.0
	500.0
	500.0
	500.0
	500.0
	429.0
	500.0
	500.0
	500.0
	500.0
	500.0
	500.0
	500.0
	500.0
	500.0
	500.0
	500.0
	500.0
	500.0
	500.0
	500.0
	500.0
	500.0
	500.0
	500.0
	500.0
	381.0
	500.0
	500.0
	500.0
	500.0
	448.0
	500.0
	500.0
	500.0
	500.0
	500.0
	500.0
	500.0
	500.0
	500.0
	500.0
	500.0
	500.0
	500.0
	500.0
	500.0
	500.0
	500.0
	500.0
	500.0
	500.0
	415.0
	500.0
	500.0
	500.0
	500.0
	500.0
	500.0
	500.0
	500.0
	500.0
	495.0
	500.0
	500.0
	500.0
	500.0
	500.0
	500.0
	500.0
	500.0
	500.0
	500.0
	500.0
	500.0
	500.0
	500.0
	500.0
	500.0
	500.0
	500.0
	500.0
	500.0
	500.0
	500.0
	500.0
	461.0
	500.0
	500.0
	500.0
	500.0
	500.0
	415.0
	500.0
	500.0
	407.0
	500.0
	500.0
	500.0
	500.0
	500.0
	500.0
	500.0
	500.0
	500.0
	500.0
	500.0
	500.0
	500.0
	372.0
	500.0
	500.0
	500.0
	500.0
	500.0
	500.0
	500.0
	500.0
	500.0
	500.0
	500.0
	500.0
	500.0
	500.0
	500.0
	500.0
	500.0
	500.0
	500.0
	500.0
	500.0
	500.0
	500.0
	500.0
	500.0
	500.0
	500.0
	500.0
	500.0
	500.0
	202.0
	500.0
	248.0
	500.0
	500.0
	500.0
	500.0
	500.0
	500.0
	500.0
	500.0
	500.0
	500.0
	500.0
	430.0
	500.0
	500.0
	500.0
	500.0
	500.0
	500.0
	500.0
	500.0
	500.0
	500.0
	500.0
	500.0
	500.0
	500.0
	500.0
	500.0
	500.0
	500.0
	500.0
	500.0
	500.0
	500.0
	500.0
	500.0
	500.0
	500.0
	500.0
	500.0
	500.0
	304.0
	500.0
	500.0
	500.0
	500.0
	500.0
	500.0
	500.0
	500.0
	500.0
	500.0
	500.0
	500.0
	500.0
	500.0
	500.0
	500.0
	500.0
	500.0
	500.0
	500.0
	500.0
	500.0
	500.0
	500.0
	354.0
	500.0
	500.0
	500.0
	500.0
	500.0
	500.0
	500.0
	500.0
	500.0
	500.0
	500.0
	500.0
	500.0
	500.0
	246.0
	500.0
	500.0
	500.0
	500.0
	500.0
	500.0
	500.0
	500.0
	500.0
	500.0
	500.0
	500.0
	500.0
	500.0
	500.0
	500.0
	500.0
	500.0
	280.0
	500.0
	500.0
	500.0
	500.0
	500.0
	500.0
	500.0
	500.0
	500.0
	500.0
	500.0
	500.0
	166.0
	500.0
	500.0
	500.0
	500.0
	500.0
	500.0
	500.0
	500.0
	500.0
	500.0
	500.0
	500.0
	500.0
	500.0
	500.0
	500.0
	500.0
	500.0
	500.0
	500.0
	500.0
	500.0
	500.0
	500.0
	500.0
	500.0
	500.0
	500.0
	500.0
	500.0
	500.0
	500.0
	500.0
	500.0
	500.0
	500.0
	500.0
	500.0
	500.0
	500.0
	500.0
	500.0
	500.0
	500.0
	500.0
	500.0
	500.0
	500.0
	500.0
	500.0
	500.0
	500.0
	500.0
	500.0
	500.0
	500.0
	500.0
	500.0
	500.0
	500.0
	500.0
	500.0
	500.0
	500.0
	500.0
	500.0
	500.0
	500.0
	500.0
	500.0
	500.0
	500.0
	500.0
	500.0
	500.0
	500.0
	500.0
	500.0
	500.0
	500.0
	500.0
	500.0
	500.0
	500.0
	500.0
	500.0
	500.0
	500.0
	401.0
	496.0
	500.0
	500.0
	500.0
	500.0
	500.0
	500.0
	500.0
	500.0
	500.0
	376.0
	500.0
	500.0
	500.0
	500.0
	500.0
	500.0
	500.0
	500.0
	290.0
	500.0
	500.0
	500.0
	500.0
	500.0
	500.0
	500.0
	500.0
	419.0
	500.0
	500.0
	433.0
	500.0
	500.0
	500.0
	500.0
	500.0
	500.0
	500.0
	500.0
	500.0
	500.0
	500.0
	500.0
	500.0
	365.0
	500.0
	500.0
	500.0
	500.0
	500.0
	500.0
	500.0
	500.0
	500.0
	500.0
	500.0
	500.0
	500.0
	500.0
	184.0
	500.0
	500.0
	500.0
	500.0
	500.0
	500.0
	500.0
	500.0
	500.0
	500.0
	500.0
	500.0
	500.0
	500.0
	500.0
	500.0
	500.0
	500.0
	500.0
	500.0
	500.0
	500.0
	500.0
	500.0
	500.0
	500.0
	500.0
	500.0
	500.0
	500.0
	500.0
	500.0
	500.0
	500.0
	500.0
	500.0
	500.0
	500.0
	500.0
	500.0
	500.0
	500.0
	500.0
	500.0
	500.0
	500.0
	500.0
	500.0
	500.0
	500.0
	500.0
	500.0
	500.0
	500.0
	500.0
	500.0
	500.0
	307.0
	500.0
	500.0
	500.0
	500.0
	500.0
	500.0
	500.0
	500.0
	500.0
	500.0
	500.0
	500.0
	500.0
	500.0
	500.0
	500.0
	500.0
	500.0
	500.0
	500.0
	500.0
	500.0
	500.0
	500.0
	500.0
	500.0
	470.0
	500.0
	500.0
	500.0
	500.0
	500.0
	500.0
	500.0
	500.0
	500.0
	500.0
	500.0
	500.0
	500.0
	500.0
	500.0
	500.0
	500.0
	402.0
	500.0
	500.0
	500.0
	500.0
	500.0
	500.0
	500.0
	500.0
	500.0
	500.0
	500.0
	500.0
	500.0
	500.0
	500.0
	500.0
	500.0
	500.0
	500.0
	500.0
	500.0
	500.0
	500.0
	500.0
	500.0
	500.0
	500.0
	500.0
	500.0
	500.0
	500.0
	500.0
	500.0
	500.0
	500.0
	500.0
	500.0
	500.0
	500.0
	500.0
	500.0
	500.0
	500.0
	500.0
	500.0
	500.0
	500.0
	500.0
	500.0
	500.0
	500.0
	500.0
	500.0
	500.0
	500.0
	500.0
	500.0
	500.0
	500.0
	500.0
	499.0
	500.0
	500.0
	500.0
	500.0
	500.0
	500.0
	500.0
	500.0
	500.0
	500.0
	500.0
	475.0
	500.0
	500.0
	500.0
	500.0
	500.0
	500.0
	500.0
	500.0
	500.0
	500.0
	500.0
	500.0
	500.0
	500.0
	500.0
	500.0
	500.0
	500.0
	500.0
	500.0
	500.0
	500.0
	500.0
	500.0
	500.0
	500.0
	500.0
	500.0
	500.0
	500.0
	500.0
	460.0
	500.0
	500.0
	500.0
	500.0
	500.0
	500.0
	500.0
	500.0
	500.0
	500.0
	500.0
	500.0
	500.0
	500.0
	500.0
	500.0
	500.0
	500.0
	500.0
	500.0
	500.0
	500.0
	395.0
	500.0
	500.0
	500.0
	449.0
	500.0
	500.0
	500.0
	500.0
	174.0
	500.0
	500.0
	500.0
	183.0
	500.0
	500.0
	500.0
	500.0
	500.0
	500.0
	500.0
	500.0
	500.0
	500.0
	500.0
	500.0
	500.0
	500.0
	500.0
	500.0
	500.0
	500.0
	500.0
	500.0
	500.0
	500.0
	500.0
	500.0
	500.0
	500.0
	500.0
	500.0
	500.0
	269.0
	500.0
	500.0
	500.0
	500.0
	355.0
	448.0
	500.0
	500.0
	500.0
	500.0
	500.0
	500.0
	500.0
	500.0
	500.0
	500.0
	500.0
	500.0
	411.0
	381.0
	500.0
	500.0
	500.0
	500.0
	500.0
	500.0
	500.0
	500.0
	500.0
	442.0
	500.0
	500.0
	500.0
	500.0
	500.0
	322.0
	295.0
	500.0
	500.0
	46.0
	500.0
	500.0
	500.0
	452.0
	500.0
	500.0
	500.0
	500.0
	500.0
	500.0
	500.0
	500.0
	500.0
	500.0
	500.0
	500.0
	500.0
	500.0
	500.0
	471.0
	500.0
	500.0
	500.0
	500.0
	500.0
	500.0
	500.0
	500.0
	500.0
	500.0
	500.0
	500.0
	500.0
	500.0
	500.0
	500.0
	500.0
	500.0
	500.0
	500.0
	500.0
	500.0
	430.0
	500.0
	500.0
	500.0
	500.0
	500.0
	500.0
	500.0
	500.0
	500.0
	500.0
	410.0
	500.0
	500.0
	379.0
	500.0
	500.0
	500.0
	500.0
	500.0
	500.0
	500.0
	500.0
	500.0
	500.0
	500.0
	500.0
	500.0
	500.0
	500.0
	401.0
	190.0
	500.0
	500.0
	500.0
	500.0
	500.0
	500.0
	500.0
	500.0
	500.0
	500.0
	500.0
	500.0
	500.0
	500.0
	500.0
	500.0
	500.0
	500.0
	500.0
	500.0
	500.0
	500.0
	500.0
	166.0
	500.0
	500.0
	317.0
	500.0
	500.0
	500.0
	500.0
	500.0
	500.0
	500.0
	305.0
	455.0
	500.0
	431.0
	500.0
	500.0
	500.0
	292.0
	395.0
	500.0
	385.0
	350.0
	500.0
	500.0
	449.0
	500.0
	500.0
	262.0
	500.0
	500.0
	500.0
	500.0
	500.0
	500.0
	500.0
	500.0
	500.0
	500.0
	500.0
	500.0
	500.0
	500.0
	500.0
	500.0
	500.0
	500.0
	500.0
	421.0
	500.0
	383.0
	500.0
	500.0
	500.0
	500.0
	500.0
	500.0
	500.0
	455.0
	500.0
	500.0
	500.0
	500.0
	500.0
	500.0
	500.0
	280.0
	500.0
	500.0
	500.0
	500.0
	500.0
	500.0
	500.0
	500.0
	500.0
	500.0
	500.0
	500.0
	500.0
	500.0
	500.0
	500.0
	500.0
	500.0
	500.0
	500.0
	500.0
	500.0
	500.0
	500.0
	500.0
	500.0
	500.0
	500.0
	500.0
	500.0
	500.0
	500.0
	500.0
	500.0
	500.0
	500.0
	500.0
	500.0
	500.0
	500.0
	500.0
	500.0
	500.0
	500.0
	500.0
	500.0
	500.0
	500.0
	500.0
	500.0
	500.0
	500.0
	500.0
	500.0
	500.0
	500.0
	448.0
	500.0
	500.0
	500.0
	500.0
	500.0
	500.0
	500.0
	500.0
	500.0
	500.0
	500.0
	500.0
	500.0
	319.0
	500.0
	500.0
	500.0
	500.0
	500.0
	500.0
	500.0
	500.0
	500.0
	500.0
	500.0
	500.0
	500.0
	500.0
	500.0
	500.0
	500.0
	500.0
	500.0
	500.0
	500.0
	500.0
	500.0
	500.0
	500.0
	500.0
	500.0
	500.0
	500.0
	500.0
	500.0
	500.0
	500.0
	71.0
	500.0
	500.0
	500.0
	500.0
	500.0
	500.0
	500.0
	500.0
	500.0
	500.0
	500.0
	500.0
	500.0
	500.0
	500.0
	500.0
	500.0
	500.0
	500.0
	500.0
	500.0
	500.0
	500.0
	500.0
	500.0
	500.0
	500.0
	500.0
	500.0
	500.0
	500.0
	500.0
	500.0
	500.0
	500.0
	500.0
	500.0
	500.0
	500.0
	500.0
	500.0
	500.0
	500.0
	500.0
	500.0
	500.0
	500.0
	500.0
	500.0
	500.0
	500.0
	500.0
	500.0
	500.0
	500.0
	500.0
	500.0
	500.0
	500.0
	500.0
	500.0
	500.0
	500.0
	500.0
	500.0
	500.0
	500.0
	500.0
	500.0
	500.0
	500.0
	500.0
	500.0
	422.0
	500.0
	500.0
	500.0
	500.0
	500.0
	500.0
	500.0
	500.0
	500.0
	500.0
	500.0
	500.0
	500.0
	500.0
	500.0
	500.0
	500.0
	500.0
	500.0
	500.0
	500.0
	500.0
	500.0
	500.0
	500.0
	500.0
	500.0
	500.0
	500.0
	500.0
	500.0
	500.0
	500.0
	500.0
	500.0
	500.0
	500.0
	500.0
	500.0
	500.0
	500.0
	500.0
	500.0
	500.0
	500.0
	500.0
	500.0
	500.0
	500.0
	500.0
	500.0
	500.0
	500.0
	500.0
	500.0
	500.0
	500.0
	137.0
	500.0
	500.0
	500.0
	500.0
	500.0
	500.0
	500.0
	500.0
	500.0
	500.0
	500.0
	500.0
	500.0
	500.0
	500.0
	500.0
	500.0
	500.0
	500.0
	500.0
	500.0
	500.0
	500.0
	500.0
	378.0
	500.0
	450.0
	500.0
	500.0
	500.0
	500.0
	500.0
	500.0
	500.0
	500.0
	500.0
	336.0
	500.0
	500.0
	500.0
	500.0
	500.0
	500.0
	500.0
	380.0
	500.0
	500.0
	500.0
	500.0
	500.0
	500.0
	500.0
	500.0
	500.0
	500.0
	500.0
	500.0
	500.0
	500.0
	500.0
	500.0
	500.0
	500.0
	500.0
	500.0
	500.0
	500.0
	500.0
	500.0
	500.0
	500.0
	500.0
	500.0
	500.0
	500.0
	500.0
	500.0
	500.0
	500.0
	500.0
	500.0
	500.0
	500.0
	500.0
	500.0
	500.0
	500.0
	500.0
	500.0
	500.0
	500.0
	500.0
	500.0
	500.0
	500.0
	500.0
	500.0
	500.0
	500.0
	500.0
	500.0
	500.0
	500.0
	500.0
	500.0
	312.0
	500.0
	500.0
	500.0
	500.0
	500.0
	500.0
	500.0
	500.0
	500.0
	500.0
	500.0
	360.0
	500.0
	500.0
	500.0
	500.0
	500.0
	500.0
	500.0
	500.0
	500.0
	500.0
	500.0
	500.0
	500.0
	500.0
	500.0
	500.0
	500.0
	500.0
	403.0
	500.0
	500.0
	500.0
	500.0
	500.0
	500.0
	500.0
	500.0
	500.0
	500.0
	406.0
	500.0
	500.0
	500.0
	500.0
	398.0
	228.0
	500.0
	500.0
	280.0
	500.0
	500.0
	500.0
	500.0
	500.0
	500.0
	500.0
	500.0
	500.0
	500.0
	500.0
	500.0
	500.0
	500.0
	500.0
	500.0
	500.0
	500.0
	500.0
	500.0
	500.0
	500.0
	500.0
	500.0
	500.0
	500.0
	500.0
	500.0
	500.0
	500.0
	500.0
	500.0
	500.0
	500.0
	500.0
	500.0
	500.0
	409.0
	500.0
	500.0
	500.0
	500.0
	500.0
	466.0
	500.0
	500.0
	500.0
	500.0
	500.0
	500.0
	500.0
	500.0
	500.0
	500.0
	500.0
	500.0
	500.0
	500.0
	500.0
	500.0
	500.0
	500.0
	500.0
	500.0
	500.0
	500.0
	240.0
	140.0
	500.0
	332.0
	500.0
	500.0
	500.0
	500.0
	500.0
	500.0
	500.0
	500.0
	500.0
	500.0
	500.0
	500.0
	500.0
	500.0
	500.0
	500.0
	500.0
	500.0
	500.0
	500.0
	500.0
	500.0
	500.0
	500.0
	459.0
	500.0
	500.0
	500.0
	500.0
	500.0
	500.0
	500.0
	500.0
	500.0
	500.0
	500.0
	500.0
	362.0
	500.0
	500.0
	500.0
	500.0
	500.0
	500.0
	500.0
	500.0
	500.0
	500.0
	500.0
	424.0
	500.0
	500.0
	500.0
	500.0
	500.0
	500.0
	500.0
	500.0
	500.0
	500.0
	500.0
	500.0
	500.0
	500.0
	500.0
	500.0
	500.0
	500.0
	500.0
	500.0
	500.0
	500.0
	500.0
	500.0
	500.0
	397.0
	500.0
	500.0
	500.0
	500.0
	500.0
	500.0
	500.0
	500.0
	500.0
	500.0
	500.0
	500.0
	500.0
	500.0
	500.0
	500.0
	500.0
	500.0
	500.0
	500.0
	500.0
	500.0
	500.0
	500.0
	500.0
	500.0
	500.0
	500.0
	500.0
	500.0
	500.0
	500.0
	500.0
	500.0
	500.0
	500.0
	500.0
	500.0
	500.0
	500.0
	500.0
	462.0
	500.0
	500.0
	500.0
	500.0
	500.0
	500.0
	500.0
	500.0
	500.0
	500.0
	500.0
	500.0
	500.0
	500.0
	146.0
	500.0
	500.0
	419.0
	500.0
	500.0
	500.0
	500.0
	500.0
	500.0
	500.0
	500.0
	500.0
	500.0
	500.0
	500.0
	500.0
	500.0
	500.0
	406.0
	500.0
	500.0
	500.0
	500.0
	500.0
	500.0
	500.0
	500.0
	500.0
	500.0
	500.0
	500.0
	500.0
	500.0
	500.0
	500.0
	500.0
	500.0
	500.0
	445.0
	500.0
	500.0
	500.0
	500.0
	500.0
	500.0
	500.0
	500.0
	500.0
	500.0
	500.0
	500.0
	500.0
	500.0
	500.0
	500.0
	500.0
	500.0
	500.0
	500.0
	500.0
	500.0
	500.0
	233.0
	500.0
	500.0
	500.0
	500.0
	500.0
	500.0
	500.0
	500.0
	500.0
	500.0
	500.0
	500.0
	500.0
	500.0
	500.0
	500.0
	500.0
	500.0
	500.0
	500.0
	500.0
	500.0
	500.0
	500.0
	500.0
	500.0
	500.0
	500.0
	500.0
	500.0
	500.0
	500.0
	500.0
	500.0
	500.0
	500.0
	500.0
	500.0
	500.0
	500.0
	500.0
	500.0
	500.0
	500.0
	500.0
	500.0
	500.0
	500.0
	500.0
	421.0
	500.0
	422.0
	500.0
	500.0
	500.0
	500.0
	500.0
	500.0
	500.0
	500.0
	500.0
	500.0
	500.0
	500.0
	500.0
	500.0
	500.0
	500.0
	500.0
	500.0
	500.0
	500.0
	500.0
	500.0
	500.0
	500.0
	500.0
	500.0
	500.0
	500.0
	500.0
	500.0
	500.0
	500.0
	500.0
	500.0
	500.0
	315.0
	500.0
	500.0
	500.0
	500.0
	500.0
	500.0
	500.0
	500.0
	391.0
	500.0
	500.0
	500.0
	500.0
	500.0
	500.0
	500.0
	500.0
	500.0
	500.0
	500.0
	500.0
	500.0
	155.0
	500.0
	500.0
	500.0
	500.0
	500.0
	500.0
	500.0
	500.0
	500.0
	500.0
	500.0
	415.0
	500.0
	500.0
	500.0
	500.0
	500.0
	500.0
	500.0
	500.0
	500.0
	500.0
	500.0
	281.0
	440.0
	421.0
	486.0
	500.0
	500.0
	500.0
	500.0
	500.0
	500.0
	444.0
	217.0
	500.0
	500.0
	500.0
	500.0
	500.0
	500.0
	500.0
	500.0
	500.0
	500.0
	500.0
	500.0
	500.0
	237.0
	500.0
	500.0
	500.0
	500.0
	500.0
	500.0
	500.0
	500.0
	500.0
	365.0
	500.0
	500.0
	420.0
	500.0
	500.0
	500.0
	500.0
	181.0
	500.0
	500.0
	377.0
	500.0
	402.0
	500.0
	500.0
	500.0
	500.0
	500.0
	500.0
	500.0
	153.0
	500.0
	500.0
	500.0
	500.0
	500.0
	500.0
	500.0
	500.0
	500.0
	500.0
	500.0
	500.0
	500.0
	500.0
	500.0
	500.0
	500.0
	500.0
	500.0
	500.0
	500.0
	500.0
	500.0
	500.0
	500.0
	500.0
	500.0
	500.0
	222.0
	500.0
	500.0
	500.0
	486.0
	500.0
	500.0
	500.0
	500.0
	500.0
	500.0
	500.0
	500.0
	500.0
	500.0
	500.0
	500.0
	500.0
	500.0
	500.0
	500.0
	500.0
	461.0
	500.0
	500.0
	500.0
	500.0
	500.0
	500.0
	500.0
	500.0
	500.0
	500.0
	500.0
	500.0
	418.0
	500.0
	500.0
	500.0
	500.0
	500.0
	500.0
	500.0
	500.0
	500.0
	500.0
	500.0
	500.0
	500.0
	500.0
	276.0
	409.0
	500.0
	500.0
	500.0
	500.0
	500.0
	500.0
	500.0
	500.0
	500.0
	500.0
	500.0
	500.0
	500.0
	500.0
	500.0
	500.0
	295.0
	500.0
	500.0
	500.0
	500.0
	500.0
	500.0
	500.0
	500.0
	500.0
	500.0
	500.0
	500.0
	500.0
	500.0
	500.0
	500.0
	500.0
	500.0
	500.0
	500.0
	500.0
	500.0
	500.0
	500.0
	500.0
	500.0
	500.0
	500.0
	500.0
	500.0
	500.0
	500.0
	500.0
	500.0
	500.0
	500.0
	500.0
	500.0
	500.0
	500.0
	500.0
	500.0
	500.0
	500.0
	448.0
	500.0
	500.0
	500.0
	463.0
	500.0
	500.0
	500.0
	500.0
	500.0
	500.0
	361.0
	500.0
	500.0
	500.0
	500.0
	500.0
	500.0
	500.0
	500.0
	500.0
	500.0
	500.0
	500.0
	500.0
	500.0
	500.0
	500.0
	500.0
	500.0
	500.0
	382.0
	500.0
	475.0
	500.0
	500.0
	500.0
	500.0
	431.0
	500.0
	500.0
	500.0
	500.0
	500.0
	500.0
	500.0
	500.0
	500.0
	500.0
	500.0
	500.0
	500.0
	465.0
	500.0
	500.0
	192.0
	500.0
	500.0
	500.0
	500.0
	500.0
	500.0
	500.0
	500.0
	500.0
	500.0
	500.0
	500.0
	500.0
	500.0
	500.0
	500.0
	500.0
	500.0
	500.0
	500.0
	500.0
	500.0
	500.0
	500.0
	500.0
	500.0
	500.0
	353.0
	389.0
	500.0
	500.0
	500.0
	500.0
	500.0
	500.0
	500.0
	500.0
	500.0
	500.0
	500.0
	500.0
	500.0
	500.0
	500.0
	500.0
	500.0
	500.0
	500.0
	500.0
	500.0
	500.0
	500.0
	500.0
	333.0
	500.0
	500.0
	500.0
	500.0
	500.0
	500.0
	500.0
	500.0
	500.0
	500.0
	500.0
	500.0
	500.0
	500.0
	500.0
	500.0
	500.0
	326.0
	500.0
	500.0
	436.0
	500.0
	500.0
	500.0
	500.0
	500.0
	500.0
	500.0
	500.0
	500.0
	500.0
	500.0
	500.0
	500.0
	436.0
	500.0
	500.0
	500.0
	500.0
	500.0
	500.0
	500.0
	500.0
	500.0
	500.0
	500.0
	500.0
	500.0
	500.0
	500.0
	500.0
	500.0
	500.0
	500.0
	500.0
	500.0
	500.0
	500.0
	500.0
	500.0
	500.0
	500.0
	500.0
	500.0
	500.0
	500.0
	500.0
	500.0
	500.0
	500.0
	500.0
	500.0
	500.0
	500.0
	500.0
	500.0
	349.0
	500.0
	500.0
	500.0
	500.0
	500.0
	500.0
	500.0
	500.0
	500.0
	500.0
	500.0
	500.0
	500.0
	500.0
	500.0
	500.0
	500.0
	500.0
	500.0
	313.0
	500.0
	500.0
	159.0
	361.0
	500.0
	500.0
	500.0
	500.0
	500.0
	500.0
	500.0
	500.0
	500.0
	500.0
	367.0
	500.0
	463.0
	88.0
	500.0
	500.0
	500.0
	397.0
	396.0
	500.0
	500.0
	500.0
	500.0
	500.0
	500.0
	500.0
	412.0
	416.0
	500.0
	283.0
	500.0
	500.0
	500.0
	500.0
	500.0
	500.0
	500.0
	500.0
	500.0
	500.0
	500.0
	500.0
	500.0
	500.0
	500.0
	500.0
	500.0
	500.0
	500.0
	500.0
	500.0
	500.0
	500.0
	500.0
	385.0
	500.0
	500.0
	500.0
	500.0
	500.0
	500.0
	335.0
	414.0
	500.0
	500.0
	500.0
	500.0
	365.0
	500.0
	500.0
	500.0
	500.0
	500.0
	500.0
	500.0
	500.0
	500.0
	500.0
	500.0
	500.0
	500.0
	500.0
	500.0
	500.0
	500.0
	500.0
	197.0
	500.0
	500.0
	500.0
	500.0
	500.0
	500.0
	500.0
	500.0
	500.0
	500.0
	500.0
	500.0
	500.0
	500.0
	500.0
	500.0
	500.0
	500.0
	500.0
	475.0
	500.0
	500.0
	500.0
	500.0
	500.0
	500.0
	500.0
	500.0
	500.0
	488.0
	500.0
	500.0
	500.0
	500.0
	500.0
	500.0
	500.0
	500.0
	500.0
	500.0
	500.0
	500.0
	500.0
	500.0
	275.0
	500.0
	500.0
	500.0
	500.0
	500.0
	500.0
	492.0
	500.0
	500.0
	500.0
	500.0
	500.0
	500.0
	500.0
	500.0
	500.0
	500.0
	500.0
	500.0
	444.0
	500.0
	500.0
	500.0
	500.0
	500.0
	500.0
	474.0
	500.0
	500.0
	500.0
	500.0
	500.0
	252.0
	500.0
	500.0
	500.0
	500.0
	500.0
	500.0
	500.0
	500.0
	500.0
	500.0
	500.0
	500.0
	500.0
	500.0
	500.0
	500.0
	500.0
	500.0
	500.0
	500.0
	500.0
	500.0
	500.0
	500.0
	500.0
	500.0
	500.0
	500.0
	500.0
	500.0
	500.0
	500.0
	500.0
	500.0
	500.0
	500.0
	500.0
	500.0
	500.0
	500.0
	500.0
	500.0
	500.0
	500.0
	500.0
	500.0
	500.0
	500.0
	500.0
	500.0
	500.0
	500.0
	500.0
	500.0
	500.0
	500.0
	500.0
	500.0
	500.0
	500.0
	500.0
	500.0
	500.0
	500.0
	500.0
	500.0
	500.0
	500.0
	500.0
	500.0
	500.0
	484.0
	500.0
	500.0
	500.0
	500.0
	500.0
	500.0
	500.0
	500.0
	500.0
	500.0
	500.0
	500.0
	500.0
	500.0
	500.0
	500.0
	500.0
	500.0
	500.0
	500.0
	500.0
	500.0
	500.0
	500.0
	500.0
	500.0
	500.0
	500.0
	500.0
	500.0
	379.0
	500.0
	500.0
	500.0
	500.0
	500.0
	500.0
	500.0
	500.0
	500.0
	500.0
	500.0
	500.0
	500.0
	500.0
	500.0
	500.0
	500.0
	500.0
	500.0
	500.0
	500.0
	500.0
	500.0
	500.0
	500.0
	380.0
	500.0
	500.0
	500.0
	500.0
	500.0
	500.0
	500.0
	500.0
	500.0
	500.0
	500.0
	500.0
	124.0
	500.0
	365.0
	500.0
	500.0
	500.0
	500.0
	500.0
	500.0
	500.0
	500.0
	500.0
	500.0
	500.0
	500.0
	500.0
	500.0
	500.0
	500.0
	500.0
	500.0
	500.0
	500.0
	500.0
	468.0
	500.0
	116.0
	500.0
	482.0
	500.0
	500.0
	500.0
	500.0
	500.0
	500.0
	500.0
	500.0
	500.0
	500.0
	397.0
	463.0
	500.0
	500.0
	500.0
	500.0
	411.0
	500.0
	500.0
	500.0
	500.0
	139.0
	500.0
	500.0
	500.0
	500.0
	265.0
	500.0
	500.0
	500.0
	500.0
	500.0
	500.0
	500.0
	500.0
	500.0
	454.0
	500.0
	500.0
	500.0
	500.0
	500.0
	500.0
	500.0
	500.0
	500.0
	500.0
	500.0
	500.0
	500.0
	500.0
	500.0
	500.0
	500.0
	500.0
	500.0
	500.0
	20.0
	500.0
	500.0
	500.0
	500.0
	500.0
	500.0
	500.0
	482.0
	500.0
	500.0
	500.0
	500.0
	500.0
	500.0
	500.0
	500.0
	500.0
	500.0
	500.0
	500.0
	500.0
	408.0
	500.0
	497.0
	500.0
	500.0
	500.0
	500.0
	500.0
	500.0
	500.0
	500.0
	500.0
	500.0
	500.0
	500.0
	370.0
	500.0
	500.0
	500.0
	225.0
	500.0
	500.0
	500.0
	500.0
	500.0
	500.0
	500.0
	500.0
	500.0
	500.0
	500.0
	500.0
	500.0
	398.0
	103.0
	500.0
	500.0
	327.0
	500.0
	500.0
	500.0
	500.0
	312.0
	500.0
	500.0
	500.0
	500.0
	500.0
	500.0
	210.0
	500.0
	500.0
	500.0
	298.0
	500.0
	500.0
	459.0
	500.0
	457.0
	500.0
	500.0
	500.0
	500.0
	500.0
	500.0
	500.0
	500.0
	500.0
	500.0
	500.0
	500.0
	420.0
