5	23.5	23.580000000000002	15.8	40.4	8.343962071605022
5	20.9	21.34	14.8	30.4	8.346439779999137
5	24.5	23.619999999999997	18.8	27.0	8.35569928728896
5	21.4	21.94	18.0	28.2	8.354106979538551
5	21.6	22.32	17.0	30.2	8.345166321584255
5	19.7	20.9	17.8	28.8	8.354170445119271
5	22.5	23.080000000000002	18.4	32.0	8.36135577136973
5	22.7	23.279999999999998	17.6	30.0	8.361984226924857
5	26.200000000000003	26.220000000000006	18.2	32.8	8.364239240037746
5	20.7	23.160000000000004	15.6	39.6	8.366115486306994
5	28.1	28.48	15.2	40.2	8.369075789021416
5	23.7	24.979999999999997	15.4	39.8	8.365081635096189
5	26.8	28.080000000000002	21.4	37.6	8.364178415955317
5	25.0	27.48	17.4	43.0	8.360438595274458
5	27.799999999999997	29.060000000000002	18.6	37.6	8.363303441850338
5	26.6	24.28	15.4	28.6	8.368881831051686
5	27.4	28.52	19.6	38.0	8.371060257497142
5	24.8	25.5	20.0	32.6	8.371926908520779
5	29.5	30.759999999999998	19.8	51.0	8.36306162514266
5	28.299999999999997	29.939999999999998	21.2	40.6	8.359980735387337
5	27.200000000000003	28.660000000000004	21.6	39.4	8.351410442192485
5	31.2	30.52	19.0	36.6	8.349633381267758
5	26.2	26.32	21.2	31.2	8.351129561098121
5	30.700000000000003	32.480000000000004	18.8	46.6	8.351941747235324
5	30.1	30.7	22.2	41.2	8.351047233832972
5	25.9	26.0	16.4	33.6	8.351040488942527
5	26.6	27.68	17.2	39.0	8.338548183017613
5	32.0	30.620000000000005	21.8	39.6	8.34855844807157
5	27.4	30.26	23.4	42.0	8.344724228304456
5	31.4	32.66	23.2	43.8	8.332496758291311
5	30.299999999999997	31.080000000000002	22.4	40.4	8.33180395016165
5	32.7	32.559999999999995	23.2	46.6	8.325871951743288
5	31.1	32.540000000000006	21.6	52.6	8.320320465965416
5	26.4	29.359999999999996	18.2	46.4	8.304261459502246
5	34.5	33.17999999999999	25.4	42.0	8.317226550609318
5	34.5	35.56	20.6	47.8	8.319743952126572
5	33.900000000000006	32.62	22.0	42.6	8.31582647234007
5	37.2	36.68	24.8	53.8	8.33112202279213
5	30.1	32.28	23.6	39.0	8.342813442493716
5	30.0	30.1	16.2	48.4	8.346100332006936
5	36.4	34.00000000000001	18.4	39.2	8.337608056562898
5	33.9	31.52	19.8	37.8	8.324480253973896
5	38.4	38.839999999999996	22.4	68.2	8.321439532644083
5	29.1	32.88	25.0	48.6	8.32258885529836
5	31.6	35.82	23.4	67.4	8.321810629087862
5	38.400000000000006	38.28	29.0	47.2	8.32084596827936
5	33.3	39.26	27.8	76.4	8.317393711407231
5	40.7	40.32	30.8	50.4	8.31192840733474
5	37.2	38.48	28.0	58.2	8.316827885746465
5	33.599999999999994	38.300000000000004	25.8	59.0	8.311203951317188
5	45.5	42.72	26.4	61.0	8.318047295569396
5	36.099999999999994	35.6	22.0	51.6	8.317624887692821
5	40.5	38.64	21.8	52.2	8.331899872234137
5	49.9	46.58	24.6	71.2	8.329383076945058
5	49.4	49.82	21.6	73.6	8.337154423117482
5	43.7	45.52	34.0	61.0	8.336185772899064
5	39.0	41.12	30.0	53.8	8.338529200856962
5	43.4	43.879999999999995	25.2	61.0	8.34433274646107
5	36.400000000000006	38.62	27.2	63.4	8.342843289987973
5	41.8	40.86	26.4	55.2	8.329069483489398
5	44.4	46.019999999999996	37.2	63.4	8.346075271994348
5	42.3	43.379999999999995	26.4	56.0	8.342795562556567
5	54.099999999999994	53.88000000000001	33.2	67.4	8.339861035434916
5	49.5	54.21999999999999	28.0	79.6	8.327667375733679
5	48.5	50.14	37.4	63.0	8.33573097857462
5	51.5	52.06	35.4	70.0	8.334463267929488
5	43.8	47.339999999999996	31.0	68.0	8.332390917114902
5	44.2	43.160000000000004	28.6	53.4	8.342439750847328
5	49.1	52.120000000000005	41.8	64.8	8.337440309658907
5	53.599999999999994	54.92	39.2	79.8	8.327057661935966
5	50.1	56.14000000000001	38.0	90.2	8.324709147737579
5	45.3	50.76	30.2	85.0	8.306561318714385
5	48.6	47.36000000000001	34.6	58.2	8.310256536855922
5	56.7	56.660000000000004	36.4	84.2	8.309020875455795
5	56.5	60.14	36.2	104.6	8.300042156981604
5	49.599999999999994	49.34	30.0	68.6	8.301319273413046
5	50.8	49.0	31.2	59.8	8.306520333918053
5	63.3	63.000000000000014	44.6	88.6	8.297061023705862
5	55.8	58.239999999999995	38.8	81.4	8.301361684546103
5	55.3	54.94	36.0	74.6	8.301725540788668
5	57.4	62.25999999999999	44.4	90.6	8.298938243089838
5	57.599999999999994	57.08	38.0	79.4	8.294524732309121
5	46.9	48.17999999999999	33.2	56.0	8.301247872592828
5	54.1	59.980000000000004	36.6	105.0	8.293254482556403
5	77.19999999999999	76.62	49.8	120.2	8.30030645004203
5	60.7	64.66	48.4	89.0	8.301999070334215
5	56.4	56.44	39.4	78.4	8.297687089878332
5	65.2	64.08	31.8	94.0	8.293600996896567
5	57.4	58.89999999999999	38.2	77.2	8.295911334503593
5	57.4	60.84000000000001	44.0	86.0	8.285469851249614
5	62.6	63.61999999999999	43.0	105.0	8.281853237474461
5	76.6	77.32000000000001	46.0	109.0	8.2844324018501
5	62.3	68.2	50.4	126.0	8.278654543717126
5	96.30000000000001	93.48	65.4	130.2	8.288048413255197
5	64.4	68.72	41.0	111.6	8.289022631631575
5	63.4	65.53999999999999	51.6	81.6	8.283993057040162
5	63.8	72.67999999999999	50.8	118.2	8.288477703484283
5	63.099999999999994	63.339999999999996	46.4	101.0	8.290704024097167
5	70.9	78.78	57.4	121.0	8.29120805443699
5	74.5	75.74	39.8	105.6	8.29439113418029
5	62.5	70.7	43.2	108.2	8.286849741605163
5	73.19999999999999	69.05999999999999	44.6	90.0	8.280518638414785
5	88.4	94.5	59.0	137.8	8.27895012562882
5	89.4	88.75999999999999	55.2	141.0	8.280751285212162
5	78.7	82.66	42.4	128.4	8.272397658168194
5	72.7	76.14	54.2	131.2	8.27107836020314
5	74.1	74.58	39.0	104.8	8.265296634853112
5	90.5	95.38	41.2	143.4	8.27229086257786
5	71.4	88.2	60.6	153.2	8.28107767826184
5	100.6	98.34	50.4	161.2	8.269819633292364
5	87.9	88.72	63.4	117.4	8.284530203902435
5	94.2	97.14	45.2	144.0	8.288354937731702
5	120.0	130.44	97.2	179.4	8.289907199200918
5	115.1	116.91999999999999	77.8	167.6	8.292657239982136
5	93.3	105.63999999999999	69.2	199.2	8.297064742976968
5	96.4	89.7	47.8	114.0	8.297775791124995
5	105.0	117.67999999999999	59.8	197.8	8.292515662510056
5	103.4	116.54	72.8	208.2	8.295110690760092
5	127.6	129.48	82.2	200.0	8.296975400615848
5	122.19999999999999	122.1	79.0	161.0	8.296126724762017
5	96.30000000000001	100.14	49.6	152.8	8.294028000626861
5	140.10000000000002	139.64000000000001	65.6	203.2	8.292721890020717
5	101.9	110.8	71.0	167.8	8.290384794564527
5	108.2	113.6	75.6	160.8	8.289598411624068
5	128.4	128.88	101.4	189.8	8.288396290833305
5	135.8	140.7	61.8	228.6	8.282170893038181
5	140.8	147.46	70.0	240.6	8.290102321347298
5	120.7	116.12	78.4	152.6	8.293182411510989
5	127.2	132.57999999999998	92.4	190.8	8.28854755171895
5	150.3	152.74	101.2	205.0	8.291788847585389
5	116.9	118.10000000000002	69.6	154.0	8.299591610993241
5	133.8	138.70000000000002	74.6	233.6	8.304018718851893
5	134.0	132.92000000000002	82.0	182.8	8.299123714386088
5	137.0	134.58	75.6	199.4	8.302992308499354
5	151.9	137.48	72.8	188.2	8.30791832302873
5	110.6	112.74000000000001	78.4	153.0	8.296530111653661
5	152.3	149.6	86.0	227.0	8.297708162247497
5	134.6	120.52000000000001	56.2	175.8	8.29037650494827
5	129.8	130.46	87.8	172.6	8.282032419049878
5	125.5	131.64000000000001	76.0	194.2	8.274074341446534
5	119.30000000000001	137.56	93.4	225.0	8.27708525000375
5	120.6	127.96	89.0	164.6	8.269097525063449
5	136.3	145.16	81.8	229.6	8.275666134712766
5	150.4	140.07999999999998	74.2	199.4	8.280389024559693
5	149.8	161.9	90.8	259.2	8.278915350834383
5	135.8	133.88000000000002	72.4	192.2	8.281297934357314
5	183.4	178.35999999999996	92.0	243.2	8.286860350213201
5	162.2	159.88	84.2	234.4	8.288446262021422
5	139.2	150.16	52.0	257.8	8.295878803276851
5	151.6	162.98000000000002	99.0	245.4	8.29847177053549
5	181.3	163.94	89.0	205.2	8.295640893373118
5	147.2	158.98	93.2	286.4	8.303223547571871
5	139.3	139.26	79.2	193.8	8.300009376718824
5	155.5	149.85999999999999	65.0	220.4	8.301120808697664
5	159.9	153.72000000000003	77.2	183.4	8.282053890694629
5	117.5	116.42	65.6	177.0	8.280367676634068
5	144.2	153.52	115.8	227.4	8.271342587826119
5	127.80000000000001	133.76000000000002	70.8	234.6	8.271397786255445
5	144.8	146.38	101.2	196.0	8.27553748881188
5	152.10000000000002	150.7	81.2	284.8	8.285843911511265
5	138.2	152.3	105.4	257.0	8.289414870117975
5	156.9	159.68	64.4	267.8	8.30367369268009
5	121.1	123.74000000000001	88.4	189.2	8.306256600666645
5	138.3	150.76	95.2	267.2	8.312091201560762
5	140.60000000000002	155.98	117.4	230.4	8.317873893393841
5	115.6	147.32	89.4	307.8	8.304988387958053
5	169.60000000000002	161.78000000000003	79.6	248.2	8.31681400093126
5	156.8	155.74	108.8	232.4	8.321505582919421
5	166.6	178.68	127.8	290.2	8.321607559262599
5	177.3	189.2	85.2	300.8	8.32563276330634
5	192.60000000000002	174.28	102.0	230.4	8.3232255452047
5	185.9	184.38	139.4	248.0	8.330555252351537
5	156.7	175.61999999999998	109.2	328.4	8.329606343923052
5	197.89999999999998	194.51999999999998	88.6	274.2	8.325118846344802
5	162.8	162.48000000000002	81.0	236.2	8.318993111528512
5	169.89999999999998	174.68	82.4	306.8	8.316106545602835
5	244.29999999999998	240.26000000000005	182.8	296.0	8.316716502273977
5	164.8	188.3	127.2	333.8	8.320168566771372
5	236.5	230.83999999999997	158.6	294.2	8.31807959065416
5	210.0	205.4	108.6	282.0	8.327781952852503
5	236.4	215.56000000000003	98.8	288.0	8.332414461771975
5	167.4	169.02	91.0	275.0	8.327349466246524
5	251.4	248.88000000000002	149.0	311.6	8.332286066247619
5	253.29999999999998	219.52000000000004	76.0	316.0	8.329301222509274
5	222.10000000000002	219.66	127.4	343.0	8.323429264755939
5	218.3	209.56	100.6	283.8	8.325228539481758
5	178.60000000000002	183.56	103.6	270.8	8.324419820425431
5	191.5	198.27999999999997	111.8	339.8	8.317786071814535
5	224.39999999999998	226.10000000000005	133.6	309.0	8.319550666480252
5	197.3	197.50000000000003	130.8	257.2	8.311213820725687
5	194.8	209.17999999999998	153.8	280.4	8.316254790068161
5	279.5	251.2	128.0	317.0	8.308559257700466
5	204.2	217.87999999999997	104.2	380.0	8.312733027386995
5	227.0	223.16	131.0	320.6	8.307544275586585
5	263.5	283.7800000000001	136.8	428.6	8.316173717708732
5	198.8	216.64000000000001	56.0	355.2	8.307775720850051
5	197.2	205.42	107.2	304.8	8.298557947475617
5	253.7	242.66	115.4	374.8	8.302591696750314
5	174.0	216.04000000000002	129.2	402.2	8.290564426859863
5	206.6	218.16	119.8	325.8	8.303196624588114
5	271.2	263.12	155.8	379.4	8.292217877828458
5	182.1	193.62	141.8	270.0	8.295192313810347
5	268.29999999999995	265.42	143.4	364.8	8.305816687854618
5	264.6	266.99999999999994	122.0	353.0	8.305826208537459
5	323.6	289.72	118.8	396.2	8.301170185521126
5	209.5	220.01999999999998	132.2	387.0	8.306274855519987
5	259.0	257.68	151.0	386.2	8.310401634260916
5	265.1	250.07999999999998	137.0	356.4	8.315873164275619
5	265.4	278.26	157.6	442.6	8.315778088198417
5	240.7	239.2	191.0	287.2	8.322908556694866
5	228.8	240.56000000000003	102.8	448.6	8.325899727287347
5	268.5	276.7	139.6	392.0	8.320011777528695
5	282.8	280.08	199.6	345.8	8.326370440467521
5	335.8	317.7	132.6	459.0	8.324818834368804
5	301.9	295.32	191.0	389.6	8.302185020618829
5	285.70000000000005	281.74	140.8	406.4	8.302569925867427
5	260.6	265.44	116.8	430.0	8.298829065145373
5	296.2	279.76	157.4	367.6	8.290867813458888
5	335.5	310.0	102.4	403.4	8.305577799476792
5	278.9	276.15999999999997	175.2	366.8	8.303311230445933
5	271.29999999999995	276.46000000000004	185.4	384.8	8.293211850108811
5	303.7	297.26	184.4	453.8	8.3032212246237
5	290.4	286.82	126.6	431.6	8.295648762000464
5	237.0	248.82000000000002	158.8	327.8	8.29907207191359
5	354.9	342.04	161.8	445.8	8.287497503735478
5	277.20000000000005	275.0	163.2	379.4	8.282551269149362
5	291.70000000000005	291.12	249.2	350.4	8.289963697836548
5	298.70000000000005	309.36	233.0	394.8	8.289027873624532
5	210.1	209.51999999999998	71.6	333.8	8.283911137658968
5	328.6	315.56	135.6	446.6	8.273124330016165
5	336.4	345.65999999999997	297.0	483.2	8.27733575379904
5	327.6	319.70000000000005	124.0	466.8	8.28673410664937
5	316.4	333.14	206.4	481.6	8.282536296621059
5	343.4	336.54	204.6	439.2	8.277875762547126
5	366.9	365.06	221.0	433.2	8.273777823334886
5	340.20000000000005	339.4599999999999	198.4	455.4	8.274618389109131
5	356.9	354.96000000000004	295.6	415.8	8.272611264610719
5	350.0	350.74	294.6	455.0	8.270844147108717
5	412.1	376.64	266.6	441.0	8.267182132722983
5	370.5	338.84	130.4	411.6	8.26948999419452
5	396.3	393.28	272.6	493.0	8.26423878250953
5	334.9	331.12	211.2	476.0	8.261205183341369
5	371.0	358.36	228.4	435.0	8.258087693832156
5	342.8	343.53999999999996	246.8	484.0	8.251376017964196
5	319.1	343.5	221.0	460.8	8.23758602935654
5	347.6	336.84	118.0	433.0	8.23521578381068
5	353.6	340.65999999999997	171.0	400.2	8.240046057316743
5	349.1	340.36	227.2	426.0	8.228618783611873
5	355.5	358.58000000000004	282.6	427.8	8.227574845084051
5	348.4	346.34	246.2	461.6	8.231283382497303
5	336.2	347.62	237.2	464.0	8.236399639710001
5	421.9	408.1	330.0	468.2	8.227691597543549
5	362.8	357.84000000000003	264.8	419.8	8.22705888942808
5	370.8	383.54	311.0	479.6	8.222199689169909
5	355.8	350.88	263.6	430.0	8.236340130625223
5	390.79999999999995	372.3	255.0	475.6	8.238959986646659
5	381.6	390.9	332.2	451.2	8.232091542797239
5	411.1	416.1	318.8	500.0	8.23470647069026
5	388.6	383.84	249.8	483.0	8.231901686407543
5	365.8	371.82000000000005	271.2	472.4	8.22688761322495
5	383.6	386.44	288.6	500.0	8.220439647394105
5	409.4	409.6	363.4	461.8	8.23196897906118
5	432.2	402.78000000000003	202.4	488.2	8.235150029561286
5	389.7	390.34	266.8	494.0	8.233795749074485
5	411.6	405.14	318.6	497.0	8.232648001775118
5	324.1	328.46	203.0	439.4	8.231774329335344
5	400.0	412.41999999999996	315.8	500.0	8.225046344443106
5	381.8	387.4	273.6	478.2	8.234199158968604
5	410.1	416.98	353.8	485.2	8.237892722968423
5	418.3	413.23999999999995	290.6	500.0	8.241220533198584
5	345.0	367.5	318.6	467.8	8.237718388094866
5	419.0	409.46000000000004	311.4	492.8	8.232908524508742
5	432.0	418.12	283.0	500.0	8.235077139188084
5	422.3	426.21999999999997	294.4	500.0	8.232723999786524
5	391.1	400.76000000000005	330.8	490.0	8.225901773360146
5	458.0	433.52	304.4	500.0	8.223625772488733
5	428.9	425.1	331.6	485.0	8.242357200462424
5	380.4	389.28	320.0	456.2	8.24564201916589
5	414.3	408.64	315.8	500.0	8.241579510622985
5	407.7	404.1	274.8	500.0	8.245195850511934
5	441.2	437.8	310.4	500.0	8.23991332997945
5	415.8	422.56000000000006	347.0	496.2	8.247921099708371
5	445.4	421.3	272.4	482.0	8.26465761371191
5	467.29999999999995	443.6	254.0	500.0	8.27657893592589
5	476.1	454.8	383.6	500.0	8.280671629902507
5	435.20000000000005	431.73999999999995	385.2	483.6	8.291333047492486
5	421.8	415.53999999999996	299.0	500.0	8.28723357397335
5	452.2	452.02	381.0	500.0	8.285209087468814
5	397.9	403.74	352.4	500.0	8.286195975712333
5	441.4	418.91999999999996	292.8	491.4	8.288462369657925
5	411.1	405.02000000000004	306.6	489.0	8.300362990772568
5	415.6	422.25999999999993	368.4	477.2	8.305901186239888
5	422.79999999999995	414.0	312.2	472.6	8.309189054475857
5	399.8	393.0400000000001	284.4	456.0	8.30557119706782
5	476.70000000000005	455.5200000000001	377.2	494.8	8.307711517821982
5	385.8	396.04	306.6	481.8	8.309698500030764
5	394.4	375.76	254.4	439.6	8.316717016409974
5	380.3	383.96000000000004	291.8	494.8	8.313230211422027
5	403.5	412.3	298.4	500.0	8.311151000290979
5	376.70000000000005	376.7800000000001	255.4	481.8	8.319274559377483
5	410.29999999999995	406.96	358.8	459.2	8.325849981790936
5	401.9	403.58000000000004	360.0	485.6	8.314093296641788
5	444.29999999999995	441.84	337.4	486.6	8.319045170405479
5	394.0	403.8	349.4	475.0	8.311239595557346
5	437.5	415.85999999999996	231.8	476.0	8.313939323703925
5	428.79999999999995	415.8	309.0	500.0	8.31658413830024
5	357.8	376.41999999999996	313.2	466.2	8.328944699249686
5	424.1	429.53999999999996	362.2	500.0	8.328677814584942
5	407.6	396.72	221.0	474.6	8.32613453681805
5	377.9	383.17999999999995	233.6	474.4	8.32469611255924
5	403.5	407.9	355.0	473.2	8.335236048974568
5	407.5	398.65999999999997	238.4	469.4	8.324493549379476
5	427.7	426.14	336.6	491.6	8.319974511435793
5	403.2	389.42	270.0	465.2	8.325463968018108
5	421.0	414.48	312.2	476.6	8.321390383548856
5	442.29999999999995	427.08000000000004	286.0	496.4	8.330323532335159
5	435.79999999999995	425.37999999999994	308.8	486.0	8.328664533198774
5	411.6	397.18	264.0	485.2	8.326059684621526
5	383.6	377.02	300.4	488.2	8.320202068271639
5	408.0	394.66	304.4	456.6	8.311149348600525
5	434.5	420.56000000000006	327.4	500.0	8.310634243545886
5	404.9	409.58	345.0	487.0	8.30319495324469
5	410.4	423.58000000000004	358.0	486.2	8.292300519638754
5	454.7	417.9	250.8	500.0	8.29438465552406
5	452.6	444.26000000000005	290.2	500.0	8.289481125654342
5	455.6	437.55999999999995	356.4	486.6	8.279583580039969
5	467.2	445.26000000000005	336.6	500.0	8.264465083453539
5	443.9	434.0799999999999	354.2	490.0	8.250163672114256
5	477.0	455.82	343.4	500.0	8.255570738281364
