1	330.5	315.7	67.0	500.0	7.552714674681258
1	500.0	461.2	311.0	500.0	7.526970114333354
1	500.0	457.8	256.0	500.0	7.532204333061622
1	385.5	356.5	46.0	500.0	7.56080373429196
1	345.5	334.9	122.0	500.0	7.547257849312548
1	326.5	335.8	105.0	500.0	7.539097148158363
1	483.0	371.7	130.0	500.0	7.544932246252442
1	483.5	416.5	37.0	500.0	7.5470324863888
1	497.5	408.7	114.0	500.0	7.517600595295523
1	492.5	458.3	315.0	500.0	7.523779645163219
1	421.0	401.5	193.0	500.0	7.522691944620896
1	275.5	262.7	80.0	500.0	7.513451194849163
1	318.0	320.0	110.0	500.0	7.520808005430716
1	496.0	369.6	147.0	500.0	7.503895350467452
1	265.5	299.2	50.0	500.0	7.500225236839377
1	238.5	253.8	33.0	500.0	7.461901688741533
1	217.0	261.8	131.0	500.0	7.4538609242956175
1	359.0	365.8	145.0	500.0	7.455623651348646
1	366.0	326.5	57.0	500.0	7.465519403501688
1	493.0	395.6	99.0	500.0	7.454664825500901
1	284.0	278.9	43.0	500.0	7.432674821140881
1	459.5	407.7	136.0	500.0	7.425629953384089
1	398.0	349.8	85.0	500.0	7.42222064158895
1	353.0	309.8	67.0	500.0	7.403549998547122
1	384.0	342.0	72.0	500.0	7.431023267852515
1	275.5	322.0	54.0	500.0	7.421807197812426
1	217.0	271.2	71.0	500.0	7.400467914289421
1	473.0	400.5	92.0	500.0	7.418423155440592
1	284.5	271.9	51.0	500.0	7.425894834049772
1	342.5	336.3	106.0	500.0	7.428806815814705
1	293.0	333.7	141.0	500.0	7.453476199936354
1	244.5	272.0	51.0	500.0	7.432798569851894
1	368.5	364.4	139.0	500.0	7.417929841849979
1	500.0	393.6	48.0	500.0	7.396339332809843
1	346.5	321.0	133.0	500.0	7.371307294876717
1	294.0	311.8	75.0	500.0	7.3786729597296565
1	500.0	423.1	162.0	500.0	7.375278776469495
1	311.0	315.9	107.0	500.0	7.368197920966187
1	159.0	251.3	71.0	500.0	7.3821728046594135
1	448.5	389.2	126.0	500.0	7.384013968876373
1	474.5	404.5	44.0	500.0	7.385868642720674
1	385.0	361.2	192.0	500.0	7.391597928466237
1	372.0	357.3	70.0	500.0	7.400180419523042
1	413.0	364.7	170.0	500.0	7.412317312623555
1	487.5	426.1	174.0	500.0	7.423187255923339
1	353.0	353.0	98.0	500.0	7.450397619219598
1	338.0	358.9	143.0	500.0	7.4625989399665595
1	500.0	463.9	265.0	500.0	7.466954948797808
1	328.0	340.9	108.0	500.0	7.460550913145457
1	500.0	390.2	44.0	500.0	7.45960518384763
1	500.0	433.2	181.0	500.0	7.4598861898196205
1	488.5	420.0	49.0	500.0	7.446326924782572
1	298.5	331.1	139.0	500.0	7.441344160328969
1	436.0	396.3	148.0	500.0	7.4302323063200655
1	446.0	391.4	163.0	500.0	7.421069831007938
1	490.0	420.4	166.0	500.0	7.433153966904121
1	486.0	420.7	152.0	500.0	7.423284134403148
1	500.0	424.0	202.0	500.0	7.420002560448833
1	296.0	331.8	74.0	500.0	7.432582947814911
1	372.0	331.6	97.0	500.0	7.443174685092399
1	320.5	335.4	102.0	500.0	7.4323140399133845
1	439.0	404.0	179.0	500.0	7.4404016443510805
1	378.5	352.3	126.0	500.0	7.445053625453721
1	421.5	368.6	145.0	500.0	7.4467615430953185
1	500.0	456.0	290.0	500.0	7.465761878941562
1	452.5	381.6	95.0	500.0	7.468997506823907
1	488.0	406.8	222.0	500.0	7.457760172588426
1	292.5	323.7	148.0	500.0	7.4590843428908
1	487.5	410.4	180.0	500.0	7.438773716779833
1	375.5	362.5	146.0	500.0	7.437914191064617
1	439.0	403.4	166.0	500.0	7.452233833456082
1	408.0	356.1	126.0	500.0	7.47121642362327
1	500.0	408.1	82.0	500.0	7.47459848012956
1	325.0	354.9	201.0	500.0	7.460960080828706
1	500.0	453.8	267.0	500.0	7.468118913605466
1	378.0	385.7	218.0	500.0	7.450355984441595
1	500.0	447.7	228.0	500.0	7.477408586153897
1	316.5	323.5	38.0	500.0	7.478682927023712
1	388.5	347.0	57.0	500.0	7.470684289455157
1	434.5	392.6	164.0	500.0	7.470044777654741
1	400.0	388.9	206.0	500.0	7.475023621983479
1	500.0	429.8	127.0	500.0	7.446097357430196
1	474.0	430.2	161.0	500.0	7.455502533806294
1	407.0	366.4	122.0	500.0	7.459999571936954
1	461.5	382.3	100.0	500.0	7.457088071049956
1	390.0	349.0	103.0	500.0	7.448756701487628
1	500.0	452.7	343.0	500.0	7.4507036933711515
1	449.5	394.7	155.0	500.0	7.474631200035015
1	493.5	412.8	133.0	500.0	7.479101342856993
1	470.0	417.7	148.0	500.0	7.502005261439277
1	500.0	389.0	95.0	500.0	7.47838466851408
1	416.5	387.1	169.0	500.0	7.479753103065099
1	279.0	324.7	127.0	500.0	7.492457385926747
1	209.0	268.6	75.0	500.0	7.4964932943287765
1	495.5	418.7	226.0	500.0	7.490063783822522
1	427.0	363.4	84.0	500.0	7.507363699613497
1	372.5	390.9	187.0	500.0	7.5222396491539945
1	335.5	308.9	31.0	500.0	7.5315429407834
1	338.5	338.9	154.0	500.0	7.55713662567405
1	303.0	337.2	191.0	500.0	7.546681133464363
1	309.5	333.8	105.0	500.0	7.55752341742423
1	475.0	393.5	139.0	500.0	7.54830425711647
1	412.5	330.9	95.0	500.0	7.5249749621435695
1	489.5	417.5	201.0	500.0	7.521727293303172
1	414.5	399.7	122.0	500.0	7.543708187845155
1	355.5	361.0	132.0	500.0	7.53820018079034
1	350.0	326.3	72.0	500.0	7.527611853528912
1	208.5	250.4	80.0	500.0	7.507681965348179
1	290.5	311.1	69.0	500.0	7.514898439566821
1	402.0	354.8	83.0	500.0	7.526390399987425
1	188.5	261.3	80.0	500.0	7.514181784180313
1	296.0	307.7	69.0	500.0	7.474829616699545
1	316.5	327.8	67.0	500.0	7.46760973866545
1	417.0	379.8	237.0	500.0	7.486522003723952
1	252.5	271.3	56.0	500.0	7.477937094207239
1	244.5	272.3	92.0	500.0	7.466966483134491
1	304.5	316.0	147.0	500.0	7.476071605615113
1	301.5	299.7	117.0	500.0	7.482553373401452
1	216.0	232.0	83.0	360.0	7.483775745768982
1	299.0	299.0	64.0	500.0	7.471124775003548
1	244.5	293.5	59.0	500.0	7.466531769446369
1	180.5	245.7	64.0	500.0	7.461374588345077
1	429.0	390.8	174.0	500.0	7.462552211474754
1	275.0	285.6	75.0	500.0	7.469358819686277
1	412.0	397.0	215.0	500.0	7.477775179784063
1	291.0	297.0	97.0	500.0	7.450130874805256
1	225.5	285.7	121.0	500.0	7.44039877252918
1	430.0	362.3	132.0	500.0	7.456255154153211
1	366.5	318.0	136.0	500.0	7.412163618747151
1	252.0	304.7	206.0	500.0	7.402172733051456
1	251.5	269.9	58.0	500.0	7.413404171586826
1	237.5	273.4	52.0	500.0	7.415278067879118
1	421.5	380.1	104.0	500.0	7.417615941640629
1	386.5	373.5	214.0	500.0	7.411934181387044
1	191.0	261.8	57.0	500.0	7.408767781404178
1	486.0	422.4	203.0	500.0	7.429087943778379
1	396.5	377.8	68.0	500.0	7.427121061915091
1	247.0	286.4	43.0	500.0	7.464244310609734
1	500.0	451.4	258.0	500.0	7.481324226082755
1	315.0	331.6	68.0	500.0	7.462950172287497
1	420.5	381.2	66.0	500.0	7.49560285322542
1	452.5	428.0	264.0	500.0	7.498741119324051
1	485.0	420.3	100.0	500.0	7.501491102336832
1	500.0	418.4	180.0	500.0	7.482904867367807
1	300.0	306.4	110.0	500.0	7.491615239792749
1	179.5	236.5	42.0	500.0	7.499047738340069
1	311.5	280.3	128.0	500.0	7.527173475507799
1	442.0	406.1	245.0	500.0	7.510202671703354
1	485.0	417.3	250.0	500.0	7.503351481496108
1	477.5	416.0	75.0	500.0	7.504484114764588
1	443.0	348.8	49.0	500.0	7.50921706475038
1	500.0	412.3	120.0	500.0	7.49028518189009
1	363.5	364.0	74.0	500.0	7.470997147673845
1	438.5	377.6	37.0	500.0	7.456771493271165
1	265.0	260.3	69.0	487.0	7.4530187358241085
1	302.0	310.4	83.0	500.0	7.472654960181366
1	362.5	329.8	77.0	500.0	7.473608109992709
1	273.0	291.1	64.0	500.0	7.493367941973261
1	421.5	361.7	98.0	500.0	7.480654032542811
1	329.5	316.6	72.0	500.0	7.475374410314244
1	298.5	330.9	142.0	500.0	7.463373341182269
1	500.0	417.5	202.0	500.0	7.456333340125558
1	490.5	420.8	173.0	500.0	7.437679210226155
1	270.5	311.4	84.0	500.0	7.4547846814060135
1	500.0	390.9	129.0	500.0	7.447095228649943
1	366.0	336.5	104.0	500.0	7.435643863824721
1	279.5	300.6	48.0	500.0	7.444863368542173
1	210.5	266.7	112.0	500.0	7.456865204897618
1	490.5	420.9	153.0	500.0	7.457361184888805
1	419.0	367.7	150.0	500.0	7.465959248185213
1	402.0	396.0	216.0	500.0	7.450675108645906
1	338.0	353.4	224.0	500.0	7.452206270313371
1	338.5	339.9	75.0	500.0	7.4523837527598396
1	443.5	368.5	51.0	500.0	7.441594717221962
1	230.5	292.8	110.0	500.0	7.445245468719871
1	407.5	353.7	109.0	500.0	7.438402293982347
1	492.0	428.0	280.0	500.0	7.439593329376578
1	416.0	355.9	65.0	500.0	7.4271734745951035
1	454.5	333.5	77.0	500.0	7.417868595328437
1	500.0	382.1	155.0	500.0	7.413723539532024
1	471.0	421.2	153.0	500.0	7.420912345635865
1	498.5	431.6	192.0	500.0	7.4356235423169235
1	500.0	387.0	78.0	500.0	7.417008078789857
1	458.5	409.2	35.0	500.0	7.426214708554833
1	500.0	443.7	291.0	500.0	7.408611021410293
1	463.0	418.0	68.0	500.0	7.4315719837193255
1	267.5	316.0	74.0	500.0	7.429434463948031
1	500.0	390.8	52.0	500.0	7.446836650792301
1	491.5	428.5	198.0	500.0	7.450879371467564
1	493.5	457.9	280.0	500.0	7.420322064196169
1	500.0	478.1	362.0	500.0	7.427357400080781
1	467.0	389.3	149.0	500.0	7.426259330567627
1	385.0	352.4	168.0	500.0	7.4223628227545975
1	500.0	464.9	256.0	500.0	7.397829678276564
1	499.0	424.6	121.0	500.0	7.393701887205029
1	500.0	480.3	327.0	500.0	7.398233029678129
1	500.0	482.3	403.0	500.0	7.383747629885867
1	380.5	340.7	55.0	500.0	7.360663538157929
1	428.0	371.7	131.0	500.0	7.3816596763884474
1	500.0	424.8	168.0	500.0	7.3896934174264235
1	500.0	467.4	174.0	500.0	7.385502838949676
1	478.5	441.8	310.0	500.0	7.399996739215485
1	500.0	439.5	220.0	500.0	7.404398507254158
1	500.0	441.5	247.0	500.0	7.405450270889339
1	477.0	395.2	149.0	500.0	7.408405110197868
1	500.0	451.6	228.0	500.0	7.422900504365157
1	500.0	461.0	231.0	500.0	7.409074755327713
1	342.5	333.1	152.0	500.0	7.404377292393625
1	500.0	407.8	164.0	500.0	7.401155144260178
1	500.0	424.5	81.0	500.0	7.4247601007426285
1	500.0	447.1	250.0	500.0	7.406648503193496
1	418.5	383.0	106.0	500.0	7.422231123815683
1	492.5	426.7	227.0	500.0	7.405180481277833
1	407.5	362.6	114.0	500.0	7.4110843810002045
1	500.0	422.5	113.0	500.0	7.405459879435426
1	454.5	391.7	195.0	500.0	7.4191116215056985
1	344.5	330.3	74.0	500.0	7.409949024260588
1	500.0	444.4	217.0	500.0	7.403401619004188
1	426.5	383.5	91.0	500.0	7.4209144953976205
1	500.0	442.5	279.0	500.0	7.4365308567430795
1	500.0	461.9	248.0	500.0	7.443160631067136
1	500.0	418.9	261.0	500.0	7.446074343938963
1	500.0	449.8	282.0	500.0	7.433178849096601
1	500.0	409.2	172.0	500.0	7.405131130702357
1	373.5	370.7	122.0	500.0	7.4078573703395945
1	426.5	372.4	115.0	500.0	7.399434184511595
1	425.0	364.8	47.0	500.0	7.385789214925962
1	126.5	226.5	36.0	500.0	7.381360136563123
1	482.0	448.2	325.0	500.0	7.385569042947732
1	338.5	340.3	104.0	500.0	7.362834572519181
1	500.0	432.7	195.0	500.0	7.356787639179727
1	481.5	432.0	322.0	500.0	7.333196483791409
1	463.5	360.5	52.0	500.0	7.344640982926216
1	500.0	410.2	182.0	500.0	7.338836974599636
1	388.0	363.5	150.0	500.0	7.350040800487199
1	219.0	265.5	58.0	500.0	7.3297718682087725
1	388.5	369.1	74.0	500.0	7.322678132046538
1	492.0	408.5	123.0	500.0	7.326335718318242
1	257.5	304.9	152.0	500.0	7.29792337581586
1	355.0	341.1	124.0	500.0	7.323344788090765
1	417.5	396.4	193.0	500.0	7.333379113482257
1	339.0	310.3	74.0	500.0	7.3591329894521404
1	372.5	382.2	174.0	500.0	7.3370127453149205
1	276.5	298.8	167.0	500.0	7.358474468599507
1	500.0	434.1	136.0	500.0	7.3266407524933905
1	416.0	366.9	82.0	500.0	7.336151517054739
1	472.0	407.4	255.0	500.0	7.349165274365359
1	284.5	320.0	151.0	500.0	7.352227627931379
1	212.0	282.2	135.0	500.0	7.350985108195174
1	356.0	327.3	109.0	500.0	7.344440963509377
1	470.5	409.0	238.0	500.0	7.331039907629244
1	494.0	382.5	88.0	500.0	7.318844896512451
1	500.0	412.4	168.0	500.0	7.339487311199866
1	500.0	394.0	83.0	500.0	7.356139520626231
1	430.5	410.9	275.0	500.0	7.339839194945059
1	390.0	338.3	84.0	500.0	7.318145654054087
1	446.5	391.4	121.0	500.0	7.330900866379557
1	257.0	291.7	98.0	500.0	7.318780949900197
1	418.5	374.5	148.0	500.0	7.3334331748027894
1	336.0	318.5	105.0	500.0	7.373057989984015
1	285.5	333.1	144.0	500.0	7.367993636727782
1	487.0	374.9	88.0	500.0	7.372713381419588
1	266.5	285.5	134.0	500.0	7.358166618011715
1	418.5	374.8	137.0	500.0	7.333671218226924
1	388.5	326.9	146.0	500.0	7.331083362213794
1	426.0	357.3	56.0	500.0	7.331542717168791
1	374.0	378.9	130.0	500.0	7.351194737909485
1	354.0	329.6	70.0	500.0	7.358811491540523
1	367.5	341.9	71.0	500.0	7.350950303289445
1	232.5	263.4	78.0	500.0	7.356120357091817
1	190.0	254.8	61.0	500.0	7.337759284633789
1	361.0	317.8	98.0	500.0	7.332293507623661
1	500.0	397.4	57.0	500.0	7.32854811041677
1	277.0	292.9	49.0	500.0	7.320399391989958
1	315.5	329.8	128.0	500.0	7.336010372395344
1	409.5	411.9	271.0	500.0	7.314619403680378
1	324.5	324.9	117.0	500.0	7.3245282241503284
1	329.5	324.8	58.0	500.0	7.309760285348536
1	500.0	395.2	108.0	500.0	7.299150977374088
1	211.0	265.8	28.0	500.0	7.312706958868218
1	302.0	349.6	194.0	500.0	7.3160048581999755
1	500.0	406.3	105.0	500.0	7.318126536782024
1	389.0	366.1	174.0	500.0	7.309674255298518
1	484.5	409.7	115.0	500.0	7.3292464004450215
1	398.0	374.5	120.0	500.0	7.305537590397285
1	216.5	251.8	56.0	500.0	7.329431136781479
1	403.0	351.8	119.0	500.0	7.345210978713308
1	395.5	348.1	157.0	500.0	7.364271525088866
1	200.0	196.1	25.0	500.0	7.38791065463864
1	305.5	299.9	83.0	500.0	7.418547665311374
1	353.5	352.5	126.0	500.0	7.411487570706722
1	369.5	340.6	55.0	500.0	7.399690324365323
1	423.0	362.4	103.0	500.0	7.384240097269158
1	280.5	302.3	62.0	500.0	7.376005696912261
1	500.0	428.9	155.0	500.0	7.372022758981103
1	219.0	249.2	55.0	500.0	7.3969763888370865
1	382.5	359.9	98.0	500.0	7.393277682113495
1	483.0	380.5	106.0	500.0	7.398253512801647
1	340.5	356.5	149.0	500.0	7.391650995498455
1	475.0	431.0	245.0	500.0	7.38215616903006
1	500.0	456.2	201.0	500.0	7.397881550173218
1	330.0	323.1	78.0	500.0	7.368889483443323
1	374.0	362.2	176.0	500.0	7.3601303070824535
1	500.0	423.0	236.0	500.0	7.337605701353077
1	375.0	356.4	63.0	500.0	7.343248603569854
1	475.0	406.3	107.0	500.0	7.353239161763926
1	421.5	377.3	114.0	500.0	7.364549881667249
1	497.5	417.8	143.0	500.0	7.350293156704071
1	277.0	304.5	117.0	500.0	7.3489047722654925
1	459.5	403.0	219.0	500.0	7.334736045309902
1	500.0	456.2	338.0	500.0	7.330968689076717
1	471.5	435.3	160.0	500.0	7.327117760757179
1	436.5	375.0	120.0	500.0	7.33983216511483
1	500.0	456.4	340.0	500.0	7.33934581179866
1	371.5	386.5	221.0	500.0	7.353966001142013
1	500.0	430.7	157.0	500.0	7.3359005264170225
1	500.0	423.3	86.0	500.0	7.352464106004373
1	398.0	387.9	203.0	500.0	7.330071410577875
1	500.0	435.1	145.0	500.0	7.322273747991467
1	500.0	455.7	281.0	500.0	7.326556433608496
1	414.0	407.6	221.0	500.0	7.314894682232219
1	489.5	377.1	42.0	500.0	7.309527868085348
1	264.0	322.3	145.0	500.0	7.30314346626248
1	319.0	328.4	75.0	500.0	7.3224211015286
1	272.5	317.8	137.0	500.0	7.310205727871374
1	417.5	393.7	117.0	500.0	7.328608954248225
1	500.0	406.5	159.0	500.0	7.328331512548899
1	285.5	318.9	88.0	500.0	7.328536459549828
1	500.0	438.2	177.0	500.0	7.327857350152918
1	379.0	383.1	97.0	500.0	7.319895053907704
1	466.0	373.9	152.0	500.0	7.316239279206786
1	391.0	349.9	107.0	500.0	7.329568580622328
1	390.5	346.1	106.0	500.0	7.323171269060252
1	401.5	344.3	85.0	500.0	7.336969301366077
1	345.0	343.1	74.0	500.0	7.319548332674175
1	492.5	408.4	81.0	500.0	7.31293674170247
1	380.5	374.4	159.0	500.0	7.303984406116383
1	322.0	292.5	70.0	500.0	7.289756672876778
1	453.0	393.6	159.0	500.0	7.301695835850337
1	482.0	381.4	102.0	500.0	7.30966151303917
1	394.0	363.1	95.0	500.0	7.2968324220540834
1	500.0	415.1	177.0	500.0	7.273762666473804
1	308.5	323.6	78.0	500.0	7.261038516686279
1	494.0	411.0	165.0	500.0	7.287648334563933
1	400.0	375.2	135.0	500.0	7.294076738266069
1	451.0	414.2	249.0	500.0	7.286930214298647
1	353.5	349.8	174.0	500.0	7.2810196968481655
1	350.0	365.2	165.0	500.0	7.298092221596767
1	319.5	310.2	100.0	500.0	7.320865033009591
1	295.0	282.3	72.0	500.0	7.3008921723452636
1	292.5	288.2	55.0	500.0	7.314418397777425
1	410.5	376.0	159.0	500.0	7.305427883325831
1	235.0	290.1	68.0	500.0	7.293845640718333
1	278.0	317.5	37.0	500.0	7.2832840219738975
1	352.5	362.4	171.0	500.0	7.280575417738485
1	345.5	319.6	52.0	500.0	7.2682562219881826
1	376.0	359.2	67.0	500.0	7.273908158300231
1	482.0	413.2	144.0	500.0	7.294091923240475
1	500.0	441.3	166.0	500.0	7.291849298483795
1	420.5	407.2	159.0	500.0	7.281188107877622
1	376.5	368.7	182.0	500.0	7.250240669608746
1	490.0	422.9	159.0	500.0	7.244046192650254
1	500.0	434.2	251.0	500.0	7.244197168850947
1	500.0	438.8	195.0	500.0	7.253685169998777
1	405.0	380.7	182.0	500.0	7.25691092583039
1	273.0	298.0	50.0	500.0	7.2582786974914875
1	397.0	396.4	242.0	500.0	7.260533720740554
1	451.0	410.3	274.0	500.0	7.259485797761252
1	469.5	410.0	141.0	500.0	7.279897430257111
1	500.0	443.4	121.0	500.0	7.276328378847323
1	339.0	373.1	221.0	500.0	7.2861202611347595
1	500.0	454.2	332.0	500.0	7.301032117665191
1	436.0	388.1	158.0	500.0	7.297761478395776
1	500.0	385.6	131.0	500.0	7.310205943407519
1	447.5	396.9	120.0	500.0	7.300555657330694
1	338.0	368.1	258.0	500.0	7.3075863477294005
1	440.0	383.4	207.0	500.0	7.311665677430887
1	453.5	431.0	283.0	500.0	7.3044989957862745
1	368.5	354.7	153.0	500.0	7.335060425517859
1	449.0	441.2	374.0	500.0	7.336511666743106
1	337.5	357.2	120.0	500.0	7.344538630250112
1	397.0	365.4	169.0	500.0	7.346988233578785
1	500.0	442.7	252.0	500.0	7.365109749171319
1	270.0	298.0	112.0	500.0	7.39846226565581
1	448.5	388.2	195.0	500.0	7.408836083196479
1	476.5	401.0	65.0	500.0	7.425995287342705
1	291.0	311.9	109.0	500.0	7.410514750384466
1	357.0	334.8	59.0	500.0	7.399720167711036
1	387.0	339.8	84.0	500.0	7.405615274938044
1	500.0	422.0	274.0	500.0	7.39973710877344
1	384.0	374.2	151.0	500.0	7.4120256324003195
1	322.0	331.8	106.0	500.0	7.411344101845534
1	333.0	295.0	69.0	500.0	7.388953935060266
1	448.5	400.6	188.0	500.0	7.378843937103149
1	346.0	339.0	114.0	500.0	7.38291261475219
1	476.0	405.5	208.0	500.0	7.383297610280836
1	482.5	434.4	260.0	500.0	7.370311481138076
1	379.5	374.7	293.0	500.0	7.381887203534781
1	500.0	466.4	164.0	500.0	7.371799127499345
1	325.5	318.7	47.0	500.0	7.345788770924725
1	500.0	478.7	336.0	500.0	7.3793261518474225
1	500.0	451.2	271.0	500.0	7.3900848839929125
1	338.0	359.8	134.0	500.0	7.386401586866351
1	496.0	416.1	108.0	500.0	7.397230635564573
1	500.0	487.6	376.0	500.0	7.396959341628616
1	417.0	379.0	136.0	500.0	7.391972586912994
1	420.5	372.2	127.0	500.0	7.380644016748752
1	486.0	442.1	294.0	500.0	7.366619305651627
1	481.0	402.9	136.0	500.0	7.377030579202246
1	363.0	358.9	70.0	500.0	7.371911471869995
1	500.0	397.2	40.0	500.0	7.363312230736858
1	363.5	347.2	114.0	500.0	7.356713982616672
1	341.5	334.3	138.0	500.0	7.371090557429266
1	500.0	440.4	168.0	500.0	7.378861260334994
1	474.0	406.5	50.0	500.0	7.375777113001357
1	401.5	406.4	257.0	500.0	7.353829311903485
1	362.0	318.6	40.0	500.0	7.35052706999491
1	492.0	412.0	218.0	500.0	7.35723287193409
1	500.0	413.7	138.0	500.0	7.365287220839795
1	500.0	446.8	268.0	500.0	7.349896782975526
1	337.5	358.0	188.0	500.0	7.35648673097004
1	337.5	316.8	82.0	500.0	7.350777067834937
1	500.0	472.8	345.0	500.0	7.342583577935584
1	492.5	384.2	64.0	500.0	7.340571075305207
1	378.5	354.4	116.0	500.0	7.343502594963917
1	462.0	393.1	183.0	500.0	7.367334532704158
1	392.5	378.5	142.0	500.0	7.349412749457877
1	309.0	313.6	78.0	500.0	7.379953307332666
1	272.5	271.1	52.0	500.0	7.3866436153819794
1	496.5	390.8	74.0	500.0	7.388912338933025
1	347.5	376.8	168.0	500.0	7.379330638064945
1	278.0	309.4	116.0	500.0	7.365698075583914
1	332.5	332.3	69.0	500.0	7.400599921221918
1	500.0	369.6	88.0	500.0	7.40514992324449
1	272.0	305.4	152.0	500.0	7.400783344354411
1	263.5	288.5	47.0	500.0	7.396734531507759
1	280.5	318.8	182.0	500.0	7.410641320841641
1	312.5	356.1	209.0	500.0	7.389876469168467
1	445.0	353.4	82.0	500.0	7.391300470436741
1	267.5	299.9	76.0	500.0	7.396993801553764
1	500.0	377.9	71.0	500.0	7.422593750055629
1	395.5	334.5	112.0	500.0	7.42903550211663
1	415.0	359.7	127.0	500.0	7.432584200920479
1	435.0	356.2	50.0	500.0	7.4333099000536595
1	268.0	295.2	71.0	500.0	7.434575455533106
1	500.0	388.6	67.0	500.0	7.433794052607824
1	400.5	387.2	185.0	500.0	7.42535640446882
1	430.0	351.8	69.0	500.0	7.433315764420196
1	444.0	365.6	16.0	500.0	7.448083977057014
1	387.5	356.3	84.0	500.0	7.422024643284479
1	337.5	315.9	78.0	500.0	7.435908747525502
1	353.5	360.5	106.0	500.0	7.4299801130014425
1	500.0	480.2	367.0	500.0	7.464018067067142
1	209.5	228.0	72.0	500.0	7.41037139038797
1	500.0	437.0	133.0	500.0	7.417056092162398
1	499.5	437.9	54.0	500.0	7.433711388067814
1	500.0	416.6	256.0	500.0	7.472999534008212
1	379.0	347.1	76.0	500.0	7.4790656321858
1	500.0	452.9	336.0	500.0	7.466630123957619
1	433.0	410.8	176.0	500.0	7.483277898815005
1	500.0	413.5	193.0	500.0	7.471038644867744
1	500.0	426.3	122.0	500.0	7.465783249507872
1	339.5	343.5	151.0	500.0	7.466746924025578
1	275.0	286.6	78.0	500.0	7.4862373512335
1	490.5	412.9	238.0	500.0	7.481336353867626
1	354.5	356.4	142.0	500.0	7.507566186584726
1	374.5	372.7	159.0	500.0	7.500516350109184
1	324.0	310.2	90.0	500.0	7.495148291859588
1	375.0	325.6	48.0	500.0	7.477295070458718
1	446.5	384.5	80.0	500.0	7.4657321987326215
1	500.0	465.9	159.0	500.0	7.450514878555474
1	462.0	429.1	97.0	500.0	7.418779216534335
1	264.5	300.7	68.0	500.0	7.410161131530482
1	390.5	329.5	65.0	500.0	7.42687019968758
1	414.5	369.7	75.0	500.0	7.402952917483678
1	137.5	269.2	74.0	500.0	7.385619567068808
1	414.5	373.5	114.0	500.0	7.355886666333182
1	228.0	228.3	55.0	500.0	7.34279668690047
1	256.5	283.0	98.0	500.0	7.350493269501076
1	289.0	277.0	111.0	500.0	7.326401855209121
1	325.5	329.2	175.0	500.0	7.324836602503486
1	300.0	289.4	80.0	500.0	7.352194672298826
1	171.5	217.2	56.0	500.0	7.369955703384433
1	333.5	291.1	45.0	500.0	7.3607439335131835
1	302.0	318.9	84.0	500.0	7.3390860143872905
1	323.0	312.5	85.0	500.0	7.344570198439476
1	367.0	344.8	83.0	500.0	7.336193478070088
1	382.0	316.7	87.0	500.0	7.337746174451489
1	185.0	259.5	42.0	500.0	7.337871470277948
1	434.5	392.1	134.0	500.0	7.350835901059607
1	421.0	350.7	121.0	500.0	7.336444736101673
1	297.0	301.9	143.0	500.0	7.334471834279201
1	318.5	313.8	90.0	500.0	7.346213609287466
1	478.0	372.4	79.0	500.0	7.338652276254725
1	202.5	230.1	38.0	500.0	7.333614128939477
1	335.0	285.2	66.0	500.0	7.326034267222867
1	344.5	331.1	133.0	500.0	7.34163702434035
1	263.0	281.9	61.0	500.0	7.347475556534462
1	262.0	261.3	56.0	500.0	7.3424417341813975
1	500.0	428.1	163.0	500.0	7.340467571411927
1	275.0	276.6	100.0	500.0	7.308706103319503
1	277.0	306.7	38.0	500.0	7.3253995507978305
1	499.0	387.9	72.0	500.0	7.3414882280583456
1	500.0	403.3	19.0	500.0	7.341481443469833
1	330.5	310.9	77.0	500.0	7.339617259215674
1	292.5	268.3	24.0	500.0	7.361544518493592
1	473.0	390.5	69.0	500.0	7.3711052460165245
1	500.0	437.0	136.0	500.0	7.37661260796778
1	500.0	455.1	72.0	500.0	7.362533765672946
1	294.0	301.7	81.0	500.0	7.354218819454879
1	400.5	339.7	46.0	500.0	7.378074031376145
1	500.0	444.1	187.0	500.0	7.391208706800533
1	337.5	339.3	130.0	500.0	7.389778551106354
1	500.0	473.0	270.0	500.0	7.390880318014816
1	500.0	445.2	238.0	500.0	7.383318088697811
1	500.0	377.8	63.0	500.0	7.37919623066821
1	401.5	379.7	166.0	500.0	7.377024328630663
1	477.5	385.0	103.0	500.0	7.387365631447042
1	203.5	226.3	73.0	500.0	7.389579354161003
1	253.0	272.0	14.0	500.0	7.418504368793682
1	500.0	428.0	180.0	500.0	7.402494368298496
1	393.5	355.5	97.0	500.0	7.377639099201466
1	480.0	381.7	161.0	500.0	7.37111936232965
1	295.5	301.1	143.0	500.0	7.359659585341672
1	400.5	353.9	105.0	500.0	7.33228248459481
1	451.5	371.9	110.0	500.0	7.3500381103443395
1	500.0	460.5	309.0	500.0	7.344622705116425
1	500.0	459.5	293.0	500.0	7.3408519455087315
1	466.0	371.6	110.0	500.0	7.325278671644539
1	319.0	319.0	30.0	500.0	7.339009361486725
1	476.5	345.7	78.0	500.0	7.359349746794204
1	493.0	393.4	103.0	500.0	7.3492724463633445
1	418.0	341.8	55.0	500.0	7.357270026540545
1	329.0	348.0	172.0	500.0	7.3673846566722565
1	389.5	350.3	109.0	500.0	7.363272154710448
1	470.5	405.8	112.0	500.0	7.3562939865549035
1	500.0	413.2	93.0	500.0	7.336789471348543
1	396.0	366.9	167.0	500.0	7.359027626682021
1	393.0	319.6	112.0	500.0	7.353636064633996
1	418.5	387.9	239.0	500.0	7.34365465766244
1	454.5	382.7	191.0	500.0	7.347625120568915
1	447.0	421.1	247.0	500.0	7.349558935681158
1	475.0	386.8	135.0	500.0	7.350619133286835
1	478.0	423.7	281.0	500.0	7.347107036164505
1	500.0	459.4	184.0	500.0	7.361693828417606
1	353.0	329.7	45.0	500.0	7.358271271300927
1	500.0	464.9	349.0	500.0	7.332843876036423
1	399.5	350.0	56.0	500.0	7.336928294431905
1	454.0	412.8	150.0	500.0	7.333815689293897
1	467.0	395.3	44.0	500.0	7.328097524088472
1	437.0	403.8	204.0	500.0	7.327726186337669
1	461.0	373.6	82.0	500.0	7.329332394719431
1	483.5	420.5	140.0	500.0	7.341401514764552
1	500.0	426.0	152.0	500.0	7.384377659176248
1	457.5	364.7	108.0	500.0	7.398399298096566
1	396.5	360.8	121.0	500.0	7.399138284703274
1	500.0	424.5	113.0	500.0	7.40708650223857
1	500.0	472.9	279.0	500.0	7.418790360080646
1	486.0	382.1	25.0	500.0	7.435806508336973
1	500.0	352.8	31.0	500.0	7.410188136116221
1	474.5	410.1	216.0	500.0	7.4305955427625765
1	500.0	403.3	137.0	500.0	7.423369369735216
1	481.5	399.1	73.0	500.0	7.420130086786582
1	414.5	393.7	231.0	500.0	7.426928758678251
1	472.0	397.0	27.0	500.0	7.442304497288629
1	500.0	375.2	45.0	500.0	7.460041171611273
1	364.5	364.4	194.0	500.0	7.4894093135173065
1	500.0	387.0	58.0	500.0	7.464865309294314
1	481.5	414.1	114.0	500.0	7.452776430911763
1	389.5	370.0	143.0	500.0	7.4190957608371395
1	500.0	416.9	104.0	500.0	7.4100417207351486
1	500.0	438.7	278.0	500.0	7.424683810785474
1	500.0	449.3	128.0	500.0	7.414587630577367
1	500.0	436.3	218.0	500.0	7.392130687212787
1	400.0	346.0	71.0	500.0	7.393211810481819
1	500.0	435.2	170.0	500.0	7.389756729274515
1	500.0	407.6	56.0	500.0	7.393041917080706
1	500.0	414.7	111.0	500.0	7.385852392451078
1	500.0	409.3	120.0	500.0	7.379386412167985
1	500.0	462.5	331.0	500.0	7.384961832716352
1	500.0	435.4	292.0	500.0	7.370005121246696
1	500.0	422.2	85.0	500.0	7.379058797874311
1	500.0	447.6	147.0	500.0	7.363735326004114
1	485.0	414.7	226.0	500.0	7.370488179099773
1	491.0	383.8	82.0	500.0	7.374916923184356
1	456.0	357.4	86.0	500.0	7.38223070328711
1	500.0	434.3	101.0	500.0	7.359715862427008
1	489.5	431.2	282.0	500.0	7.3467139445758365
1	413.0	360.6	149.0	500.0	7.339203857735449
1	454.5	366.6	133.0	500.0	7.347236736419687
1	469.0	391.9	199.0	500.0	7.3522877085459815
1	500.0	409.6	137.0	500.0	7.334625513703105
1	323.0	350.0	128.0	500.0	7.342672728932307
1	484.0	417.7	115.0	500.0	7.3584172872601545
1	283.0	303.0	59.0	500.0	7.360407894673687
1	301.0	297.8	85.0	500.0	7.3720090972938035
1	365.5	328.4	81.0	500.0	7.3606316435446715
1	467.0	359.8	64.0	500.0	7.327023031647918
1	276.5	280.0	65.0	500.0	7.322415128991093
1	385.0	342.7	77.0	500.0	7.31693284491832
1	318.5	327.3	135.0	500.0	7.336258322543844
1	337.0	359.7	165.0	500.0	7.330852336103601
1	412.0	364.0	112.0	500.0	7.338406909203665
1	459.0	376.5	73.0	500.0	7.34580901712577
1	500.0	427.9	159.0	500.0	7.356008580775517
1	448.0	393.6	95.0	500.0	7.35041992351445
1	487.0	355.5	83.0	500.0	7.3626453195191
1	376.0	368.5	188.0	500.0	7.346784130415423
1	500.0	446.9	133.0	500.0	7.352947374783281
1	490.0	381.2	155.0	500.0	7.360811062008244
1	323.5	338.3	159.0	500.0	7.361658951545223
1	500.0	428.4	221.0	500.0	7.368735384955625
1	309.5	300.1	80.0	500.0	7.346761591356951
1	339.5	319.4	62.0	500.0	7.36723150426878
1	420.5	380.6	60.0	500.0	7.358395634579839
1	498.0	416.2	121.0	500.0	7.354316203740036
1	500.0	447.1	100.0	500.0	7.359944687908517
1	314.0	313.5	52.0	500.0	7.359919588620782
1	243.5	315.2	58.0	500.0	7.380232933300861
1	413.5	366.6	98.0	500.0	7.363550244465152
1	327.5	294.7	54.0	500.0	7.367211841582781
1	469.0	361.5	87.0	500.0	7.361813325916737
1	437.0	396.2	228.0	500.0	7.362869601797015
1	500.0	418.0	169.0	500.0	7.357379972536071
1	500.0	460.9	255.0	500.0	7.3694653506615415
1	333.5	346.9	169.0	500.0	7.372365456527843
1	500.0	463.2	225.0	500.0	7.387831794403204
1	500.0	408.2	81.0	500.0	7.373986967694393
1	500.0	447.9	234.0	500.0	7.364788539502719
1	500.0	474.4	303.0	500.0	7.364778124650542
1	500.0	497.0	470.0	500.0	7.371154418772646
1	486.0	354.7	33.0	500.0	7.370709330143979
1	475.5	417.0	157.0	500.0	7.368700759383786
1	500.0	452.9	211.0	500.0	7.373545135019404
1	500.0	396.6	128.0	500.0	7.398548380210678
1	500.0	423.6	84.0	500.0	7.390885546240663
1	464.0	347.5	68.0	500.0	7.412557075867759
1	500.0	433.7	112.0	500.0	7.415928671135483
1	413.0	337.0	94.0	500.0	7.407138584480834
1	500.0	369.4	60.0	500.0	7.413032124065028
1	500.0	500.0	500.0	500.0	7.394242883823487
1	500.0	390.2	120.0	500.0	7.394242883823487
1	500.0	433.4	83.0	500.0	7.394856234135834
1	500.0	454.4	163.0	500.0	7.374322478985697
1	440.0	428.5	304.0	500.0	7.3810638713578465
1	456.5	420.9	282.0	500.0	7.4009104922748605
1	457.0	391.6	112.0	500.0	7.4205758779515545
1	500.0	430.8	244.0	500.0	7.43838999180716
1	466.5	411.6	140.0	500.0	7.4068787255500235
1	500.0	427.0	226.0	500.0	7.40469418072527
1	500.0	406.6	90.0	500.0	7.403247503255562
1	500.0	431.0	206.0	500.0	7.402142171161756
1	500.0	418.3	144.0	500.0	7.42822266814954
1	500.0	385.5	66.0	500.0	7.412550193438635
1	500.0	399.9	100.0	500.0	7.431616137342541
1	449.5	383.2	155.0	500.0	7.431034810437943
1	410.0	350.8	52.0	500.0	7.4357172620735525
1	500.0	488.0	380.0	500.0	7.423560072568501
1	500.0	398.1	154.0	500.0	7.391924585406242
1	487.0	433.6	216.0	500.0	7.400997916976736
1	475.0	428.9	278.0	500.0	7.398049901788872
1	500.0	395.4	30.0	500.0	7.396861575326842
1	320.5	310.1	46.0	500.0	7.387231398413678
1	435.5	387.4	111.0	500.0	7.362972751370403
1	500.0	439.3	153.0	500.0	7.372121440055362
1	259.0	295.5	46.0	500.0	7.3748668640502455
1	500.0	413.7	131.0	500.0	7.350020646693678
1	500.0	429.6	254.0	500.0	7.356267895711212
1	500.0	426.6	132.0	500.0	7.3839020713947
1	500.0	434.8	183.0	500.0	7.365312250761116
1	422.0	350.5	78.0	500.0	7.381439549664923
1	500.0	446.8	209.0	500.0	7.386030932280222
1	474.0	378.9	31.0	500.0	7.385605729065044
1	500.0	406.4	69.0	500.0	7.360727950994583
1	460.5	371.1	66.0	500.0	7.38747447023792
1	500.0	411.0	112.0	500.0	7.427442118012655
1	418.5	391.0	185.0	500.0	7.4338938872075175
1	256.5	301.5	122.0	500.0	7.420533272098964
1	500.0	397.8	145.0	500.0	7.426030928122162
1	401.5	388.4	123.0	500.0	7.444908466518543
1	472.5	413.7	228.0	500.0	7.465447429491738
1	500.0	423.5	167.0	500.0	7.46720702041941
1	500.0	457.8	310.0	500.0	7.4606408718919095
1	395.0	377.5	102.0	500.0	7.444781623950152
1	500.0	456.1	207.0	500.0	7.453562727478519
1	500.0	369.3	44.0	500.0	7.473003445572995
1	434.5	392.3	132.0	500.0	7.458446068087645
1	185.0	251.7	70.0	500.0	7.46755412396378
1	500.0	422.2	76.0	500.0	7.454028428186548
1	478.5	368.1	27.0	500.0	7.458768842447698
1	500.0	434.9	163.0	500.0	7.438242239048152
1	461.5	385.3	76.0	500.0	7.438265518867653
1	497.0	412.4	183.0	500.0	7.452710422092039
1	500.0	465.0	305.0	500.0	7.441248470262723
1	430.5	394.8	226.0	500.0	7.428194544171024
1	488.5	398.9	44.0	500.0	7.417029595889079
1	500.0	420.5	199.0	500.0	7.424619927037032
1	500.0	386.2	51.0	500.0	7.41558471691767
1	321.5	308.9	55.0	500.0	7.407010756001786
1	500.0	469.6	266.0	500.0	7.416541112377785
1	500.0	448.6	41.0	500.0	7.376661454543302
1	479.5	424.2	213.0	500.0	7.366399718199221
1	500.0	388.3	135.0	500.0	7.360500102954932
1	500.0	461.9	127.0	500.0	7.374491561158096
1	500.0	471.0	265.0	500.0	7.362939212105485
1	500.0	438.9	209.0	500.0	7.331835270810422
1	500.0	415.3	62.0	500.0	7.331232615891703
1	500.0	421.8	55.0	500.0	7.328425892497461
1	401.0	345.6	91.0	500.0	7.336158366107841
1	500.0	415.1	192.0	500.0	7.319174247272119
1	329.5	348.8	175.0	500.0	7.344094629809941
1	500.0	395.8	55.0	500.0	7.34595992077565
1	392.0	369.0	135.0	500.0	7.370802261076069
1	500.0	431.8	144.0	500.0	7.356940303851386
1	499.0	433.7	228.0	500.0	7.34341518096147
1	483.0	400.6	149.0	500.0	7.343799823470588
1	435.0	362.2	133.0	500.0	7.351237668168465
1	425.0	381.8	117.0	500.0	7.368936768143145
1	461.0	412.7	182.0	500.0	7.342164338790468
1	500.0	368.9	38.0	500.0	7.346577128720855
1	495.5	391.4	131.0	500.0	7.32966913549059
1	377.5	333.1	90.0	500.0	7.328196598888587
1	479.5	377.9	39.0	500.0	7.33409222479864
1	407.5	364.0	112.0	500.0	7.302679500291291
1	301.0	331.6	165.0	500.0	7.289956819425317
1	422.5	354.4	74.0	500.0	7.269149594906868
1	238.5	269.8	81.0	500.0	7.28461963728602
1	377.0	347.9	123.0	500.0	7.295135982858473
1	483.0	402.2	131.0	500.0	7.28570721889494
1	332.0	345.5	176.0	500.0	7.273223416663592
1	486.5	366.6	38.0	500.0	7.278202247162256
1	430.0	370.3	77.0	500.0	7.263363140379269
1	195.0	242.6	102.0	500.0	7.275491334530414
1	315.5	280.7	51.0	500.0	7.283610653478404
1	225.0	283.3	97.0	500.0	7.313987695353022
1	395.0	343.9	53.0	500.0	7.336787966154265
1	203.0	231.1	133.0	400.0	7.329043035722158
1	209.0	229.4	32.0	500.0	7.3015468782831
1	231.5	275.2	108.0	500.0	7.312989719697181
1	311.0	319.8	88.0	500.0	7.293932371770631
1	293.0	306.9	102.0	500.0	7.284732886725886
1	379.0	360.8	27.0	500.0	7.3002815519649795
1	214.0	263.1	35.0	500.0	7.3070880484962455
1	356.5	322.1	147.0	500.0	7.302498311497038
1	149.0	218.5	64.0	500.0	7.286311634953783
1	99.0	178.5	50.0	500.0	7.299792168146709
1	231.0	269.3	42.0	500.0	7.310396577778059
1	372.5	321.4	58.0	500.0	7.334902458888121
1	474.0	378.1	81.0	500.0	7.326457930486515
1	398.5	353.2	120.0	500.0	7.324622108691082
1	353.0	353.3	77.0	500.0	7.306055087210176
1	362.0	323.4	40.0	500.0	7.279746694733208
1	343.0	322.7	71.0	500.0	7.2622915765115685
1	468.5	386.6	51.0	500.0	7.271595485146077
1	500.0	389.6	115.0	500.0	7.2736913797236875
1	441.0	361.1	65.0	500.0	7.275397917958148
1	477.0	360.1	34.0	500.0	7.2699717286152445
1	335.0	315.5	90.0	500.0	7.266859041597181
1	259.5	251.1	47.0	500.0	7.295875685193703
1	290.5	287.2	50.0	500.0	7.2900354642845295
1	416.5	381.6	122.0	500.0	7.294488491762202
1	284.5	286.6	55.0	500.0	7.289442259900677
1	468.5	367.3	145.0	500.0	7.284346519529593
1	500.0	400.0	59.0	500.0	7.302175521838413
1	265.5	301.4	91.0	500.0	7.279912283508863
1	469.0	363.4	106.0	500.0	7.281669550193569
1	333.0	314.2	105.0	500.0	7.283817509906083
1	466.5	373.2	142.0	500.0	7.293866019423125
1	400.5	377.8	123.0	500.0	7.296395456951061
1	263.0	268.6	79.0	500.0	7.289780859930882
1	281.5	309.8	59.0	500.0	7.267456161004362
1	479.0	356.5	102.0	500.0	7.240104197971129
1	291.0	308.7	131.0	500.0	7.2309303100364275
1	272.0	283.8	105.0	500.0	7.2166655373596535
1	314.0	285.3	44.0	500.0	7.200691884741223
1	285.0	267.2	44.0	500.0	7.20649774964914
1	198.5	224.2	49.0	500.0	7.21966527478841
1	460.0	358.6	101.0	500.0	7.192362721902284
1	294.0	323.5	74.0	500.0	7.212162803652599
1	429.5	381.5	130.0	500.0	7.208131993202892
1	360.5	328.0	96.0	500.0	7.227704393588726
1	351.0	322.0	44.0	500.0	7.210372000015573
1	456.0	400.4	98.0	500.0	7.218298456046136
1	342.0	323.8	88.0	500.0	7.217610800076442
1	500.0	438.7	180.0	500.0	7.218054740482663
1	399.5	350.9	98.0	500.0	7.224513362035657
1	292.5	326.3	131.0	500.0	7.232203020273526
1	282.5	292.0	41.0	500.0	7.223288098322708
1	181.5	215.9	53.0	500.0	7.211979729928727
1	384.0	359.8	111.0	500.0	7.223438345760053
1	441.0	358.6	75.0	500.0	7.248743975062746
1	237.5	271.9	66.0	500.0	7.235485070683331
1	274.5	243.5	56.0	432.0	7.278661988323153
1	305.0	300.8	41.0	500.0	7.30073125426194
1	500.0	425.7	58.0	500.0	7.314979365635251
1	399.0	365.7	140.0	500.0	7.292024465698577
1	406.0	371.2	125.0	500.0	7.2619209694794575
1	351.0	325.3	75.0	500.0	7.253835572622148
1	461.0	433.7	202.0	500.0	7.2660226776454415
1	303.0	309.1	70.0	500.0	7.257123509462656
1	500.0	429.2	70.0	500.0	7.284743407430977
1	475.0	416.8	153.0	500.0	7.285439525239332
1	353.5	350.8	97.0	500.0	7.28251896653135
1	421.5	377.4	162.0	500.0	7.274713409572657
1	500.0	475.5	355.0	500.0	7.314921732762829
1	500.0	388.1	96.0	500.0	7.307902384690123
1	500.0	413.8	146.0	500.0	7.310547156070162
1	500.0	379.0	50.0	500.0	7.311735768355031
1	286.5	325.1	108.0	500.0	7.312109677507932
1	430.0	354.9	22.0	500.0	7.325644817389677
1	475.5	442.1	264.0	500.0	7.337113893563949
1	500.0	451.5	244.0	500.0	7.322577430599981
1	393.0	369.8	89.0	500.0	7.336064754376983
1	500.0	500.0	500.0	500.0	7.317351644241114
1	480.5	395.3	89.0	500.0	7.317351644241114
1	404.0	359.3	118.0	500.0	7.322349185464839
1	476.5	394.1	57.0	500.0	7.337060825556885
1	403.5	416.3	304.0	500.0	7.338988053679465
1	500.0	427.0	80.0	500.0	7.32854069835678
1	302.0	326.4	113.0	500.0	7.349067292353708
1	500.0	421.3	264.0	500.0	7.353662601741469
1	340.5	361.5	177.0	500.0	7.341532005832901
1	453.0	373.7	183.0	500.0	7.345516685106402
1	438.0	389.6	164.0	500.0	7.355262949353308
1	500.0	431.0	41.0	500.0	7.385359280022439
1	500.0	439.8	214.0	500.0	7.357886247364368
1	500.0	481.6	316.0	500.0	7.356155592786779
1	400.0	371.5	104.0	500.0	7.353568405090492
1	495.0	428.1	90.0	500.0	7.323178726104104
1	500.0	422.0	79.0	500.0	7.345700516893133
1	337.0	366.2	185.0	500.0	7.315008578431571
1	500.0	391.3	70.0	500.0	7.307765831878933
1	340.0	353.7	224.0	500.0	7.300128460438672
1	415.0	367.9	146.0	500.0	7.2785913236767925
1	456.0	402.6	191.0	500.0	7.316696347985156
1	407.0	363.0	127.0	500.0	7.317218000454765
1	411.5	387.4	167.0	500.0	7.317985671558028
1	489.0	424.8	163.0	500.0	7.317962315614048
1	500.0	411.8	177.0	500.0	7.298685616025517
1	500.0	410.1	102.0	500.0	7.296762009483628
1	500.0	447.1	195.0	500.0	7.266459456793342
1	500.0	443.4	136.0	500.0	7.272919771080994
1	469.5	367.0	93.0	500.0	7.296951864044028
1	500.0	481.8	390.0	500.0	7.288433651036336
1	415.5	368.8	168.0	500.0	7.291835390924063
1	500.0	399.0	63.0	500.0	7.284866960017933
1	500.0	448.6	232.0	500.0	7.25095279776714
1	349.5	352.3	184.0	500.0	7.226735347901694
1	500.0	491.1	446.0	500.0	7.243211220056866
1	393.0	341.4	51.0	500.0	7.247346394833377
1	359.0	351.6	100.0	500.0	7.267925836145601
1	287.5	296.7	64.0	500.0	7.255092121894493
1	437.0	383.6	42.0	500.0	7.248657885613364
1	374.5	339.2	42.0	500.0	7.241116070871965
1	389.5	381.4	89.0	500.0	7.217615747840494
1	453.0	364.7	104.0	500.0	7.229947260563339
1	500.0	359.3	61.0	500.0	7.221993032187721
1	500.0	432.5	149.0	500.0	7.232056739663916
1	482.0	375.4	121.0	500.0	7.23098091177095
1	500.0	456.3	246.0	500.0	7.237916274191008
1	469.5	372.9	76.0	500.0	7.239183674655479
1	376.5	341.8	109.0	500.0	7.194490777417108
1	500.0	434.8	125.0	500.0	7.201629154782422
1	480.0	410.4	133.0	500.0	7.180685369093262
1	500.0	416.6	140.0	500.0	7.192209775774855
1	500.0	416.3	185.0	500.0	7.187448136687744
1	406.0	361.0	139.0	500.0	7.146459616642352
1	500.0	466.7	237.0	500.0	7.149894777491164
1	416.5	362.2	190.0	500.0	7.161961300989542
1	485.0	383.4	167.0	500.0	7.1691152638909195
1	500.0	416.3	48.0	500.0	7.185686184667528
1	500.0	393.9	143.0	500.0	7.183249996213338
1	500.0	423.4	182.0	500.0	7.16122496943952
1	500.0	427.7	89.0	500.0	7.147350123106744
1	243.5	258.6	40.0	500.0	7.11531768068359
1	361.5	350.9	78.0	500.0	7.122113777312724
1	307.0	307.5	64.0	500.0	7.121846044030699
1	404.5	359.8	115.0	500.0	7.107083272908751
1	500.0	387.5	52.0	500.0	7.091563216256815
1	465.5	400.2	88.0	500.0	7.085799614128737
1	384.0	367.8	128.0	500.0	7.073493673568498
1	457.5	349.6	50.0	500.0	7.07807470444467
1	500.0	437.9	78.0	500.0	7.065478212991242
1	500.0	393.8	62.0	500.0	7.070314117077121
1	283.0	305.3	68.0	500.0	7.063063910687386
1	401.5	340.0	39.0	500.0	7.041456017184207
1	500.0	374.9	67.0	500.0	7.055050739269707
1	350.0	349.4	141.0	500.0	7.0429363593897
1	446.0	363.3	74.0	500.0	7.052867838933297
1	408.5	365.8	66.0	500.0	7.048314230998463
1	470.0	371.1	110.0	500.0	7.047526508031016
1	490.0	404.2	167.0	500.0	7.047374586070442
1	487.0	402.6	189.0	500.0	7.038956722676291
1	446.5	361.9	67.0	500.0	7.045639170138175
1	500.0	464.7	248.0	500.0	7.054887413250047
1	440.5	385.6	206.0	500.0	7.061579883833202
1	379.0	347.8	61.0	500.0	7.083110139508011
1	500.0	423.9	70.0	500.0	7.092072889030839
1	500.0	382.7	189.0	500.0	7.1031484905310815
1	500.0	405.2	116.0	500.0	7.106730301845194
1	495.5	366.1	95.0	500.0	7.1147117519288825
1	354.0	314.0	69.0	500.0	7.132136390483846
1	450.5	405.7	229.0	500.0	7.1263248532830525
1	431.5	368.4	86.0	500.0	7.141624195005666
1	485.0	408.7	173.0	500.0	7.1396499179886135
1	158.5	207.4	70.0	500.0	7.115897605050622
1	320.5	321.9	125.0	500.0	7.116986168813411
1	291.0	305.6	47.0	500.0	7.1143280277015934
1	486.5	398.8	156.0	500.0	7.135278656179663
1	399.5	354.3	97.0	500.0	7.0975358494454275
1	422.0	363.0	144.0	500.0	7.112142794987242
1	500.0	445.2	102.0	500.0	7.09102776859296
1	500.0	419.9	122.0	500.0	7.098881562673806
1	500.0	386.6	181.0	500.0	7.122174139255451
1	220.0	295.3	100.0	500.0	7.1199877922898285
1	500.0	404.7	109.0	500.0	7.120807871651068
1	500.0	406.3	160.0	500.0	7.133637161443939
1	500.0	425.7	80.0	500.0	7.1180925490092015
1	500.0	451.4	82.0	500.0	7.0890583709572175
1	484.0	388.8	124.0	500.0	7.107814313279244
1	500.0	435.5	155.0	500.0	7.104033291295093
1	500.0	464.4	277.0	500.0	7.1164168999699395
1	401.5	387.2	193.0	500.0	7.108621046083584
1	473.5	352.4	102.0	500.0	7.112164084449594
1	404.5	394.3	268.0	500.0	7.091780725906149
1	494.5	425.3	241.0	500.0	7.0646621813494885
1	500.0	420.4	118.0	500.0	7.035740411108553
1	277.5	302.3	106.0	500.0	7.0191097794542054
1	500.0	453.8	185.0	500.0	6.999782092150787
1	500.0	421.2	92.0	500.0	7.002184713320302
1	424.0	372.7	99.0	500.0	7.019994121448075
1	500.0	410.3	53.0	500.0	7.048162110620358
1	423.0	384.8	197.0	500.0	7.046657800007693
1	474.5	400.5	142.0	500.0	7.032957486179607
1	500.0	418.8	95.0	500.0	7.043238493629124
1	364.0	333.4	119.0	500.0	7.03305081962581
1	411.0	356.5	118.0	500.0	7.0488379334821385
1	410.5	381.3	142.0	500.0	7.040104887695713
1	307.0	308.2	84.0	500.0	7.053557445274377
1	477.0	374.6	76.0	500.0	7.030513740563195
1	316.5	316.1	35.0	500.0	7.0195654090194575
1	434.5	380.9	37.0	500.0	7.0180114922260675
1	500.0	411.7	79.0	500.0	7.01704162161717
1	387.5	347.3	76.0	500.0	7.036650907374803
1	294.5	310.1	82.0	500.0	7.026559191652029
1	500.0	401.2	120.0	500.0	7.0066806500528065
1	420.0	334.6	68.0	500.0	6.999956898029014
1	325.5	332.9	95.0	500.0	6.986167906450468
1	447.0	367.2	112.0	500.0	6.98269223306118
1	326.5	314.2	70.0	500.0	6.998955612492028
1	362.0	337.6	124.0	500.0	7.000072574945993
1	455.0	339.9	24.0	500.0	7.012838029051982
1	500.0	438.7	288.0	500.0	7.01013908762984
1	481.0	412.9	237.0	500.0	6.993952283070353
1	500.0	417.0	136.0	500.0	6.979528989935618
1	500.0	417.0	95.0	500.0	6.99729717742005
1	409.0	364.4	40.0	500.0	7.01953721747023
1	425.0	365.6	99.0	500.0	7.014592926830838
1	409.5	357.3	84.0	500.0	7.0179964418962095
1	287.0	320.5	85.0	500.0	6.995735714528401
1	500.0	426.5	120.0	500.0	6.999641233314183
1	279.5	268.2	124.0	433.0	6.99393274869523
1	500.0	424.3	175.0	500.0	6.985145551099249
1	500.0	415.0	103.0	500.0	6.936105034744639
1	411.5	375.7	148.0	500.0	6.928194928582224
1	500.0	400.0	148.0	500.0	6.948800831469226
1	341.0	333.7	131.0	500.0	6.931706730252437
1	500.0	456.1	289.0	500.0	6.93378797847894
1	269.0	294.5	57.0	500.0	6.947021271421314
1	422.5	355.7	106.0	500.0	6.907459496013275
1	210.5	265.6	49.0	500.0	6.919297397453824
1	500.0	330.5	43.0	500.0	6.928636583390091
1	403.0	368.7	93.0	500.0	6.904297105721649
1	425.0	383.0	115.0	500.0	6.905288428546776
1	472.5	394.8	222.0	500.0	6.921771679812059
1	339.0	344.3	192.0	500.0	6.903311443678389
1	242.5	298.8	55.0	500.0	6.934296830889418
1	396.5	323.9	79.0	500.0	6.941098080811371
1	262.5	285.5	28.0	500.0	6.948197451416935
1	382.0	339.7	43.0	500.0	6.968021309551995
1	278.5	308.5	40.0	500.0	6.953708174039319
1	495.0	404.1	151.0	500.0	6.960931948464237
1	291.0	312.5	61.0	500.0	6.955050598114375
1	299.0	315.9	72.0	500.0	6.9556740548936435
1	479.0	395.0	108.0	500.0	6.973104251850194
1	446.0	390.2	173.0	500.0	6.953633872366725
1	350.5	325.8	82.0	500.0	6.960430759861958
1	477.5	377.4	114.0	500.0	6.97684080230122
1	500.0	451.8	327.0	500.0	6.961801592287466
1	500.0	415.4	96.0	500.0	6.964314635028683
1	500.0	446.5	176.0	500.0	6.943130158550651
1	500.0	376.1	50.0	500.0	6.931756052962153
1	500.0	415.5	103.0	500.0	6.961891127246109
1	485.0	418.5	95.0	500.0	6.958794118753546
1	500.0	395.8	54.0	500.0	6.958721460026233
1	500.0	386.0	92.0	500.0	6.96723914056963
1	500.0	460.4	328.0	500.0	6.973751797009197
1	500.0	420.7	72.0	500.0	6.9569859797380875
1	500.0	436.4	141.0	500.0	6.962093572175901
1	500.0	452.9	142.0	500.0	6.949036817488599
