	203.0
	337.0
	500.0
	500.0
	500.0
	500.0
	500.0
	500.0
	500.0
	500.0
	500.0
	500.0
	500.0
	500.0
	500.0
	500.0
	500.0
	500.0
	449.0
	500.0
	500.0
	500.0
	500.0
	500.0
	500.0
	500.0
	500.0
	474.0
	500.0
	500.0
	500.0
	394.0
	500.0
	456.0
	500.0
	500.0
	500.0
	500.0
	466.0
	388.0
	500.0
	500.0
	500.0
	500.0
	500.0
	500.0
	500.0
	500.0
	500.0
	500.0
	500.0
	500.0
	500.0
	500.0
	500.0
	500.0
	500.0
	500.0
	425.0
	500.0
	500.0
	500.0
	500.0
	500.0
	500.0
	500.0
	500.0
	500.0
	500.0
	500.0
	500.0
	500.0
	500.0
	500.0
	500.0
	387.0
	500.0
	500.0
	500.0
	391.0
	500.0
	500.0
	485.0
	500.0
	412.0
	500.0
	500.0
	500.0
	500.0
	396.0
	500.0
	500.0
	500.0
	500.0
	500.0
	345.0
	500.0
	329.0
	500.0
	500.0
	500.0
	500.0
	500.0
	205.0
	500.0
	500.0
	500.0
	500.0
	500.0
	500.0
	197.0
	500.0
	500.0
	500.0
	500.0
	500.0
	500.0
	500.0
	500.0
	500.0
	500.0
	500.0
	500.0
	414.0
	500.0
	500.0
	500.0
	500.0
	397.0
	500.0
	442.0
	399.0
	367.0
	500.0
	500.0
	500.0
	500.0
	500.0
	500.0
	500.0
	500.0
	500.0
	500.0
	500.0
	500.0
	443.0
	500.0
	57.0
	500.0
	500.0
	500.0
	500.0
	500.0
	500.0
	500.0
	500.0
	500.0
	500.0
	500.0
	500.0
	467.0
	500.0
	500.0
	500.0
	500.0
	500.0
	500.0
	500.0
	500.0
	500.0
	500.0
	500.0
	500.0
	500.0
	500.0
	166.0
	500.0
	500.0
	271.0
	500.0
	500.0
	459.0
	472.0
	500.0
	500.0
	473.0
	500.0
	500.0
	500.0
	500.0
	500.0
	500.0
	500.0
	500.0
	500.0
	500.0
	500.0
	500.0
	500.0
	500.0
	500.0
	500.0
	500.0
	500.0
	500.0
	500.0
	500.0
	500.0
	500.0
	500.0
	500.0
	500.0
	500.0
	500.0
	500.0
	500.0
	500.0
	500.0
	500.0
	500.0
	500.0
	500.0
	500.0
	500.0
	500.0
	500.0
	500.0
	500.0
	500.0
	500.0
	500.0
	500.0
	500.0
	500.0
	401.0
	500.0
	500.0
	500.0
	500.0
	500.0
	500.0
	500.0
	301.0
	500.0
	500.0
	500.0
	500.0
	500.0
	500.0
	266.0
	500.0
	500.0
	500.0
	500.0
	500.0
	500.0
	500.0
	500.0
	500.0
	500.0
	226.0
	500.0
	500.0
	500.0
	500.0
	500.0
	500.0
	500.0
	500.0
	464.0
	500.0
	500.0
	500.0
	500.0
	500.0
	221.0
	500.0
	500.0
	500.0
	500.0
	500.0
	500.0
	500.0
	386.0
	175.0
	500.0
	500.0
	500.0
	500.0
	500.0
	500.0
	500.0
	188.0
	500.0
	500.0
	500.0
	500.0
	500.0
	500.0
	500.0
	500.0
	500.0
	500.0
	500.0
	500.0
	500.0
	500.0
	500.0
	500.0
	500.0
	500.0
	500.0
	500.0
	500.0
	500.0
	367.0
	500.0
	410.0
	500.0
	500.0
	500.0
	500.0
	500.0
	500.0
	185.0
	500.0
	500.0
	500.0
	500.0
	500.0
	500.0
	500.0
	500.0
	500.0
	500.0
	500.0
	500.0
	441.0
	500.0
	338.0
	500.0
	500.0
	500.0
	500.0
	500.0
	500.0
	500.0
	500.0
	500.0
	500.0
	500.0
	500.0
	500.0
	500.0
	465.0
	500.0
	500.0
	500.0
	500.0
	500.0
	500.0
	500.0
	500.0
	447.0
	500.0
	500.0
	500.0
	500.0
	500.0
	500.0
	325.0
	500.0
	500.0
	482.0
	241.0
	500.0
	500.0
	500.0
	500.0
	500.0
	369.0
	405.0
	500.0
	500.0
	500.0
	500.0
	500.0
	500.0
	500.0
	500.0
	500.0
	500.0
	500.0
	500.0
	500.0
	500.0
	500.0
	500.0
	427.0
	500.0
	500.0
	500.0
	30.0
	500.0
	500.0
	500.0
	330.0
	500.0
	476.0
	500.0
	123.0
	500.0
	500.0
	492.0
	450.0
	500.0
	500.0
	500.0
	500.0
	500.0
	500.0
	500.0
	500.0
	500.0
	500.0
	500.0
	500.0
	500.0
	193.0
	500.0
	500.0
	500.0
	500.0
	500.0
	500.0
	500.0
	300.0
	500.0
	500.0
	500.0
	448.0
	500.0
	500.0
	500.0
	500.0
	360.0
	500.0
	500.0
	500.0
	411.0
	173.0
	181.0
	500.0
	500.0
	500.0
	500.0
	500.0
	500.0
	500.0
	500.0
	500.0
	500.0
	500.0
	500.0
	500.0
	500.0
	500.0
	500.0
	500.0
	431.0
	500.0
	500.0
	500.0
	383.0
	500.0
	472.0
	500.0
	500.0
	500.0
	224.0
	500.0
	500.0
	500.0
	500.0
	500.0
	500.0
	500.0
	500.0
	500.0
	500.0
	500.0
	500.0
	500.0
	452.0
	500.0
	500.0
	500.0
	500.0
	500.0
	500.0
	500.0
	500.0
	312.0
	500.0
	500.0
	500.0
	384.0
	500.0
	500.0
	147.0
	500.0
	500.0
	500.0
	500.0
	500.0
	500.0
	500.0
	500.0
	500.0
	500.0
	500.0
	500.0
	500.0
	500.0
	500.0
	500.0
	500.0
	500.0
	496.0
	500.0
	500.0
	500.0
	500.0
	500.0
	317.0
	500.0
	500.0
	500.0
	500.0
	500.0
	500.0
	500.0
	500.0
	500.0
	500.0
	500.0
	500.0
	500.0
	321.0
	500.0
	500.0
	500.0
	500.0
	500.0
	500.0
	500.0
	500.0
	500.0
	500.0
	500.0
	500.0
	500.0
	500.0
	500.0
	500.0
	500.0
	500.0
	500.0
	500.0
	500.0
	133.0
	500.0
	500.0
	500.0
	500.0
	500.0
	433.0
	186.0
	500.0
	500.0
	500.0
	500.0
	371.0
	500.0
	427.0
	500.0
	500.0
	500.0
	500.0
	500.0
	500.0
	500.0
	500.0
	500.0
	500.0
	500.0
	500.0
	500.0
	500.0
	500.0
	500.0
	500.0
	500.0
	500.0
	500.0
	500.0
	500.0
	500.0
	500.0
	500.0
	500.0
	500.0
	500.0
	500.0
	500.0
	500.0
	500.0
	180.0
	500.0
	500.0
	500.0
	500.0
	500.0
	500.0
	500.0
	500.0
	500.0
	500.0
	500.0
	407.0
	500.0
	500.0
	500.0
	500.0
	500.0
	500.0
	500.0
	265.0
	500.0
	500.0
	408.0
	500.0
	500.0
	500.0
	500.0
	500.0
	500.0
	500.0
	500.0
	500.0
	500.0
	500.0
	238.0
	500.0
	500.0
	500.0
	500.0
	500.0
	500.0
	500.0
	500.0
	500.0
	500.0
	500.0
	500.0
	500.0
	500.0
	500.0
	500.0
	27.0
	500.0
	169.0
	500.0
	500.0
	500.0
	500.0
	500.0
	500.0
	500.0
	500.0
	500.0
	162.0
	500.0
	500.0
	500.0
	500.0
	500.0
	500.0
	500.0
	500.0
	500.0
	500.0
	500.0
	500.0
	500.0
	500.0
	500.0
	500.0
	500.0
	497.0
	500.0
	500.0
	500.0
	500.0
	500.0
	500.0
	500.0
	500.0
	500.0
	500.0
	500.0
	414.0
	500.0
	500.0
	264.0
	500.0
	500.0
	500.0
	500.0
	500.0
	500.0
	500.0
	500.0
	500.0
	500.0
	500.0
	500.0
	500.0
	313.0
	500.0
	500.0
	500.0
	168.0
	477.0
	250.0
	500.0
	500.0
	500.0
	500.0
	500.0
	500.0
	462.0
	500.0
	172.0
	500.0
	402.0
	500.0
	500.0
	500.0
	500.0
	330.0
	500.0
	500.0
	500.0
	500.0
	500.0
	500.0
	500.0
	500.0
	500.0
	367.0
	500.0
	500.0
	500.0
	500.0
	184.0
	500.0
	500.0
	500.0
	159.0
	500.0
	500.0
	500.0
	500.0
	500.0
	500.0
	500.0
	500.0
	436.0
	500.0
	500.0
	500.0
	500.0
	500.0
	500.0
	439.0
	500.0
	500.0
	500.0
	500.0
	500.0
	500.0
	460.0
	500.0
	404.0
	500.0
	500.0
	500.0
	500.0
	428.0
	500.0
	500.0
	500.0
	500.0
	500.0
	500.0
	500.0
	500.0
	500.0
	500.0
	500.0
	500.0
	500.0
	500.0
	500.0
	279.0
	500.0
	500.0
	500.0
	500.0
	498.0
	156.0
	500.0
	246.0
	289.0
	500.0
	500.0
	500.0
	500.0
	500.0
	500.0
	500.0
	500.0
	500.0
	500.0
	500.0
	500.0
	500.0
	500.0
	500.0
	500.0
	313.0
	500.0
	500.0
	500.0
	500.0
	500.0
	500.0
	500.0
	500.0
	500.0
	267.0
	500.0
	500.0
	500.0
	500.0
	280.0
	500.0
	500.0
	215.0
	500.0
	500.0
	500.0
	500.0
	493.0
	500.0
	500.0
	230.0
	176.0
	425.0
	500.0
	500.0
	500.0
	500.0
	500.0
	500.0
	500.0
	500.0
	500.0
	500.0
	500.0
	500.0
	500.0
	500.0
	500.0
	500.0
	500.0
	500.0
	500.0
	500.0
	500.0
	500.0
	500.0
	500.0
	500.0
	500.0
	500.0
	500.0
	500.0
	432.0
	500.0
	500.0
	500.0
	500.0
	500.0
	500.0
	274.0
	329.0
	500.0
	500.0
	500.0
	500.0
	162.0
	175.0
	500.0
	500.0
	500.0
	500.0
	500.0
	500.0
	160.0
	500.0
	500.0
	500.0
	500.0
	500.0
	500.0
	500.0
	500.0
	500.0
	500.0
	500.0
	350.0
	412.0
	220.0
	500.0
	500.0
	500.0
	500.0
	500.0
	500.0
	500.0
	500.0
	500.0
	500.0
	500.0
	500.0
	500.0
	161.0
	500.0
	500.0
	500.0
	500.0
	481.0
	500.0
	500.0
	500.0
	359.0
	500.0
	412.0
	500.0
	500.0
	500.0
	500.0
	328.0
	500.0
	273.0
	500.0
	442.0
	500.0
	500.0
	363.0
	500.0
	500.0
	300.0
	223.0
	500.0
	500.0
	500.0
	500.0
	500.0
	500.0
	500.0
	500.0
	500.0
	500.0
	500.0
	500.0
	500.0
	456.0
	456.0
	500.0
	404.0
	500.0
	500.0
	500.0
	500.0
	500.0
	473.0
	500.0
	500.0
	500.0
	500.0
	500.0
	500.0
	378.0
	438.0
	313.0
	234.0
	500.0
	500.0
	500.0
	500.0
	500.0
	500.0
	500.0
	466.0
	500.0
	500.0
	500.0
	500.0
	402.0
	500.0
	500.0
	121.0
	500.0
	500.0
	500.0
	164.0
	500.0
	498.0
	120.0
	500.0
	409.0
	500.0
	500.0
	500.0
	500.0
	500.0
	500.0
	500.0
	500.0
	500.0
	500.0
	500.0
	500.0
	500.0
	500.0
	500.0
	500.0
	500.0
	500.0
	500.0
	500.0
	500.0
	500.0
	500.0
	500.0
	500.0
	500.0
	500.0
	500.0
	500.0
	433.0
	500.0
	500.0
	500.0
	500.0
	500.0
	500.0
	500.0
	500.0
	500.0
	500.0
	500.0
	15.0
	157.0
	389.0
	500.0
	500.0
	500.0
	500.0
	479.0
	500.0
	500.0
	500.0
	500.0
	409.0
	472.0
	500.0
	427.0
	487.0
	500.0
	425.0
	500.0
	500.0
	500.0
	500.0
	500.0
	500.0
	500.0
	500.0
	500.0
	500.0
	500.0
	500.0
	500.0
	500.0
	500.0
	500.0
	500.0
	500.0
	500.0
	500.0
	500.0
	500.0
	500.0
	500.0
	500.0
	500.0
	79.0
	500.0
	500.0
	500.0
	500.0
	500.0
	500.0
	448.0
	500.0
	500.0
	432.0
	500.0
	500.0
	500.0
	500.0
	500.0
	500.0
	500.0
	500.0
	500.0
	500.0
	500.0
	500.0
	500.0
	500.0
	163.0
	500.0
	500.0
	500.0
	500.0
	500.0
	500.0
	500.0
	500.0
	500.0
	500.0
	500.0
	500.0
	500.0
	500.0
	500.0
	500.0
	500.0
	500.0
	500.0
	500.0
	500.0
	500.0
	500.0
	500.0
	500.0
	500.0
	500.0
	500.0
	500.0
	500.0
	500.0
	500.0
	500.0
	500.0
	488.0
	500.0
	500.0
	500.0
	500.0
	500.0
	420.0
	500.0
	500.0
	500.0
	500.0
	500.0
	500.0
	500.0
	500.0
	500.0
	500.0
	500.0
	500.0
	500.0
	182.0
	500.0
	500.0
	500.0
	500.0
	500.0
	500.0
	500.0
	500.0
	500.0
	500.0
	307.0
	500.0
	318.0
	500.0
	500.0
	500.0
	196.0
	500.0
	500.0
	500.0
	500.0
	500.0
	500.0
	500.0
	500.0
	500.0
	500.0
	500.0
	500.0
	500.0
	500.0
	500.0
	500.0
	500.0
	500.0
	500.0
	500.0
	500.0
	420.0
	500.0
	500.0
	500.0
	500.0
	500.0
	500.0
	500.0
	500.0
	500.0
	500.0
	500.0
	500.0
	374.0
	500.0
	500.0
	500.0
	500.0
	500.0
	500.0
	500.0
	367.0
	500.0
	500.0
	500.0
	500.0
	500.0
	500.0
	500.0
	500.0
	500.0
	500.0
	500.0
	104.0
	500.0
	500.0
	500.0
	500.0
	500.0
	385.0
	500.0
	500.0
	500.0
	500.0
	500.0
	500.0
	500.0
	500.0
	500.0
	500.0
	500.0
	500.0
	356.0
	500.0
	500.0
	462.0
	500.0
	500.0
	500.0
	500.0
	500.0
	500.0
	260.0
	500.0
	500.0
	500.0
	500.0
	500.0
	452.0
	392.0
	500.0
	500.0
	175.0
	500.0
	500.0
	500.0
	500.0
	440.0
	500.0
	500.0
	500.0
	500.0
	500.0
	500.0
	500.0
	500.0
	500.0
	500.0
	500.0
	500.0
	500.0
	500.0
	500.0
	500.0
	500.0
	500.0
	500.0
	500.0
	500.0
	500.0
	500.0
	500.0
	500.0
	500.0
	500.0
	500.0
	500.0
	500.0
	500.0
	500.0
	500.0
	500.0
	500.0
	500.0
	500.0
	500.0
	500.0
	500.0
	500.0
	500.0
	276.0
	219.0
	500.0
	500.0
	500.0
	500.0
	500.0
	500.0
	500.0
	500.0
	465.0
	500.0
	500.0
	500.0
	500.0
	500.0
	500.0
	500.0
	500.0
	500.0
	500.0
	500.0
	500.0
	500.0
	500.0
	500.0
	500.0
	500.0
	500.0
	500.0
	500.0
	500.0
	500.0
	386.0
	500.0
	500.0
	500.0
	357.0
	500.0
	500.0
	500.0
	350.0
	500.0
	500.0
	500.0
	278.0
	500.0
	500.0
	402.0
	437.0
	500.0
	500.0
	500.0
	500.0
	500.0
	61.0
	500.0
	387.0
	500.0
	500.0
	500.0
	500.0
	500.0
	500.0
	500.0
	500.0
	492.0
	500.0
	500.0
	500.0
	500.0
	500.0
	500.0
	500.0
	500.0
	500.0
	500.0
	201.0
	500.0
	500.0
	500.0
	500.0
	500.0
	500.0
	500.0
	500.0
	500.0
	500.0
	500.0
	500.0
	500.0
	500.0
	430.0
	500.0
	297.0
	500.0
	500.0
	500.0
	500.0
	500.0
	500.0
	500.0
	500.0
	500.0
	458.0
	500.0
	500.0
	500.0
	500.0
	500.0
	500.0
	500.0
	500.0
	500.0
	500.0
	500.0
	464.0
	500.0
	500.0
	500.0
	500.0
	500.0
	500.0
	500.0
	500.0
	500.0
	500.0
	500.0
	500.0
	500.0
	500.0
	500.0
	500.0
	500.0
	500.0
	500.0
	500.0
	500.0
	500.0
	500.0
	500.0
	500.0
	500.0
	282.0
	500.0
	500.0
	500.0
	500.0
	500.0
	500.0
	500.0
	500.0
	500.0
	500.0
	500.0
	500.0
	500.0
	500.0
	500.0
	500.0
	500.0
	500.0
	500.0
	500.0
	500.0
	500.0
	500.0
	500.0
	500.0
	500.0
	500.0
	500.0
	500.0
	500.0
	500.0
	500.0
	500.0
	500.0
	500.0
	500.0
	500.0
	500.0
	451.0
	500.0
	500.0
	500.0
	500.0
	381.0
	500.0
	500.0
	500.0
	500.0
	500.0
	500.0
	500.0
	500.0
	393.0
	500.0
	500.0
	500.0
	500.0
	500.0
	500.0
	500.0
	500.0
	500.0
	500.0
	448.0
	500.0
	500.0
	500.0
	500.0
	500.0
	500.0
	474.0
	500.0
	500.0
	372.0
	500.0
	399.0
	117.0
	500.0
	500.0
	500.0
	500.0
	500.0
	500.0
	500.0
	500.0
	500.0
	500.0
	500.0
	496.0
	500.0
	500.0
	500.0
	500.0
	500.0
	489.0
	500.0
	471.0
	500.0
	435.0
	500.0
	500.0
	500.0
	500.0
	500.0
	500.0
	500.0
	500.0
	500.0
	500.0
	500.0
	500.0
	500.0
	500.0
	500.0
	421.0
	430.0
	482.0
	500.0
	500.0
	500.0
	500.0
	500.0
	500.0
	500.0
	500.0
	322.0
	500.0
	500.0
	500.0
	500.0
	500.0
	500.0
	500.0
	500.0
	500.0
	500.0
	500.0
	500.0
	500.0
	500.0
	500.0
	436.0
	500.0
	500.0
	500.0
	500.0
	500.0
	500.0
	500.0
	500.0
	500.0
	500.0
	500.0
	500.0
	500.0
	500.0
	500.0
	500.0
	500.0
	500.0
	500.0
	500.0
	500.0
	500.0
	500.0
	500.0
	500.0
	500.0
	500.0
	500.0
	500.0
	500.0
	500.0
	500.0
	500.0
	497.0
	500.0
	500.0
	500.0
	366.0
	500.0
	500.0
	500.0
	500.0
	500.0
	500.0
	500.0
	481.0
	500.0
	500.0
	500.0
	500.0
	500.0
	500.0
	500.0
	500.0
	500.0
	500.0
	500.0
	500.0
	500.0
	500.0
	234.0
	500.0
	500.0
	500.0
	500.0
	500.0
	500.0
	108.0
	416.0
	500.0
	500.0
	500.0
	500.0
	500.0
	500.0
	500.0
	500.0
	500.0
	500.0
	500.0
	500.0
	500.0
	500.0
	500.0
	500.0
	500.0
	500.0
	500.0
	500.0
	500.0
	500.0
	500.0
	500.0
	500.0
	500.0
	500.0
	500.0
	500.0
	500.0
	500.0
	500.0
	500.0
	363.0
	500.0
	500.0
	500.0
	500.0
	340.0
	446.0
	500.0
	500.0
	500.0
	500.0
	500.0
	500.0
	427.0
	500.0
	426.0
	371.0
	283.0
	127.0
	143.0
	500.0
	500.0
	500.0
	500.0
	500.0
	500.0
	500.0
	500.0
	500.0
	500.0
	500.0
	500.0
	500.0
	500.0
	176.0
	248.0
	10.0
	500.0
	221.0
	500.0
	500.0
	500.0
	500.0
	499.0
	250.0
	360.0
	500.0
	500.0
	500.0
	500.0
	500.0
	500.0
	500.0
	500.0
	500.0
	500.0
	500.0
	500.0
	500.0
	467.0
	500.0
	500.0
	500.0
	500.0
	500.0
	500.0
	500.0
	500.0
	137.0
	237.0
	500.0
	500.0
	500.0
	500.0
	500.0
	500.0
	500.0
	500.0
	500.0
	500.0
	500.0
	500.0
	500.0
	500.0
	320.0
	500.0
	500.0
	500.0
	500.0
	500.0
	500.0
	500.0
	500.0
	500.0
	500.0
	500.0
	500.0
	500.0
	303.0
	500.0
	406.0
	500.0
	500.0
	500.0
	500.0
	500.0
	500.0
	500.0
	500.0
	500.0
	500.0
	500.0
	500.0
	500.0
	500.0
	500.0
	500.0
	500.0
	500.0
	500.0
	500.0
	500.0
	500.0
	500.0
	500.0
	500.0
	500.0
	500.0
	500.0
	500.0
	500.0
	500.0
	500.0
	500.0
	500.0
	500.0
	500.0
	500.0
	500.0
	500.0
	500.0
	194.0
	500.0
	500.0
	500.0
	500.0
	500.0
	500.0
	500.0
	500.0
	500.0
	500.0
	500.0
	500.0
	500.0
	500.0
	500.0
	500.0
	500.0
	500.0
	500.0
	500.0
	500.0
	500.0
	500.0
	471.0
	500.0
	500.0
	500.0
	500.0
	500.0
	500.0
	500.0
	500.0
	500.0
	500.0
	500.0
	500.0
	500.0
	500.0
	500.0
	500.0
	500.0
	500.0
	500.0
	500.0
	500.0
	156.0
	500.0
	500.0
	500.0
	500.0
	500.0
	500.0
	500.0
	500.0
	500.0
	500.0
	500.0
	500.0
	500.0
	500.0
	500.0
	500.0
	500.0
	500.0
	500.0
	500.0
	500.0
	500.0
	267.0
	500.0
	500.0
	500.0
	500.0
	500.0
	500.0
	500.0
	500.0
	413.0
	500.0
	500.0
	500.0
	500.0
	500.0
	500.0
	500.0
	500.0
	500.0
	500.0
	500.0
	500.0
	500.0
	500.0
	500.0
	500.0
	14.0
	500.0
	500.0
	500.0
	500.0
	500.0
	500.0
	500.0
	500.0
	500.0
	500.0
	500.0
	500.0
	500.0
	500.0
	500.0
	500.0
	500.0
	500.0
	500.0
	356.0
	500.0
	500.0
	500.0
	500.0
	500.0
	500.0
	500.0
	500.0
	230.0
	500.0
	500.0
	500.0
	500.0
	500.0
	500.0
	500.0
	500.0
	500.0
	500.0
	500.0
	500.0
	500.0
	500.0
	500.0
	500.0
	500.0
	500.0
	500.0
	500.0
	500.0
	500.0
	500.0
	500.0
	500.0
	500.0
	500.0
	481.0
	500.0
	500.0
	500.0
	500.0
	500.0
	500.0
	125.0
	500.0
	500.0
	500.0
	500.0
	500.0
	500.0
	500.0
	500.0
	500.0
	500.0
	500.0
	500.0
	500.0
	500.0
	89.0
	500.0
	500.0
	500.0
	500.0
	500.0
	500.0
	500.0
	500.0
	500.0
	500.0
	500.0
	500.0
	500.0
	500.0
	500.0
	500.0
	290.0
	500.0
	500.0
	500.0
	500.0
	500.0
	500.0
	500.0
	500.0
	500.0
	500.0
	500.0
	500.0
	500.0
	500.0
	500.0
	500.0
	500.0
	500.0
	500.0
	328.0
	500.0
	500.0
	500.0
	500.0
	112.0
	500.0
	500.0
	500.0
	500.0
	500.0
	500.0
	500.0
	464.0
	500.0
	500.0
	500.0
	417.0
	500.0
	500.0
	500.0
	500.0
	500.0
	500.0
	500.0
	500.0
	500.0
	500.0
	500.0
	500.0
	500.0
	500.0
	500.0
	500.0
	500.0
	500.0
	500.0
	500.0
	500.0
	500.0
	500.0
	500.0
	500.0
	500.0
	500.0
	500.0
	500.0
	500.0
	500.0
	500.0
	500.0
	458.0
	500.0
	472.0
	500.0
	500.0
	500.0
	500.0
	500.0
	500.0
	500.0
	500.0
	495.0
	500.0
	500.0
	500.0
	500.0
	500.0
	500.0
	500.0
	229.0
	500.0
	500.0
	500.0
	500.0
	500.0
	500.0
	500.0
	500.0
	500.0
	500.0
	500.0
	500.0
	500.0
	500.0
	500.0
	291.0
	500.0
	500.0
	500.0
	500.0
	500.0
	237.0
	500.0
	500.0
	500.0
	500.0
	500.0
	500.0
	170.0
	500.0
	500.0
	500.0
	500.0
	500.0
	500.0
	500.0
	500.0
	500.0
	500.0
	500.0
	291.0
	500.0
	500.0
	500.0
	404.0
	500.0
	246.0
	240.0
	500.0
	500.0
	296.0
	500.0
	500.0
	418.0
	500.0
	500.0
	500.0
	500.0
	500.0
	500.0
	500.0
	500.0
	500.0
	500.0
	500.0
	500.0
	500.0
	500.0
	400.0
	488.0
	500.0
	500.0
	500.0
	500.0
	500.0
	500.0
	500.0
	500.0
	500.0
	500.0
	500.0
	500.0
	500.0
	500.0
	500.0
	500.0
	494.0
	500.0
	500.0
	500.0
	500.0
	500.0
	500.0
	500.0
	500.0
	500.0
	500.0
	500.0
	500.0
	500.0
	500.0
	500.0
	500.0
	500.0
	500.0
	500.0
	500.0
	500.0
	500.0
	500.0
	500.0
	463.0
	500.0
	500.0
	500.0
	500.0
	500.0
	500.0
	500.0
	500.0
	500.0
	500.0
	421.0
	500.0
	500.0
	500.0
	500.0
	500.0
	500.0
	500.0
	364.0
	500.0
	500.0
	500.0
	500.0
	434.0
	500.0
	500.0
	500.0
	500.0
	500.0
	500.0
	500.0
	500.0
	500.0
	492.0
	500.0
	500.0
	500.0
	428.0
	500.0
	500.0
	500.0
	500.0
	500.0
	500.0
	500.0
	281.0
	500.0
	500.0
	500.0
	500.0
	500.0
	500.0
	500.0
	500.0
	500.0
	500.0
	500.0
	500.0
	500.0
	500.0
	500.0
	500.0
	500.0
	500.0
	500.0
	500.0
	500.0
	500.0
	500.0
	500.0
	500.0
	500.0
	500.0
	500.0
	500.0
	500.0
	500.0
	500.0
	500.0
	500.0
	500.0
	500.0
	500.0
	500.0
	500.0
	500.0
	500.0
	500.0
	500.0
	500.0
	500.0
	500.0
	500.0
	500.0
	500.0
	500.0
	496.0
	462.0
	500.0
	500.0
	500.0
	500.0
	500.0
	500.0
	500.0
	500.0
	500.0
	500.0
	500.0
	111.0
	500.0
	500.0
	500.0
	500.0
	500.0
	500.0
	500.0
	500.0
	305.0
	500.0
	500.0
	500.0
	500.0
	500.0
	500.0
	500.0
	500.0
	500.0
	500.0
	500.0
	386.0
	500.0
	500.0
	234.0
	500.0
	500.0
	500.0
	500.0
	500.0
	500.0
	500.0
	500.0
	500.0
	500.0
	500.0
	500.0
	500.0
	500.0
	500.0
	500.0
	500.0
	500.0
	500.0
	500.0
	500.0
	500.0
	500.0
	500.0
	500.0
	500.0
	500.0
	500.0
	500.0
	500.0
	500.0
	500.0
	500.0
	500.0
	500.0
	500.0
	500.0
	500.0
	500.0
	500.0
	500.0
	500.0
	500.0
	500.0
	500.0
	500.0
	500.0
	500.0
	500.0
	500.0
	500.0
	500.0
	500.0
	500.0
	500.0
	500.0
	500.0
	500.0
	500.0
	453.0
	177.0
	500.0
	407.0
	284.0
	500.0
	500.0
	318.0
	500.0
	207.0
	500.0
	500.0
	485.0
	500.0
	500.0
	500.0
	500.0
	500.0
	500.0
	500.0
	500.0
	500.0
	403.0
	488.0
	500.0
	500.0
	500.0
	500.0
	500.0
	183.0
	500.0
	500.0
	500.0
	500.0
	500.0
	500.0
	500.0
	500.0
	500.0
	500.0
	500.0
	500.0
	500.0
	500.0
	500.0
	500.0
	458.0
	500.0
	500.0
	500.0
	500.0
	500.0
	500.0
	500.0
	500.0
	500.0
	500.0
	500.0
	500.0
	500.0
	500.0
	500.0
	500.0
	500.0
	500.0
	500.0
	500.0
	500.0
	500.0
	500.0
	500.0
	500.0
	500.0
	500.0
	500.0
	500.0
	153.0
	500.0
	500.0
	500.0
	500.0
	500.0
	500.0
	500.0
	500.0
	500.0
	500.0
	500.0
	500.0
	500.0
	500.0
	500.0
	500.0
	500.0
	500.0
	500.0
	134.0
	500.0
	500.0
	500.0
	500.0
	500.0
	500.0
	500.0
	500.0
	500.0
	500.0
	500.0
	500.0
	500.0
	500.0
	500.0
	196.0
	500.0
	500.0
	500.0
	500.0
	500.0
	500.0
	500.0
	500.0
	500.0
	500.0
	500.0
	500.0
	500.0
	500.0
	500.0
	500.0
	500.0
	500.0
	183.0
	500.0
	500.0
	500.0
	500.0
	500.0
	500.0
	500.0
	500.0
	500.0
	500.0
	500.0
	395.0
	500.0
	500.0
	500.0
	500.0
	500.0
	500.0
	500.0
	500.0
	500.0
	500.0
	500.0
	500.0
	500.0
	500.0
	500.0
	500.0
	485.0
	500.0
	500.0
	500.0
	195.0
	230.0
	472.0
	269.0
	500.0
	500.0
	500.0
	500.0
	500.0
	500.0
	500.0
	500.0
	500.0
	500.0
	500.0
	500.0
	500.0
	500.0
	500.0
	500.0
	500.0
	500.0
	500.0
	500.0
	500.0
	500.0
	500.0
	500.0
	500.0
	500.0
	500.0
	500.0
	500.0
	500.0
	481.0
	500.0
	500.0
	500.0
	500.0
	500.0
	500.0
	500.0
	500.0
	500.0
	500.0
	500.0
	500.0
	500.0
	500.0
	500.0
	495.0
	500.0
	284.0
	500.0
	412.0
	500.0
	500.0
	500.0
	500.0
	500.0
	500.0
	500.0
	500.0
	500.0
	500.0
	246.0
	500.0
	500.0
	500.0
	443.0
	482.0
	500.0
	500.0
	500.0
	500.0
	500.0
	500.0
	500.0
	500.0
	500.0
	500.0
	500.0
	500.0
	500.0
	500.0
	500.0
	500.0
	500.0
	500.0
	500.0
	500.0
	500.0
	500.0
	500.0
	500.0
	500.0
	500.0
	500.0
	500.0
	500.0
	500.0
	500.0
	500.0
	500.0
	500.0
	500.0
	500.0
	500.0
	500.0
	500.0
	500.0
	500.0
	500.0
	500.0
	500.0
	500.0
	500.0
	500.0
	500.0
	500.0
	500.0
	500.0
	500.0
	500.0
	500.0
	500.0
	500.0
	500.0
	147.0
	500.0
	500.0
	500.0
	500.0
	500.0
	500.0
	500.0
	500.0
	500.0
	500.0
	500.0
	500.0
	500.0
	500.0
	500.0
	500.0
	500.0
	500.0
	500.0
	500.0
	500.0
	500.0
	500.0
	215.0
	351.0
	500.0
	500.0
	500.0
	500.0
	500.0
	393.0
	500.0
	500.0
	500.0
	500.0
	500.0
	500.0
	500.0
	500.0
	211.0
	500.0
	500.0
	500.0
	500.0
	500.0
	500.0
	500.0
	500.0
	500.0
	500.0
	500.0
	500.0
	500.0
	500.0
	500.0
	500.0
	500.0
	500.0
	500.0
	500.0
	500.0
	500.0
	500.0
	500.0
	500.0
	500.0
	500.0
	500.0
	500.0
	500.0
	500.0
	500.0
	500.0
	500.0
	500.0
	500.0
	500.0
	500.0
	500.0
	500.0
	500.0
	500.0
	500.0
	500.0
	500.0
	500.0
	500.0
	500.0
	500.0
	500.0
	500.0
	500.0
	500.0
	317.0
	500.0
	500.0
	500.0
	500.0
	500.0
	500.0
	500.0
	500.0
	500.0
	500.0
	500.0
	500.0
	500.0
	500.0
	500.0
	500.0
	500.0
	500.0
	500.0
	500.0
	500.0
	500.0
	500.0
	500.0
	398.0
	500.0
	500.0
	500.0
	500.0
	500.0
	500.0
	500.0
	500.0
	500.0
	500.0
	500.0
	500.0
	500.0
	500.0
	453.0
	500.0
	100.0
	500.0
	500.0
	500.0
	500.0
	500.0
	500.0
	500.0
	500.0
	500.0
	500.0
	500.0
	500.0
	500.0
	500.0
	500.0
	500.0
	500.0
	500.0
	500.0
	500.0
	500.0
	500.0
	500.0
	500.0
	500.0
	500.0
	500.0
	500.0
	500.0
	500.0
	500.0
	500.0
	500.0
	500.0
	500.0
	500.0
	500.0
	500.0
	500.0
	500.0
	500.0
	500.0
	500.0
	500.0
	500.0
	500.0
	500.0
	500.0
	500.0
	500.0
	500.0
	500.0
	500.0
	500.0
	500.0
	500.0
	500.0
	500.0
	500.0
	500.0
	500.0
	500.0
	500.0
	500.0
	500.0
	500.0
	500.0
	500.0
	500.0
	500.0
	500.0
	500.0
	14.0
	500.0
	500.0
	500.0
	500.0
	500.0
	500.0
	500.0
	500.0
	500.0
	500.0
	500.0
	500.0
	500.0
	204.0
	500.0
	500.0
	500.0
	500.0
	194.0
	500.0
	500.0
	500.0
	500.0
	500.0
	500.0
	500.0
	500.0
	500.0
	500.0
	500.0
	500.0
	500.0
	500.0
	500.0
	500.0
	500.0
	500.0
	500.0
	500.0
	500.0
	500.0
	500.0
	500.0
	500.0
	500.0
	500.0
	500.0
	500.0
	500.0
	500.0
	500.0
	500.0
	500.0
	500.0
	500.0
	500.0
	500.0
	500.0
	500.0
	500.0
	500.0
	500.0
	500.0
	277.0
	500.0
	500.0
	500.0
	500.0
	500.0
	500.0
	500.0
	500.0
	500.0
	500.0
	500.0
	500.0
	500.0
	352.0
	500.0
	500.0
	500.0
	500.0
	500.0
	500.0
	500.0
	500.0
	500.0
	500.0
	500.0
	500.0
	500.0
	500.0
	500.0
	500.0
	500.0
	500.0
	500.0
	500.0
	500.0
	500.0
	500.0
	500.0
	11.0
	500.0
	500.0
	500.0
	500.0
	500.0
	500.0
	500.0
	500.0
	500.0
	500.0
	500.0
	500.0
	500.0
	500.0
	500.0
	500.0
	377.0
	500.0
	500.0
	500.0
	500.0
	500.0
	268.0
	500.0
	159.0
	448.0
	500.0
	500.0
	500.0
	500.0
	500.0
	356.0
	500.0
	500.0
	500.0
	500.0
	500.0
	500.0
	500.0
	500.0
	500.0
	500.0
	500.0
	466.0
	500.0
	500.0
	500.0
	500.0
	500.0
	320.0
	500.0
	500.0
	187.0
	500.0
	500.0
	213.0
	500.0
	500.0
	407.0
	500.0
	500.0
	500.0
	500.0
	500.0
	500.0
	500.0
	500.0
	500.0
	333.0
	500.0
	500.0
	500.0
	500.0
	500.0
	500.0
	500.0
	500.0
	500.0
	438.0
	257.0
	500.0
	500.0
	500.0
	500.0
	500.0
	500.0
	486.0
	138.0
	500.0
	500.0
	500.0
	500.0
	500.0
	500.0
	500.0
	500.0
	500.0
	500.0
	500.0
	500.0
	500.0
	500.0
	500.0
	500.0
	500.0
	500.0
	500.0
	500.0
	500.0
	500.0
	234.0
	500.0
	500.0
	500.0
	500.0
	442.0
	500.0
	500.0
	500.0
	500.0
	500.0
	500.0
	500.0
	500.0
	500.0
	500.0
	500.0
	500.0
	500.0
	500.0
	500.0
	500.0
	500.0
	394.0
	500.0
	500.0
	500.0
	500.0
	500.0
	500.0
	500.0
	203.0
	500.0
	500.0
	500.0
	500.0
	500.0
	500.0
	500.0
	500.0
	500.0
	442.0
	500.0
	500.0
	500.0
	500.0
	500.0
	500.0
	500.0
	500.0
	500.0
	500.0
	500.0
	167.0
	500.0
	500.0
	500.0
	170.0
	183.0
	500.0
	500.0
	500.0
	500.0
	500.0
	500.0
	500.0
	500.0
	292.0
	500.0
	500.0
	500.0
	500.0
	500.0
	500.0
	500.0
	500.0
	500.0
	500.0
	500.0
	500.0
	500.0
	500.0
	500.0
	500.0
	500.0
	500.0
	500.0
	111.0
	500.0
	500.0
	500.0
	500.0
	500.0
	500.0
	500.0
	500.0
	344.0
	500.0
	500.0
	500.0
	500.0
	500.0
	500.0
	500.0
	201.0
	500.0
	500.0
	500.0
	500.0
	500.0
	45.0
	312.0
	500.0
	312.0
	500.0
	193.0
	241.0
	500.0
	500.0
	500.0
	500.0
	500.0
	500.0
	500.0
	500.0
	500.0
	500.0
	466.0
	500.0
	500.0
	500.0
	500.0
	500.0
	500.0
	500.0
	500.0
	500.0
	500.0
	500.0
	500.0
	500.0
	500.0
	500.0
	500.0
	500.0
	429.0
	500.0
	500.0
	172.0
	336.0
	500.0
	500.0
	500.0
	500.0
	500.0
	500.0
	346.0
	500.0
	500.0
	500.0
	500.0
	500.0
	500.0
	500.0
	500.0
	500.0
	500.0
	500.0
	472.0
	500.0
	500.0
	500.0
	500.0
	500.0
	500.0
	500.0
	500.0
	500.0
	500.0
	500.0
	500.0
	500.0
	500.0
	500.0
	500.0
	458.0
	500.0
	500.0
	500.0
	500.0
	500.0
	500.0
	500.0
	500.0
	500.0
	252.0
	500.0
	500.0
	500.0
	500.0
	500.0
	500.0
	500.0
	500.0
	500.0
	500.0
	500.0
	500.0
	500.0
	500.0
	500.0
	500.0
	500.0
	500.0
	500.0
	500.0
	500.0
	500.0
	500.0
	500.0
	500.0
	500.0
	500.0
	500.0
	500.0
	500.0
	500.0
	413.0
	500.0
	500.0
	500.0
	500.0
	500.0
	500.0
	500.0
	500.0
	500.0
	500.0
	500.0
	500.0
	500.0
	500.0
	500.0
	500.0
	500.0
	500.0
	500.0
	500.0
	500.0
	162.0
	500.0
	500.0
	500.0
	500.0
	500.0
	500.0
	500.0
	197.0
	500.0
	500.0
	500.0
	500.0
	500.0
	424.0
	500.0
	500.0
	500.0
	500.0
	500.0
	500.0
	500.0
	500.0
	500.0
	500.0
	500.0
	500.0
	500.0
	500.0
	500.0
	500.0
	500.0
	500.0
	375.0
	500.0
	500.0
	500.0
	168.0
	500.0
	500.0
	500.0
	500.0
	500.0
	500.0
	500.0
	500.0
	500.0
	500.0
	500.0
	500.0
	500.0
	500.0
	500.0
	500.0
	500.0
	500.0
	500.0
	500.0
	500.0
	500.0
	500.0
	500.0
	500.0
	500.0
	500.0
	500.0
	500.0
	500.0
	500.0
	500.0
	315.0
	500.0
	500.0
	500.0
	500.0
	500.0
	500.0
	500.0
	500.0
	500.0
	500.0
	500.0
	500.0
	500.0
	500.0
	500.0
	500.0
	500.0
	500.0
	500.0
	500.0
	500.0
	500.0
	500.0
	500.0
	500.0
	500.0
	500.0
	500.0
	500.0
	500.0
	500.0
	500.0
	500.0
	500.0
	500.0
	500.0
	500.0
	500.0
	500.0
	500.0
	500.0
	500.0
	500.0
	500.0
	500.0
	500.0
	500.0
	500.0
	500.0
	500.0
	500.0
	500.0
	500.0
	500.0
	500.0
	130.0
	500.0
	500.0
	500.0
	500.0
	500.0
	500.0
	500.0
	500.0
	500.0
	500.0
	500.0
	500.0
	500.0
	500.0
	182.0
	500.0
	500.0
	500.0
	500.0
	500.0
	500.0
	500.0
	207.0
	371.0
	500.0
	500.0
	500.0
	500.0
	454.0
	500.0
	500.0
	500.0
	500.0
	500.0
	500.0
	500.0
	500.0
	500.0
	500.0
	500.0
	500.0
	500.0
	500.0
	500.0
	500.0
	283.0
	500.0
	500.0
	500.0
	347.0
	500.0
	498.0
	500.0
	500.0
	500.0
	500.0
	500.0
	500.0
	500.0
	500.0
	500.0
	500.0
	500.0
	500.0
	500.0
	500.0
	500.0
	500.0
	500.0
	500.0
	500.0
	500.0
	500.0
	500.0
	500.0
	500.0
	500.0
	500.0
	500.0
	500.0
	500.0
	500.0
	500.0
	500.0
	500.0
	500.0
	500.0
	500.0
	500.0
	500.0
	500.0
	500.0
	500.0
	500.0
	500.0
	500.0
	500.0
	500.0
	500.0
	500.0
	500.0
	500.0
	500.0
	500.0
	500.0
	500.0
	500.0
	500.0
	500.0
	500.0
	500.0
	500.0
	500.0
	500.0
	477.0
	500.0
	273.0
	456.0
	500.0
	500.0
	500.0
	500.0
	500.0
	195.0
	500.0
	500.0
	500.0
	444.0
	500.0
	500.0
	500.0
	500.0
	500.0
	500.0
	500.0
	500.0
	500.0
	500.0
	500.0
	500.0
	500.0
	500.0
	500.0
	500.0
	500.0
	253.0
	500.0
	500.0
	500.0
	500.0
	150.0
	102.0
	371.0
	500.0
	189.0
	456.0
	500.0
	500.0
	273.0
	500.0
	500.0
	500.0
	500.0
	198.0
	500.0
	201.0
	500.0
	500.0
	500.0
	500.0
	500.0
	500.0
	500.0
	500.0
	500.0
	500.0
	500.0
	500.0
	500.0
	500.0
	500.0
	500.0
	500.0
	500.0
	500.0
	500.0
	343.0
	500.0
	500.0
	500.0
	500.0
	500.0
	500.0
	500.0
	500.0
	500.0
	500.0
	500.0
	500.0
	500.0
	500.0
	500.0
	500.0
	500.0
	500.0
	500.0
	500.0
	126.0
	500.0
	500.0
	260.0
	500.0
	500.0
	500.0
	483.0
	500.0
	500.0
	500.0
	500.0
	500.0
	500.0
	500.0
	500.0
	500.0
	185.0
	500.0
	500.0
	500.0
	500.0
	500.0
	500.0
	500.0
	500.0
	124.0
	334.0
	181.0
	500.0
	500.0
	500.0
	500.0
	500.0
	500.0
	500.0
	500.0
	500.0
	500.0
	222.0
	500.0
	500.0
	500.0
	500.0
	500.0
	500.0
	500.0
	500.0
	500.0
	500.0
	500.0
	344.0
	500.0
	500.0
	500.0
	500.0
	391.0
	500.0
	341.0
	473.0
	500.0
	500.0
	500.0
	500.0
	500.0
	500.0
	500.0
	500.0
	500.0
	258.0
	500.0
	500.0
	500.0
	500.0
	500.0
	500.0
	500.0
	500.0
	500.0
	500.0
	500.0
	500.0
	500.0
	500.0
	500.0
	500.0
	500.0
	500.0
	500.0
	500.0
	500.0
	500.0
	500.0
	500.0
	500.0
	500.0
	500.0
	500.0
	500.0
	160.0
	500.0
	500.0
	355.0
	459.0
	256.0
	406.0
	157.0
	259.0
	500.0
	500.0
	500.0
	500.0
	500.0
	500.0
	500.0
	500.0
	500.0
	500.0
	500.0
	500.0
	500.0
	500.0
	500.0
	500.0
	453.0
	371.0
	500.0
	500.0
	500.0
	500.0
	500.0
	500.0
	500.0
	500.0
	98.0
	500.0
	500.0
	500.0
	500.0
	500.0
	500.0
	500.0
	500.0
	500.0
	500.0
	500.0
	500.0
	500.0
	500.0
	500.0
	500.0
	500.0
	500.0
	500.0
	500.0
	500.0
	500.0
	500.0
	500.0
	500.0
	500.0
	500.0
	121.0
	500.0
	500.0
	500.0
	500.0
	500.0
	500.0
	500.0
	500.0
	500.0
	500.0
	500.0
	500.0
	500.0
	500.0
	500.0
	500.0
	500.0
	500.0
	500.0
	500.0
	500.0
	500.0
	113.0
	500.0
	500.0
	500.0
	500.0
	500.0
	500.0
	500.0
	500.0
	500.0
	500.0
	500.0
	500.0
	500.0
	426.0
	500.0
	500.0
	407.0
	500.0
	500.0
	500.0
	500.0
	268.0
	500.0
	500.0
	252.0
	500.0
	500.0
	500.0
	500.0
	500.0
	500.0
	500.0
	500.0
	124.0
	500.0
	500.0
	500.0
	450.0
	500.0
	500.0
	500.0
	500.0
	500.0
	500.0
	500.0
	500.0
	500.0
	500.0
	500.0
	500.0
	500.0
	500.0
	500.0
	500.0
	500.0
	500.0
	500.0
	500.0
	500.0
	500.0
	500.0
	500.0
	500.0
	500.0
	500.0
	500.0
	500.0
	500.0
	500.0
	500.0
	500.0
	500.0
	500.0
	500.0
	500.0
	500.0
	500.0
	500.0
	500.0
	500.0
	500.0
	500.0
	500.0
	500.0
	500.0
	500.0
	500.0
	500.0
	500.0
	500.0
	500.0
	266.0
	500.0
	500.0
	500.0
	500.0
	500.0
	500.0
	500.0
	500.0
	500.0
	500.0
	500.0
	500.0
	500.0
	500.0
	500.0
	500.0
	447.0
	500.0
	463.0
	500.0
	500.0
	500.0
	500.0
	500.0
	500.0
	500.0
	256.0
	500.0
	500.0
	500.0
	500.0
	389.0
	500.0
	500.0
	500.0
	500.0
	149.0
	500.0
	500.0
	500.0
	500.0
	500.0
	500.0
	500.0
	225.0
	389.0
	500.0
	381.0
	500.0
	500.0
	500.0
	500.0
	500.0
	500.0
	500.0
	500.0
	500.0
	500.0
	500.0
	500.0
	500.0
	500.0
	500.0
	500.0
	353.0
	343.0
	500.0
	500.0
	500.0
	500.0
	500.0
	500.0
	500.0
	500.0
	500.0
	500.0
	500.0
	500.0
	500.0
	500.0
	500.0
	500.0
	500.0
	500.0
	500.0
	500.0
	500.0
	500.0
	500.0
	500.0
	242.0
	500.0
	500.0
	500.0
	500.0
	500.0
	500.0
	500.0
	500.0
	500.0
	500.0
	500.0
	500.0
	500.0
	500.0
	500.0
	500.0
	500.0
	500.0
	500.0
	500.0
	500.0
	500.0
	500.0
	500.0
	500.0
	500.0
	500.0
	500.0
	500.0
	500.0
	500.0
	500.0
	500.0
	500.0
	500.0
	500.0
	500.0
	500.0
	500.0
	500.0
	500.0
	500.0
	500.0
	156.0
	500.0
	500.0
	500.0
	500.0
	500.0
	500.0
	500.0
	500.0
	170.0
	500.0
	500.0
	500.0
	500.0
	500.0
	500.0
	500.0
	500.0
	500.0
	500.0
	500.0
	500.0
	500.0
	500.0
	500.0
	244.0
	500.0
	500.0
	500.0
	500.0
	500.0
	500.0
	500.0
	500.0
	495.0
	500.0
	500.0
	500.0
	500.0
	500.0
	500.0
	500.0
	500.0
	500.0
	500.0
	500.0
	500.0
	500.0
	500.0
	500.0
	500.0
	500.0
	500.0
	500.0
	500.0
	322.0
	500.0
	500.0
	500.0
	500.0
	500.0
	500.0
	500.0
	500.0
	500.0
	500.0
	500.0
	500.0
	500.0
	500.0
	500.0
	500.0
	500.0
	500.0
	500.0
	500.0
	500.0
	500.0
	500.0
	500.0
	500.0
	500.0
	500.0
	500.0
	500.0
	500.0
	500.0
	500.0
	500.0
	500.0
	500.0
	500.0
	500.0
	500.0
	500.0
	500.0
	366.0
	500.0
	500.0
	500.0
	500.0
	500.0
	500.0
	500.0
	500.0
	500.0
	500.0
	500.0
	500.0
	500.0
	500.0
	482.0
	500.0
	500.0
	240.0
	431.0
	500.0
	500.0
	500.0
	500.0
	500.0
	500.0
	500.0
	500.0
	500.0
	500.0
	105.0
	500.0
	500.0
	500.0
	500.0
	500.0
	500.0
	500.0
	500.0
	500.0
	500.0
	500.0
	500.0
	500.0
	500.0
	500.0
	271.0
	500.0
	294.0
	500.0
	500.0
	500.0
	500.0
	129.0
	500.0
	500.0
	500.0
	500.0
	500.0
	500.0
	500.0
	500.0
	500.0
	500.0
	500.0
	500.0
	500.0
	500.0
	500.0
	500.0
	500.0
	500.0
	483.0
	245.0
	500.0
	500.0
	500.0
	500.0
	500.0
	500.0
	500.0
	500.0
	416.0
	441.0
	500.0
	500.0
	500.0
	500.0
	500.0
	500.0
	500.0
	500.0
	500.0
	500.0
	500.0
	500.0
	500.0
	500.0
	500.0
	500.0
	500.0
	500.0
	500.0
	500.0
	500.0
	500.0
	500.0
	34.0
	500.0
	500.0
	500.0
	500.0
	500.0
	500.0
	500.0
	500.0
	500.0
	464.0
	500.0
	500.0
	500.0
	500.0
	500.0
	479.0
	500.0
	500.0
	500.0
	500.0
	500.0
	500.0
	500.0
	500.0
	500.0
	500.0
	500.0
	489.0
	500.0
	500.0
	500.0
	500.0
	500.0
	500.0
	345.0
	500.0
	500.0
	500.0
	500.0
	500.0
	500.0
	500.0
	500.0
	500.0
	222.0
	500.0
	500.0
	500.0
	149.0
	289.0
	500.0
	500.0
	453.0
	500.0
	342.0
	35.0
	500.0
	500.0
	500.0
	500.0
	500.0
	500.0
	500.0
	500.0
	500.0
	500.0
	500.0
	500.0
	500.0
	500.0
	500.0
	500.0
	500.0
	500.0
	500.0
	500.0
	500.0
	500.0
	500.0
	500.0
	500.0
	500.0
	500.0
	500.0
	500.0
	500.0
	500.0
	500.0
	500.0
	500.0
	247.0
	500.0
	500.0
	500.0
	311.0
	500.0
	500.0
	500.0
	500.0
	500.0
	500.0
	500.0
	500.0
	500.0
	500.0
	500.0
	500.0
	500.0
	500.0
	500.0
	500.0
	500.0
	500.0
	500.0
	500.0
	500.0
	500.0
	500.0
	500.0
	500.0
	500.0
	500.0
	500.0
	477.0
	264.0
	500.0
	500.0
	500.0
	500.0
	500.0
	500.0
	500.0
	500.0
	500.0
	500.0
	500.0
	500.0
	500.0
	500.0
	500.0
	500.0
	500.0
	500.0
	419.0
	500.0
	500.0
	500.0
	500.0
	500.0
	500.0
	500.0
	500.0
	500.0
	500.0
	360.0
	500.0
	500.0
	500.0
	500.0
	500.0
	380.0
	500.0
	500.0
	500.0
	500.0
	500.0
	500.0
	500.0
	500.0
	500.0
	500.0
	500.0
	500.0
	500.0
	159.0
	500.0
	500.0
	402.0
	500.0
	500.0
	500.0
	500.0
	500.0
	500.0
	500.0
	500.0
	500.0
	500.0
	131.0
	500.0
	500.0
	426.0
	500.0
	500.0
	500.0
	500.0
	500.0
	500.0
	500.0
	500.0
	500.0
	500.0
	500.0
	430.0
	500.0
	500.0
	500.0
	500.0
	500.0
	500.0
	500.0
	500.0
	40.0
	500.0
	500.0
	500.0
	500.0
	500.0
	500.0
	500.0
	500.0
	500.0
	500.0
	303.0
	327.0
	289.0
	500.0
	500.0
	500.0
	500.0
	500.0
	500.0
	418.0
	500.0
	500.0
	500.0
	500.0
	500.0
	500.0
	335.0
	500.0
	500.0
	445.0
	500.0
	500.0
	500.0
	500.0
	500.0
	500.0
	500.0
	500.0
	500.0
	500.0
	500.0
	500.0
	379.0
	500.0
	500.0
	500.0
	500.0
	500.0
	500.0
	500.0
	500.0
	500.0
	500.0
	500.0
	500.0
	500.0
	500.0
	500.0
	314.0
	500.0
	500.0
	500.0
	500.0
	500.0
	500.0
	500.0
	500.0
	500.0
	500.0
	468.0
	500.0
	500.0
	500.0
	184.0
	500.0
	500.0
	500.0
	500.0
	500.0
	500.0
	500.0
	500.0
	500.0
	500.0
	500.0
	500.0
	500.0
	500.0
	500.0
	500.0
	500.0
	500.0
	500.0
	500.0
	500.0
	500.0
	500.0
	500.0
	500.0
	500.0
	500.0
	500.0
	500.0
	500.0
	500.0
	500.0
	500.0
	500.0
	50.0
	338.0
	444.0
	500.0
	330.0
	500.0
	500.0
	500.0
	500.0
	500.0
	102.0
	190.0
	500.0
	307.0
	500.0
	500.0
	500.0
	500.0
	500.0
	500.0
	500.0
	500.0
	500.0
	500.0
	500.0
	500.0
	500.0
	500.0
	500.0
	500.0
	500.0
	500.0
	500.0
	500.0
	500.0
	500.0
	500.0
	500.0
	500.0
	500.0
	500.0
	500.0
	500.0
	500.0
	500.0
	500.0
	500.0
	500.0
	500.0
	407.0
	129.0
	500.0
	500.0
	500.0
	500.0
	500.0
	500.0
	500.0
	500.0
	500.0
	500.0
	500.0
	500.0
	500.0
	500.0
	500.0
	500.0
	500.0
	500.0
	500.0
	500.0
	500.0
	500.0
	500.0
	459.0
	500.0
	500.0
	500.0
	500.0
	500.0
	500.0
	239.0
	500.0
	500.0
	500.0
	500.0
	500.0
	500.0
	500.0
	500.0
	500.0
	500.0
	500.0
	500.0
	500.0
	500.0
	500.0
	500.0
	500.0
	500.0
	500.0
	500.0
	500.0
	500.0
	500.0
	500.0
	500.0
	500.0
	500.0
	235.0
	500.0
	500.0
	500.0
	500.0
	500.0
	500.0
	500.0
	500.0
	500.0
	500.0
	500.0
	500.0
	500.0
	500.0
	500.0
	353.0
	500.0
	500.0
	500.0
	500.0
	500.0
	500.0
	500.0
	500.0
	500.0
	500.0
	500.0
	500.0
	500.0
	500.0
	500.0
	500.0
	500.0
	500.0
	500.0
	500.0
	500.0
	500.0
	500.0
	500.0
	500.0
	500.0
	500.0
	500.0
	500.0
	500.0
	500.0
	500.0
	500.0
	500.0
	439.0
	500.0
	500.0
	500.0
	500.0
	500.0
	500.0
	500.0
	500.0
	500.0
	500.0
	500.0
	500.0
	500.0
	500.0
	500.0
	500.0
	500.0
	500.0
	500.0
	500.0
	359.0
	500.0
	500.0
	500.0
	500.0
	168.0
	500.0
	500.0
	500.0
	500.0
	500.0
	500.0
	500.0
	256.0
	361.0
	500.0
	500.0
	500.0
	453.0
	15.0
	13.0
	221.0
	83.0
	394.0
	500.0
	500.0
	500.0
	500.0
	500.0
	500.0
	500.0
	500.0
	500.0
	500.0
	500.0
	500.0
	500.0
	500.0
	130.0
	500.0
	484.0
	500.0
	500.0
	425.0
	500.0
	500.0
	500.0
	500.0
	310.0
	500.0
	500.0
	500.0
	500.0
	500.0
	500.0
	500.0
	500.0
	500.0
	500.0
	500.0
	500.0
	378.0
	500.0
	500.0
	500.0
	500.0
	500.0
	500.0
	498.0
	500.0
	500.0
	410.0
	500.0
	500.0
	500.0
	466.0
	500.0
	500.0
	500.0
	500.0
	500.0
	500.0
	500.0
	500.0
	500.0
	500.0
	500.0
	500.0
	500.0
	500.0
	500.0
	500.0
	500.0
	500.0
	500.0
	500.0
	500.0
	500.0
	500.0
	500.0
	500.0
	500.0
	500.0
	500.0
	500.0
	500.0
	500.0
	500.0
	500.0
	500.0
	500.0
	500.0
	500.0
	500.0
	500.0
	500.0
	500.0
	500.0
	500.0
	500.0
	500.0
	500.0
	500.0
	500.0
	500.0
	500.0
	500.0
	500.0
	500.0
	500.0
	500.0
	500.0
	500.0
	500.0
	500.0
	500.0
	500.0
	500.0
	500.0
	500.0
	500.0
	500.0
	500.0
	500.0
	500.0
	359.0
	500.0
	500.0
	500.0
	500.0
	500.0
	387.0
	500.0
	426.0
	500.0
	500.0
	500.0
	500.0
	500.0
	500.0
	500.0
	500.0
	500.0
	500.0
	500.0
	500.0
	362.0
	500.0
	500.0
	500.0
	500.0
	500.0
	500.0
	500.0
	500.0
	500.0
	500.0
	500.0
	500.0
	500.0
	500.0
	500.0
	500.0
	500.0
	500.0
	500.0
	500.0
	500.0
	500.0
	500.0
	500.0
	500.0
	500.0
	500.0
	500.0
	500.0
	500.0
	500.0
	500.0
	500.0
	500.0
	500.0
	500.0
	500.0
	500.0
	500.0
	500.0
	500.0
	500.0
	500.0
	425.0
	500.0
	500.0
	500.0
	500.0
	36.0
	500.0
	500.0
	328.0
	500.0
	500.0
	500.0
	500.0
	500.0
	500.0
	500.0
	500.0
	500.0
	500.0
	500.0
	500.0
	500.0
	500.0
	500.0
	500.0
	500.0
	228.0
	500.0
	500.0
	500.0
	500.0
	500.0
	500.0
	500.0
	500.0
	500.0
	500.0
	500.0
	500.0
	500.0
	500.0
	500.0
	500.0
	500.0
	500.0
	500.0
	500.0
	500.0
	500.0
	500.0
	500.0
	500.0
	500.0
	500.0
	500.0
	500.0
	500.0
	500.0
	500.0
	500.0
	500.0
	500.0
	500.0
	500.0
	500.0
	500.0
	500.0
	500.0
	500.0
	500.0
	500.0
	500.0
	500.0
	500.0
	500.0
	500.0
	500.0
	500.0
	461.0
	500.0
	500.0
	500.0
	500.0
	500.0
	500.0
	500.0
	500.0
	500.0
	500.0
	220.0
	500.0
	500.0
	500.0
	500.0
	500.0
	500.0
	500.0
	500.0
	500.0
	500.0
	500.0
	500.0
	500.0
	500.0
	500.0
	500.0
	500.0
	500.0
	500.0
	500.0
	500.0
	500.0
	500.0
	500.0
	500.0
	500.0
	500.0
	500.0
	500.0
	500.0
	500.0
	500.0
	500.0
	500.0
	500.0
	500.0
	500.0
	500.0
	500.0
	500.0
	500.0
	381.0
	500.0
	500.0
	500.0
	500.0
	500.0
	500.0
	500.0
	500.0
	500.0
	500.0
	500.0
	500.0
	500.0
	500.0
	500.0
	500.0
	500.0
	500.0
	500.0
	500.0
	500.0
	500.0
	500.0
	112.0
	500.0
	500.0
	500.0
	500.0
	12.0
	500.0
	500.0
	500.0
	189.0
	500.0
	500.0
	500.0
	500.0
	500.0
	500.0
	500.0
	500.0
	500.0
	500.0
	500.0
	500.0
	500.0
	500.0
	500.0
	500.0
	500.0
	500.0
	500.0
	500.0
	500.0
	500.0
	500.0
	500.0
	500.0
	500.0
	500.0
	500.0
	500.0
	500.0
	500.0
	454.0
	500.0
	500.0
	500.0
	500.0
	500.0
	500.0
	500.0
	500.0
	500.0
	500.0
	500.0
	500.0
	500.0
	500.0
	500.0
	500.0
	500.0
	500.0
	500.0
	500.0
	500.0
	500.0
	500.0
	500.0
	500.0
	500.0
	500.0
	500.0
	500.0
	500.0
	500.0
	500.0
	500.0
	500.0
	500.0
	500.0
	500.0
	108.0
	462.0
	500.0
	500.0
	500.0
	500.0
	500.0
	500.0
	500.0
	500.0
	500.0
	500.0
	500.0
	500.0
	500.0
	500.0
	500.0
	500.0
	500.0
	500.0
	153.0
	500.0
	179.0
	500.0
	500.0
	500.0
	500.0
	500.0
	500.0
	500.0
	500.0
	315.0
	500.0
	395.0
	500.0
	500.0
	500.0
	500.0
	186.0
	500.0
	500.0
	374.0
	500.0
	500.0
	500.0
	500.0
	500.0
	500.0
	500.0
	500.0
	500.0
	500.0
	500.0
	500.0
	500.0
	500.0
	500.0
	477.0
	500.0
	500.0
	500.0
	500.0
	500.0
	500.0
	500.0
	500.0
	347.0
	500.0
	500.0
	500.0
	500.0
	500.0
	500.0
	500.0
	500.0
	500.0
	500.0
	500.0
	500.0
	500.0
	500.0
	500.0
	500.0
	500.0
	500.0
	206.0
	500.0
	500.0
	500.0
	500.0
	182.0
	500.0
	500.0
	500.0
	500.0
	500.0
	500.0
	500.0
	500.0
	500.0
	500.0
	500.0
	500.0
	500.0
	500.0
	500.0
	500.0
	500.0
	500.0
	500.0
	500.0
	500.0
	500.0
	500.0
	500.0
	500.0
	500.0
	500.0
	500.0
	500.0
	500.0
	500.0
	500.0
	500.0
	500.0
	500.0
	500.0
	500.0
	500.0
	398.0
	500.0
	500.0
	500.0
	358.0
	483.0
	500.0
	500.0
	500.0
	500.0
	500.0
	500.0
	500.0
	310.0
	500.0
	500.0
	500.0
	500.0
	500.0
	500.0
	500.0
	500.0
	500.0
	500.0
	500.0
	500.0
	500.0
	500.0
	500.0
	500.0
	500.0
	500.0
	500.0
	500.0
	500.0
	253.0
