1	16.0	20.8	12.0	41.0	8.307601504099674
1	18.0	19.6	11.0	42.0	8.310813918340761
1	18.0	19.7	12.0	37.0	8.314902228331436
1	19.5	19.3	10.0	32.0	8.311714797216753
1	19.0	20.4	10.0	38.0	8.301541918529075
1	18.0	20.3	11.0	41.0	8.305295385509034
1	24.0	25.7	10.0	52.0	8.317102421165933
1	21.0	23.9	12.0	54.0	8.324055886370363
1	28.5	31.0	13.0	66.0	8.321716051884653
1	22.0	21.1	11.0	32.0	8.315109108704174
1	15.0	17.8	10.0	43.0	8.311100966529471
1	16.0	22.1	11.0	52.0	8.310907787647857
1	21.0	22.6	9.0	41.0	8.306226578367434
1	20.5	20.2	11.0	36.0	8.29869406088133
1	22.0	22.5	15.0	37.0	8.289638594036347
1	15.5	17.9	12.0	26.0	8.287826363061384
1	14.5	17.7	10.0	32.0	8.291636031028462
1	20.0	22.0	10.0	45.0	8.28088585154098
1	19.5	21.4	10.0	59.0	8.271391385447476
1	18.5	27.4	13.0	51.0	8.265823948715152
1	19.0	24.3	11.0	55.0	8.262434774792577
1	24.0	26.2	17.0	41.0	8.262126367795913
1	24.0	25.6	12.0	55.0	8.258183507867315
1	18.5	25.9	15.0	65.0	8.259639793892717
1	15.5	19.9	9.0	41.0	8.261136700340636
1	22.0	30.1	14.0	58.0	8.26157805732337
1	18.0	24.7	10.0	49.0	8.266409669435921
1	18.0	19.5	10.0	36.0	8.273056666735508
1	25.0	31.9	10.0	66.0	8.273883151509406
1	17.5	22.7	9.0	82.0	8.26679555140727
1	19.5	23.5	10.0	65.0	8.272572645541716
1	27.0	33.5	12.0	71.0	8.278533050929896
1	22.0	27.1	12.0	59.0	8.27120272480296
1	29.0	32.4	12.0	60.0	8.286597396447362
1	21.5	24.2	12.0	38.0	8.287729061618995
1	25.0	26.2	12.0	53.0	8.286467829132532
1	19.5	27.5	9.0	82.0	8.281814717203842
1	30.5	29.0	17.0	42.0	8.276212777011091
1	21.5	24.5	11.0	45.0	8.26945544103655
1	21.5	25.9	9.0	55.0	8.270514979324517
1	25.0	28.3	15.0	51.0	8.269673355105034
1	18.5	20.8	12.0	37.0	8.269108851997338
1	31.5	31.4	13.0	54.0	8.256864633423882
1	35.5	36.0	13.0	61.0	8.2561204499971
1	24.5	29.0	12.0	49.0	8.256637144008144
1	23.0	28.5	12.0	65.0	8.253154675471219
1	38.0	37.3	13.0	61.0	8.255911956083029
1	27.5	28.1	9.0	49.0	8.261096981711043
1	23.0	29.5	18.0	52.0	8.251076794758323
1	27.5	33.1	15.0	71.0	8.250290708607709
1	23.5	29.8	10.0	64.0	8.249686561101917
1	43.5	48.9	19.0	110.0	8.255588391120643
1	31.5	36.0	21.0	59.0	8.253219032304983
1	25.5	27.9	13.0	48.0	8.2467835297311
1	18.0	21.5	13.0	47.0	8.248285394644034
1	23.5	25.9	12.0	59.0	8.243955208935944
1	20.0	26.4	9.0	52.0	8.243967346226485
1	21.0	19.8	10.0	27.0	8.244524480187268
1	16.5	19.2	9.0	38.0	8.245910685716682
1	22.0	29.7	11.0	59.0	8.239825838097634
1	25.5	30.5	15.0	60.0	8.249689359460248
1	24.5	30.1	13.0	84.0	8.256247085636117
1	22.5	31.7	14.0	65.0	8.268652907553477
1	26.5	30.5	10.0	64.0	8.261263830770243
1	25.5	28.1	17.0	43.0	8.255476583013438
1	20.5	21.6	12.0	32.0	8.251430780528853
1	19.5	28.8	10.0	72.0	8.24458070410161
1	31.5	34.1	10.0	67.0	8.247850129243355
1	23.5	27.4	12.0	48.0	8.240920015919963
1	47.5	40.8	9.0	61.0	8.231225967121867
1	25.5	29.4	11.0	47.0	8.233673859473987
1	24.0	28.1	14.0	56.0	8.240631236349579
1	17.0	18.1	11.0	31.0	8.24436687846252
1	27.0	33.6	12.0	67.0	8.242899106444172
1	33.0	36.7	22.0	71.0	8.248194782032856
1	25.0	24.6	18.0	32.0	8.253775340826035
1	20.0	25.0	13.0	42.0	8.250150914863758
1	37.0	34.6	15.0	61.0	8.255692588921267
1	22.0	28.7	12.0	72.0	8.253573157982473
1	33.0	33.8	14.0	76.0	8.262168576655686
1	20.5	24.3	12.0	47.0	8.271850499927464
1	20.5	22.4	10.0	50.0	8.257164339720848
1	27.5	29.9	12.0	68.0	8.262327651523242
1	18.5	22.4	9.0	50.0	8.258201248286722
1	19.0	23.2	13.0	47.0	8.248553827378299
1	23.0	26.3	11.0	51.0	8.245557901072608
1	26.0	24.8	12.0	44.0	8.249068881238644
1	20.0	26.2	10.0	57.0	8.253592792322246
1	31.5	33.7	12.0	58.0	8.24691927779327
1	33.5	33.7	10.0	61.0	8.24959252956086
1	27.5	32.5	15.0	56.0	8.248356174328393
1	28.5	30.6	14.0	50.0	8.245874853878947
1	24.0	24.2	16.0	33.0	8.25689704920485
1	31.5	36.0	11.0	68.0	8.262638154515619
1	23.5	24.1	10.0	49.0	8.262779143187363
1	29.5	27.6	10.0	45.0	8.265538272670215
1	23.5	27.9	12.0	65.0	8.263730572046073
1	23.5	25.2	10.0	47.0	8.257226067857657
1	26.0	30.8	10.0	69.0	8.272814237665365
1	30.0	29.8	13.0	44.0	8.282623176512441
1	18.5	23.2	9.0	49.0	8.288785205744555
1	25.0	26.6	12.0	53.0	8.27971631016273
1	31.0	30.4	15.0	50.0	8.27209818464125
1	33.0	37.1	12.0	68.0	8.285638766430164
1	19.5	23.1	12.0	50.0	8.282119068445164
1	22.5	23.6	16.0	42.0	8.275528250969792
1	28.0	35.8	9.0	109.0	8.286780643886988
1	25.5	27.1	12.0	50.0	8.278239377319913
1	32.0	28.8	13.0	48.0	8.280680986408681
1	22.5	26.4	12.0	45.0	8.270894375609535
1	20.0	24.8	11.0	66.0	8.272195611551403
1	33.0	32.7	16.0	52.0	8.282359461875995
1	32.5	29.2	10.0	40.0	8.279209960012802
1	44.0	46.2	11.0	109.0	8.283879855661297
1	33.5	35.8	12.0	70.0	8.283652700766908
1	25.5	26.9	11.0	44.0	8.298456509935363
1	25.0	29.7	11.0	56.0	8.298931245228138
1	30.5	32.0	19.0	49.0	8.297525110647152
1	35.5	35.6	11.0	71.0	8.29991728774341
1	24.5	29.2	12.0	70.0	8.299261090151266
1	18.0	26.3	12.0	51.0	8.283647758589025
1	34.5	32.6	14.0	47.0	8.273546411168331
1	40.5	47.8	16.0	109.0	8.262655094673818
1	28.5	35.1	11.0	83.0	8.264540266428678
1	29.0	34.3	12.0	69.0	8.263179400845338
1	20.5	25.0	12.0	62.0	8.275528621244922
1	40.0	46.6	19.0	101.0	8.26634074387439
1	34.0	37.3	13.0	66.0	8.261936172451408
1	40.5	38.1	12.0	58.0	8.263222117165302
1	29.0	36.2	16.0	104.0	8.260719811201898
1	32.5	32.8	18.0	59.0	8.258685907396258
1	22.5	23.3	12.0	40.0	8.259214167624133
1	29.0	34.7	14.0	78.0	8.261006611844373
1	42.0	38.9	15.0	59.0	8.261720277485699
1	26.0	26.3	11.0	44.0	8.25394257072855
1	42.0	38.8	13.0	60.0	8.248648800179263
1	30.5	37.9	9.0	77.0	8.249032435467178
1	23.5	25.8	14.0	51.0	8.236518908805118
1	26.5	31.5	16.0	54.0	8.236820471421797
1	29.5	31.1	16.0	43.0	8.235988495795992
1	29.0	31.1	15.0	66.0	8.22691978227732
1	33.0	35.6	26.0	48.0	8.231338879586243
1	32.5	40.2	25.0	96.0	8.223338192714486
1	36.5	40.6	14.0	79.0	8.215544756068086
1	30.0	32.0	18.0	54.0	8.20929138906765
1	39.5	48.1	18.0	96.0	8.215676124983316
1	39.5	45.0	18.0	84.0	8.215390510383504
1	34.5	35.6	14.0	81.0	8.218129557317937
1	31.5	41.1	16.0	82.0	8.213391473251002
1	41.0	51.4	17.0	116.0	8.214236273387796
1	24.0	30.2	10.0	61.0	8.205324513283019
1	40.5	51.8	18.0	121.0	8.203896931329488
1	45.0	44.3	21.0	79.0	8.196512563069227
1	38.0	34.2	11.0	60.0	8.184730328721118
1	33.5	37.6	17.0	68.0	8.18795425311353
1	27.5	29.4	22.0	44.0	8.189200909022983
1	36.5	36.0	15.0	52.0	8.186127575047948
1	33.0	37.4	15.0	71.0	8.187026873224207
1	37.0	40.8	19.0	82.0	8.185077505150877
1	38.0	45.4	13.0	104.0	8.175387503900279
1	47.0	63.0	28.0	119.0	8.160974372822837
1	29.5	38.0	13.0	95.0	8.159775630150962
1	31.0	38.6	14.0	95.0	8.166001472296486
1	15.5	20.0	11.0	43.0	8.160246221277678
1	37.5	42.6	20.0	96.0	8.155030490766475
1	33.0	30.8	18.0	45.0	8.154695952968856
1	37.0	38.2	14.0	60.0	8.149193110530597
1	34.5	38.3	20.0	81.0	8.152777137428728
1	37.5	46.4	10.0	95.0	8.158363430939799
1	45.0	43.3	9.0	86.0	8.169510345179168
1	37.0	38.1	16.0	66.0	8.18465758143669
1	34.5	33.0	14.0	52.0	8.185332304423863
1	32.0	35.5	14.0	59.0	8.189278052689678
1	44.0	45.6	20.0	78.0	8.200450519337219
1	47.0	44.7	22.0	70.0	8.204938544843415
1	29.5	36.9	14.0	89.0	8.193613545467487
1	37.5	36.7	14.0	55.0	8.18930904987617
1	39.0	37.8	17.0	61.0	8.198428672293312
1	45.5	44.1	9.0	84.0	8.202781802585038
1	40.0	44.0	16.0	80.0	8.198672837805002
1	40.0	44.7	13.0	103.0	8.19801149736991
1	32.0	32.3	14.0	56.0	8.203680642143546
1	35.0	42.4	9.0	111.0	8.206886085266115
1	32.0	34.4	12.0	57.0	8.20881398261989
1	35.0	41.2	24.0	81.0	8.218226890118846
1	32.0	32.1	10.0	46.0	8.223022136998548
1	37.0	35.9	11.0	75.0	8.223398498312934
1	21.0	29.3	13.0	64.0	8.213166877662934
1	29.0	27.7	11.0	51.0	8.21125204273556
1	33.0	43.7	18.0	87.0	8.221205221119476
1	29.0	31.8	24.0	45.0	8.215118659188445
1	23.5	26.8	12.0	43.0	8.228386160527073
1	32.5	37.0	11.0	84.0	8.234826141304925
1	27.5	28.3	11.0	55.0	8.227408033858675
1	26.5	28.6	13.0	51.0	8.221511941758537
1	41.0	42.3	21.0	61.0	8.219939141130112
1	35.0	40.4	13.0	98.0	8.22785268311045
1	26.0	35.3	13.0	78.0	8.240258915189939
1	27.0	30.8	15.0	57.0	8.242465990484417
1	34.5	33.2	20.0	45.0	8.233723799333434
1	29.0	31.7	17.0	59.0	8.235429266287671
1	50.0	42.4	12.0	61.0	8.224286975212532
1	34.5	37.9	12.0	56.0	8.23434299763335
1	44.5	45.1	18.0	77.0	8.243332166429282
1	33.5	34.9	9.0	61.0	8.244714930624118
1	35.5	40.0	31.0	61.0	8.246152158617495
1	45.0	46.7	19.0	75.0	8.249710415733233
1	26.0	26.3	14.0	42.0	8.255180471381461
1	31.5	33.0	16.0	54.0	8.260405735094697
1	28.0	36.4	10.0	84.0	8.255666927130337
1	27.5	27.6	14.0	47.0	8.271496110022827
1	34.5	36.4	20.0	53.0	8.271952087052822
1	47.5	47.9	34.0	59.0	8.281945735588753
1	36.0	38.9	15.0	78.0	8.28519571339624
1	33.5	32.0	12.0	47.0	8.278771190076915
1	38.0	40.6	11.0	86.0	8.284345946963294
1	45.0	43.8	29.0	59.0	8.278695429177377
1	35.0	38.1	12.0	86.0	8.278308436290528
1	33.0	35.5	14.0	69.0	8.277431117822294
1	27.5	29.9	16.0	55.0	8.283322036559499
1	26.0	29.3	15.0	46.0	8.292565286476451
1	28.5	30.2	11.0	63.0	8.300651106929685
1	44.0	50.6	22.0	94.0	8.302075449772694
1	42.0	37.1	12.0	51.0	8.302209954263478
1	34.0	38.5	12.0	82.0	8.299667760371253
1	34.0	39.6	9.0	88.0	8.278812375484437
1	29.0	35.9	20.0	83.0	8.271616510102557
1	37.5	40.9	14.0	78.0	8.279181945083996
1	40.0	40.9	11.0	77.0	8.27363968110051
1	34.5	47.9	23.0	111.0	8.277123125600523
1	33.5	35.9	21.0	61.0	8.270077061329916
1	48.0	46.8	19.0	76.0	8.27316738808081
1	39.5	45.1	17.0	99.0	8.268210943532187
1	43.0	51.6	25.0	110.0	8.272123329578712
1	51.5	50.9	21.0	106.0	8.272332246981522
1	53.0	59.8	29.0	95.0	8.268631581463639
1	37.5	47.4	16.0	92.0	8.264861545610653
1	37.0	53.0	23.0	119.0	8.266571611291422
1	51.5	51.1	13.0	104.0	8.267687021760128
1	38.5	50.4	27.0	101.0	8.256596661724226
1	33.5	32.0	18.0	51.0	8.248146484428759
1	35.5	44.8	13.0	109.0	8.247116265928812
1	52.0	49.8	20.0	106.0	8.265169330952832
1	58.5	56.0	21.0	120.0	8.272752320144969
1	37.5	38.4	16.0	78.0	8.271098572763423
1	49.5	48.9	30.0	80.0	8.283555653768794
1	45.0	49.3	24.0	87.0	8.279304543386937
1	30.5	33.7	13.0	58.0	8.27596377767606
1	38.0	35.9	10.0	57.0	8.278875592703303
1	35.5	44.8	15.0	115.0	8.284119433068064
1	43.0	42.9	12.0	76.0	8.277430652405235
1	36.5	46.0	18.0	106.0	8.285818891908795
1	36.0	37.7	14.0	72.0	8.277913908211534
1	38.0	37.9	12.0	69.0	8.278957077801621
1	39.5	49.3	17.0	90.0	8.282255230913306
1	52.0	56.2	29.0	103.0	8.272045824638937
1	36.5	37.0	16.0	57.0	8.280041352626512
1	59.5	58.3	20.0	95.0	8.286343370992602
1	43.5	56.1	20.0	127.0	8.287618765384353
1	38.5	40.6	10.0	93.0	8.276626580851028
1	28.5	39.8	11.0	84.0	8.2800746342209
1	35.0	37.9	12.0	74.0	8.281218412814702
1	31.5	39.9	13.0	101.0	8.287092385090704
1	44.0	46.4	22.0	68.0	8.293470270939002
1	45.0	49.7	17.0	105.0	8.300066527212925
1	41.0	52.9	26.0	123.0	8.303834594459776
1	57.5	67.2	39.0	115.0	8.297032664617895
1	48.0	62.4	38.0	120.0	8.291006203009156
1	49.5	57.1	27.0	106.0	8.287847920891345
1	48.5	57.3	15.0	109.0	8.300327095928225
1	50.0	56.4	25.0	105.0	8.30133949727817
1	29.0	34.7	20.0	62.0	8.298960674149509
1	47.5	46.8	17.0	91.0	8.300694536424427
1	40.0	44.1	21.0	68.0	8.29537804934154
1	51.0	50.7	18.0	106.0	8.294072056131927
1	39.0	44.9	19.0	102.0	8.289708102916197
1	33.0	31.1	11.0	48.0	8.30159399602798
1	44.0	52.2	20.0	126.0	8.310530313732386
1	32.5	39.9	9.0	97.0	8.304973103692186
1	36.5	39.7	27.0	62.0	8.311545763033825
1	24.5	31.6	11.0	63.0	8.304131957033462
1	43.0	51.7	30.0	113.0	8.299250774346298
1	74.5	64.7	15.0	119.0	8.298816187393701
1	45.0	50.4	22.0	89.0	8.293749677786574
1	36.5	41.4	17.0	75.0	8.287713279492468
1	31.5	45.0	9.0	109.0	8.273474378338902
1	37.0	38.8	20.0	64.0	8.267040821153627
1	43.5	39.9	14.0	51.0	8.257817130272882
1	52.5	64.0	22.0	145.0	8.268413731577228
1	39.0	44.0	23.0	91.0	8.254107542240487
1	38.0	36.2	14.0	73.0	8.253001340611041
1	33.5	43.8	13.0	88.0	8.256787498815662
1	44.0	51.9	17.0	95.0	8.252354663810216
1	33.0	34.1	12.0	63.0	8.251768224823346
1	54.0	53.0	23.0	120.0	8.23967721786148
1	43.0	57.4	27.0	186.0	8.242293166951733
1	51.0	66.3	21.0	161.0	8.24066642744843
1	57.0	53.8	26.0	86.0	8.231583515003644
1	40.5	54.3	31.0	95.0	8.240019991200532
1	45.0	65.6	32.0	133.0	8.248583967098924
1	36.5	48.5	24.0	129.0	8.254335271134282
1	43.5	50.5	25.0	94.0	8.250137359791742
1	42.5	55.1	29.0	127.0	8.255922251598534
1	36.0	43.8	16.0	77.0	8.25850006874358
1	58.0	65.1	35.0	123.0	8.261008812774108
1	46.5	53.8	27.0	98.0	8.244435221635229
1	55.5	65.3	16.0	123.0	8.232931921991574
1	35.0	34.9	13.0	54.0	8.215297636756116
1	49.5	57.9	20.0	98.0	8.213420584296811
1	57.5	55.7	26.0	82.0	8.2301695787697
1	56.5	57.3	13.0	112.0	8.239805174600969
1	29.0	33.0	11.0	65.0	8.235238482327217
1	43.0	57.7	22.0	119.0	8.237570893509918
1	35.5	43.0	16.0	87.0	8.231673062685918
1	30.5	36.8	20.0	82.0	8.21231900973298
1	42.0	55.0	11.0	149.0	8.212622566520155
1	30.0	29.1	14.0	43.0	8.234334655283867
1	54.0	52.2	22.0	109.0	8.241444811462006
1	40.0	49.1	12.0	162.0	8.244115820770157
1	27.5	42.2	12.0	122.0	8.248032235427136
1	44.0	41.8	17.0	62.0	8.245041365566422
1	46.5	46.5	25.0	69.0	8.23559894977951
1	41.5	44.6	22.0	79.0	8.229412488424165
1	46.0	53.0	30.0	99.0	8.229113028287639
1	43.0	52.4	29.0	110.0	8.231794422109571
1	39.5	41.2	15.0	66.0	8.239275259965806
1	61.0	61.3	30.0	92.0	8.226119730452677
1	35.0	35.9	12.0	94.0	8.223028751384124
1	62.5	56.0	13.0	90.0	8.225039477354931
1	49.0	54.2	22.0	121.0	8.228238586933287
1	51.0	50.6	12.0	116.0	8.235472492331967
1	40.0	48.5	19.0	82.0	8.240268173637919
1	38.0	40.8	20.0	80.0	8.234619013180069
1	64.5	62.5	38.0	104.0	8.223301469635174
1	47.5	52.7	21.0	132.0	8.227645350474987
1	44.0	43.3	19.0	86.0	8.227306375140442
1	58.0	57.3	32.0	83.0	8.22889543881716
1	42.0	39.2	21.0	58.0	8.219507306195522
1	36.5	41.9	13.0	70.0	8.220543546047425
1	41.5	52.8	15.0	139.0	8.224245655702951
1	38.0	37.6	19.0	58.0	8.2199521437378
1	58.0	55.0	25.0	91.0	8.232089224613288
1	66.0	66.9	16.0	143.0	8.242822278620167
1	46.0	45.2	18.0	66.0	8.248152359503859
1	35.5	45.8	16.0	123.0	8.244297766767891
1	41.0	41.4	11.0	79.0	8.241576500123239
1	73.5	73.5	21.0	176.0	8.231527379198605
1	58.0	64.5	20.0	136.0	8.226680140412226
1	46.5	46.4	23.0	70.0	8.228593287166719
1	53.0	51.2	24.0	85.0	8.230565186319923
1	52.5	60.4	29.0	107.0	8.231903732670322
1	43.5	44.8	16.0	84.0	8.229300638452521
1	42.5	45.8	24.0	82.0	8.235171789744545
1	40.0	48.1	13.0	109.0	8.229427685854018
1	32.5	41.5	10.0	89.0	8.238582762814042
1	64.5	58.8	15.0	107.0	8.254565892408172
1	52.0	53.4	20.0	98.0	8.25913347052228
1	48.0	52.7	25.0	94.0	8.256390248318173
1	48.5	48.0	32.0	66.0	8.259650707154856
1	50.0	58.2	29.0	138.0	8.254534054522523
1	51.5	60.0	12.0	145.0	8.264772649696145
1	51.5	58.6	21.0	135.0	8.24746259666925
1	48.0	50.1	12.0	104.0	8.243416649557512
1	35.0	37.8	20.0	63.0	8.249334918574148
1	44.5	54.9	35.0	83.0	8.246275029928027
1	49.0	47.7	11.0	85.0	8.248567654476513
1	51.5	61.7	35.0	141.0	8.245733671935408
1	54.5	61.6	27.0	126.0	8.256862204647877
1	45.0	48.2	25.0	103.0	8.262515001028083
1	60.5	65.7	17.0	128.0	8.264711537941302
1	44.0	46.4	20.0	80.0	8.259243934954137
1	58.0	56.6	32.0	94.0	8.261524482423434
1	56.0	62.7	28.0	131.0	8.255966149146714
1	35.5	49.2	12.0	120.0	8.238865481985794
1	83.5	80.5	37.0	109.0	8.244852010813641
1	54.5	63.8	32.0	132.0	8.247753828456647
1	50.5	55.1	28.0	85.0	8.242289843599933
1	41.0	40.8	16.0	78.0	8.24452588039736
1	46.5	54.6	22.0	128.0	8.2396314649194
1	58.5	61.6	41.0	88.0	8.230710841456862
1	45.0	53.1	23.0	111.0	8.222544349954502
1	47.5	56.3	31.0	101.0	8.220451316385054
1	51.5	51.3	15.0	100.0	8.220822714867316
1	55.0	55.0	17.0	78.0	8.216237787298091
1	50.0	53.7	25.0	84.0	8.204439512497332
1	64.0	67.3	20.0	128.0	8.207016336313446
1	55.0	59.4	33.0	102.0	8.19151252222617
1	52.5	70.3	26.0	180.0	8.183504149252302
1	56.0	49.0	22.0	71.0	8.192713640435082
1	58.5	64.3	21.0	127.0	8.190817684864752
1	36.5	36.9	11.0	79.0	8.187798731655933
1	56.0	63.8	29.0	109.0	8.200899243141375
1	36.5	46.5	19.0	149.0	8.196008607786373
1	45.0	49.6	20.0	90.0	8.194372320016079
1	47.5	51.3	14.0	104.0	8.18611550629543
1	57.0	57.6	19.0	98.0	8.191495275942692
1	36.5	56.1	28.0	157.0	8.19524600888787
1	56.5	63.5	30.0	143.0	8.185747124204543
1	47.5	44.5	17.0	67.0	8.182652633308011
1	33.5	51.0	24.0	135.0	8.189169890283639
1	41.5	76.3	24.0	200.0	8.19111079498659
1	43.5	48.2	20.0	86.0	8.189416777939122
1	66.0	78.1	33.0	204.0	8.188668572289949
1	45.0	53.6	21.0	102.0	8.196363013172652
1	36.0	44.3	16.0	96.0	8.204274750208805
1	43.0	54.3	27.0	154.0	8.18689751866168
1	53.0	66.4	24.0	150.0	8.183464867367224
1	35.5	37.7	13.0	74.0	8.1627334694926
1	43.0	49.4	17.0	125.0	8.159833694474031
1	35.5	47.3	29.0	109.0	8.162424518881625
1	33.0	56.9	19.0	192.0	8.165751004794242
1	43.5	63.5	22.0	175.0	8.164842362910946
1	76.5	72.8	34.0	114.0	8.170837703436904
1	50.5	63.5	20.0	147.0	8.181860572380607
1	44.0	42.5	24.0	63.0	8.181761943671157
1	62.5	65.5	22.0	110.0	8.183263959257822
1	59.0	70.7	32.0	127.0	8.196978786300486
1	58.5	58.0	21.0	120.0	8.200440139556017
1	43.0	58.4	18.0	144.0	8.209068180294821
1	60.5	67.6	15.0	115.0	8.215622414150845
1	60.5	56.4	22.0	98.0	8.21917231612223
1	46.0	61.0	27.0	179.0	8.220864515705163
1	49.0	58.9	23.0	106.0	8.207071731481975
1	48.5	54.6	12.0	120.0	8.202803376968438
1	54.0	67.0	21.0	208.0	8.20272942089041
1	48.5	52.3	22.0	97.0	8.19974758299418
1	53.5	63.6	21.0	114.0	8.197678429727498
1	39.5	40.0	13.0	74.0	8.187447038090646
1	62.0	70.2	17.0	167.0	8.187287950501657
1	68.5	69.0	15.0	111.0	8.190573097009874
1	54.0	62.7	21.0	133.0	8.185666424954325
1	42.0	50.9	20.0	125.0	8.194361225602862
1	55.0	59.3	35.0	103.0	8.187209504735259
1	62.5	66.8	25.0	112.0	8.181390909951487
1	34.5	34.9	12.0	66.0	8.200918463196498
1	63.0	68.5	28.0	189.0	8.19092008995625
1	42.0	53.6	24.0	105.0	8.188499083932918
1	53.5	49.4	20.0	91.0	8.191526288658899
1	54.5	66.7	31.0	142.0	8.174971022563215
1	47.0	61.3	21.0	162.0	8.168512922796229
1	71.0	64.5	18.0	126.0	8.165745209811474
1	50.5	66.1	24.0	166.0	8.165071824603979
1	53.0	52.5	18.0	98.0	8.172354353983925
1	57.5	91.7	26.0	345.0	8.189683345842964
1	59.5	65.9	29.0	113.0	8.189618361457411
1	37.5	47.1	21.0	98.0	8.191126789322428
1	50.0	56.8	15.0	112.0	8.1853538318736
1	79.0	69.1	30.0	90.0	8.17958300925693
1	62.5	65.2	39.0	126.0	8.171722349619364
1	56.0	55.4	26.0	91.0	8.174274840079073
1	79.0	73.9	41.0	99.0	8.177959645239225
1	51.5	63.0	22.0	122.0	8.188833230307687
1	57.5	63.2	28.0	129.0	8.189615685855744
1	57.0	63.7	22.0	134.0	8.190974886630933
1	59.0	63.0	28.0	106.0	8.193146143804398
1	71.0	72.5	30.0	127.0	8.194474971837979
1	50.0	64.8	24.0	174.0	8.201401577018702
1	42.0	43.4	11.0	77.0	8.203338168251129
1	55.0	65.1	25.0	122.0	8.196624624294325
1	54.0	62.9	29.0	132.0	8.197366686839615
1	50.5	54.1	27.0	103.0	8.19136936038916
1	57.0	61.8	32.0	113.0	8.185722115423077
1	55.5	61.6	28.0	137.0	8.174711891470274
1	65.5	66.4	28.0	117.0	8.1952413821253
1	68.0	72.4	20.0	153.0	8.186540232476425
1	35.0	47.6	13.0	112.0	8.199203383243916
1	42.0	50.7	12.0	114.0	8.189574003608485
1	71.5	66.1	16.0	108.0	8.201305266861997
1	49.5	56.0	18.0	106.0	8.192293651247322
1	54.0	51.9	15.0	104.0	8.178835205145672
1	43.0	59.4	27.0	133.0	8.189033840965628
1	50.0	61.8	25.0	143.0	8.182531395077312
1	53.5	67.3	30.0	146.0	8.19664377686935
1	87.5	84.4	36.0	155.0	8.211814929348238
1	46.0	63.1	11.0	168.0	8.214207510156585
1	53.0	71.5	23.0	174.0	8.21768958246631
1	61.0	76.4	26.0	163.0	8.214281064817726
1	70.0	64.1	14.0	102.0	8.21185483179913
1	58.0	86.0	30.0	189.0	8.221006093410882
1	58.0	63.6	24.0	136.0	8.23555910499348
1	51.0	57.7	34.0	85.0	8.252321482248137
1	63.0	73.3	20.0	138.0	8.258082037244344
1	63.0	63.4	26.0	122.0	8.248655344601342
1	50.5	55.0	25.0	107.0	8.256192737517651
1	61.5	63.6	18.0	160.0	8.25518931240556
1	54.5	62.8	35.0	128.0	8.252861101895647
1	54.5	56.0	18.0	148.0	8.25045177481336
1	67.0	78.3	27.0	226.0	8.250961117557468
1	52.0	62.9	16.0	153.0	8.256923585030115
1	63.5	93.3	42.0	299.0	8.262922868613886
1	54.0	56.7	34.0	92.0	8.259470604640706
1	82.5	81.1	37.0	138.0	8.251406762538588
1	61.5	53.9	11.0	105.0	8.251892010692394
1	44.5	48.3	12.0	80.0	8.253094930173592
1	57.5	67.7	15.0	162.0	8.245742271712283
1	74.0	74.5	30.0	131.0	8.245315000943076
1	60.0	68.3	23.0	155.0	8.238941877590966
1	72.0	74.8	30.0	123.0	8.246470000006958
1	53.0	64.0	25.0	124.0	8.23567945598869
1	41.0	49.9	13.0	105.0	8.248792830600966
1	82.0	86.4	21.0	151.0	8.22818225650808
1	49.5	60.2	26.0	105.0	8.237776172093929
1	50.0	50.9	25.0	82.0	8.241880741561719
1	49.5	56.8	28.0	135.0	8.24293270009393
1	83.5	92.3	24.0	177.0	8.235890051527457
1	42.5	52.2	14.0	106.0	8.245315175962082
1	51.0	57.5	17.0	108.0	8.243777201003544
1	64.5	64.4	15.0	135.0	8.236337579987456
1	45.5	52.7	21.0	97.0	8.233964299608004
1	80.0	76.7	27.0	131.0	8.232213175480156
1	64.0	62.6	21.0	128.0	8.22361049538856
1	54.5	64.6	27.0	164.0	8.218308716447858
1	42.5	48.7	21.0	96.0	8.20870961177339
1	47.5	67.7	33.0	158.0	8.210289594172782
1	43.0	84.9	15.0	351.0	8.2000505928381
1	56.5	52.8	17.0	81.0	8.209896591305045
1	37.0	51.2	24.0	99.0	8.209497499437473
1	47.5	52.9	27.0	80.0	8.192947801881168
1	50.0	94.2	19.0	255.0	8.206043776569372
1	86.0	81.7	31.0	135.0	8.202601711499321
1	76.5	85.9	21.0	231.0	8.19885763821383
1	90.5	91.9	32.0	166.0	8.194504936486815
1	81.0	73.1	34.0	113.0	8.21351631654006
1	66.5	74.5	24.0	199.0	8.205575800744283
1	62.5	67.5	23.0	107.0	8.21742774659979
1	86.0	85.1	27.0	206.0	8.221037713597207
1	54.0	64.7	16.0	145.0	8.213459340198987
1	50.5	57.8	11.0	103.0	8.227168710829751
1	78.0	83.0	21.0	164.0	8.22933464546464
1	35.0	50.0	17.0	148.0	8.220919858703553
1	55.0	82.8	41.0	197.0	8.220453148807819
1	71.5	76.9	48.0	129.0	8.22087636581425
1	74.0	74.0	30.0	122.0	8.199185861030193
1	49.5	57.0	41.0	116.0	8.187630347564292
1	66.0	72.9	29.0	143.0	8.192500569336785
1	39.0	46.3	16.0	119.0	8.192139515798306
1	58.5	68.5	36.0	130.0	8.190030487444817
1	54.5	76.6	14.0	315.0	8.179484004511629
1	79.5	77.9	32.0	123.0	8.182774615436433
1	68.5	75.2	15.0	141.0	8.168759412330754
1	76.0	68.8	21.0	116.0	8.161182455269167
1	66.0	67.1	16.0	124.0	8.155972317523362
1	84.5	99.0	40.0	198.0	8.166628113504391
1	53.5	63.1	25.0	170.0	8.16955898038523
1	40.5	42.7	12.0	76.0	8.174642349683078
1	70.5	78.4	10.0	241.0	8.15198082045807
1	60.0	58.7	13.0	117.0	8.16365740597698
1	48.0	51.6	19.0	96.0	8.173931119343663
1	52.5	60.3	19.0	158.0	8.181328440395992
1	64.5	85.5	34.0	237.0	8.195010381098315
1	52.5	55.5	12.0	103.0	8.203847911254561
1	54.5	80.1	32.0	195.0	8.194869259041171
1	68.0	77.0	31.0	220.0	8.186321795579076
1	60.0	57.9	32.0	77.0	8.19696717240443
1	88.0	81.2	29.0	134.0	8.20313882075745
1	80.5	91.8	19.0	170.0	8.20184189848587
1	86.5	104.0	25.0	223.0	8.190147653323761
1	59.5	60.9	13.0	111.0	8.185172736661318
1	41.5	46.4	20.0	76.0	8.180088110412933
1	71.5	72.9	37.0	153.0	8.192231204148058
1	53.5	80.8	36.0	257.0	8.191894632435078
1	67.5	76.4	30.0	177.0	8.1982452179314
1	61.0	79.9	25.0	255.0	8.202887606154139
1	61.0	64.2	31.0	150.0	8.193784623782067
1	38.0	39.8	23.0	59.0	8.195059751530247
1	46.0	53.5	22.0	106.0	8.2105790579268
1	57.5	70.3	34.0	183.0	8.218818902338175
1	59.5	66.2	10.0	124.0	8.221439574074967
1	56.5	57.7	21.0	118.0	8.224478319385334
1	54.5	49.6	14.0	73.0	8.216343886745644
1	52.0	73.5	26.0	257.0	8.23353625240794
1	51.0	68.3	16.0	157.0	8.240372649418205
1	52.0	79.6	19.0	180.0	8.238976277068339
1	67.5	73.6	25.0	171.0	8.236885709586364
1	73.0	85.2	39.0	181.0	8.237328147109867
1	61.0	62.1	35.0	84.0	8.233467344190819
1	41.5	60.3	29.0	160.0	8.24389185158574
1	55.0	68.9	25.0	153.0	8.258025608174423
1	59.0	81.2	31.0	295.0	8.267490743627125
1	67.0	74.6	26.0	167.0	8.270442205972758
1	75.5	77.5	21.0	134.0	8.272110209602753
1	52.0	67.1	27.0	136.0	8.274131097054967
1	86.0	92.7	14.0	236.0	8.28848275656331
1	57.5	61.8	35.0	125.0	8.288254730588692
1	75.5	91.4	40.0	191.0	8.28032422709694
1	60.5	69.0	17.0	138.0	8.273977641690767
1	86.0	84.6	37.0	164.0	8.277072016127772
1	51.5	72.8	24.0	162.0	8.287557117752602
1	91.5	83.7	13.0	152.0	8.277221096719478
1	93.5	120.2	55.0	286.0	8.284945660197886
1	84.0	88.1	37.0	178.0	8.289457425250149
1	106.5	117.3	52.0	259.0	8.29557960064715
1	82.5	82.4	35.0	145.0	8.30301073458149
1	53.5	76.7	32.0	246.0	8.290636834372238
1	70.5	74.2	34.0	126.0	8.29683078641285
1	101.5	122.0	67.0	257.0	8.31294078096269
1	79.0	96.3	57.0	189.0	8.309720227236353
1	57.0	110.7	38.0	377.0	8.320179336974686
1	73.0	69.1	28.0	123.0	8.338110354304597
1	105.0	125.6	51.0	325.0	8.325112005271066
1	122.0	122.2	43.0	223.0	8.331457873562506
1	83.0	104.5	23.0	319.0	8.32400011246064
1	107.0	93.8	38.0	154.0	8.322125234615621
1	105.0	117.6	24.0	290.0	8.328070918009917
1	119.0	117.7	24.0	232.0	8.325433124944134
1	91.5	92.5	42.0	133.0	8.325572602027375
1	97.0	101.4	46.0	173.0	8.344831952274088
1	100.5	92.4	35.0	166.0	8.336505408179312
1	89.0	88.4	40.0	202.0	8.333712836604635
1	65.5	70.6	20.0	130.0	8.327247310916427
1	96.0	103.4	25.0	291.0	8.31902306805522
1	72.5	89.7	39.0	179.0	8.305945746802934
1	77.5	89.0	40.0	170.0	8.310956031146453
1	59.0	74.1	13.0	198.0	8.302574637685515
1	81.0	98.2	43.0	172.0	8.28699299254425
1	76.0	72.0	17.0	132.0	8.293397564276871
1	75.0	81.2	33.0	140.0	8.302698211395942
1	98.5	103.0	16.0	336.0	8.298147562127992
1	73.5	91.8	32.0	175.0	8.304535899927792
1	73.5	80.5	21.0	184.0	8.295452273530758
1	83.5	92.7	32.0	197.0	8.282397766701415
1	73.0	109.9	39.0	222.0	8.266422461647744
1	68.5	90.2	36.0	165.0	8.263653122849052
1	55.0	67.3	41.0	113.0	8.264367844777512
1	70.0	93.1	52.0	197.0	8.274373095553656
1	90.0	106.0	40.0	304.0	8.285991730749746
1	64.5	71.1	41.0	111.0	8.289853585667345
1	78.0	85.2	13.0	173.0	8.28922433655256
1	125.5	105.8	12.0	185.0	8.292978511670803
1	100.0	95.1	43.0	148.0	8.289782719840817
1	92.5	124.9	24.0	402.0	8.2946814586765
1	123.0	117.9	53.0	226.0	8.290828136124007
1	87.5	118.3	55.0	245.0	8.278071226417094
1	117.5	134.7	14.0	342.0	8.266449643135031
1	95.5	111.1	45.0	236.0	8.258939654808072
1	69.5	101.8	17.0	327.0	8.261797780893158
1	67.0	71.2	42.0	109.0	8.257050440717082
1	78.5	94.3	29.0	155.0	8.248238389416388
1	114.0	152.2	62.0	391.0	8.24419584571374
1	78.0	81.3	18.0	151.0	8.23196403729962
1	106.5	104.9	38.0	181.0	8.228381584263369
1	119.5	131.0	34.0	250.0	8.236489392378012
1	102.5	145.0	34.0	425.0	8.239584686242672
1	93.0	130.8	62.0	256.0	8.221170236608954
1	76.5	86.0	38.0	160.0	8.236553069058086
1	115.5	135.0	31.0	328.0	8.239949772168115
1	97.0	101.0	47.0	173.0	8.245002663470178
1	93.5	93.4	31.0	189.0	8.255453266122352
1	79.5	98.2	38.0	196.0	8.244502559678157
1	118.0	122.7	66.0	187.0	8.241117554782994
1	61.5	88.3	23.0	268.0	8.252237787391191
1	69.0	86.3	13.0	262.0	8.254219899473163
1	92.0	106.2	55.0	208.0	8.26285793366608
1	64.5	70.5	46.0	116.0	8.253346043078023
1	65.0	70.6	30.0	156.0	8.262635144971668
1	92.5	101.0	49.0	192.0	8.265610371764437
1	81.5	100.3	19.0	213.0	8.2584006720484
1	105.5	115.7	19.0	227.0	8.256568315918772
1	94.0	98.3	28.0	175.0	8.248901575839433
1	77.0	98.0	43.0	230.0	8.259500661162317
1	77.5	95.6	14.0	256.0	8.25897122562232
1	112.0	110.7	39.0	157.0	8.25883202498106
1	117.0	114.4	68.0	195.0	8.253057770219439
1	122.0	129.5	73.0	235.0	8.26142171262807
1	92.0	109.3	27.0	204.0	8.262167703055669
1	170.0	160.8	55.0	248.0	8.256390386986476
1	69.0	101.4	45.0	258.0	8.250042819224294
1	93.5	133.5	64.0	338.0	8.252053786293214
1	90.0	109.5	20.0	258.0	8.233222790347186
1	180.0	164.5	29.0	323.0	8.229222318021115
1	116.0	135.1	36.0	273.0	8.217092293931104
1	88.5	94.4	45.0	176.0	8.213066402001884
1	102.5	93.2	34.0	168.0	8.210986262465118
1	95.5	100.7	51.0	204.0	8.21029172088077
1	117.0	123.9	76.0	245.0	8.215519166318597
1	125.0	121.8	52.0	212.0	8.21490036705607
1	68.5	85.3	33.0	162.0	8.214061053720238
1	73.0	102.6	45.0	280.0	8.206814278380618
1	79.5	91.9	40.0	155.0	8.220172684279909
1	133.0	124.3	33.0	198.0	8.216359388650464
1	87.0	91.6	21.0	165.0	8.213676558001602
1	91.0	101.4	45.0	152.0	8.212430746796256
1	112.5	110.8	25.0	176.0	8.218487447727508
1	74.5	86.7	53.0	160.0	8.219982956580914
1	204.0	191.1	15.0	379.0	8.220508992867474
1	114.0	122.6	56.0	184.0	8.22425746496043
1	73.5	83.7	21.0	174.0	8.215469925907398
1	99.0	142.9	38.0	500.0	8.22484266024898
1	89.5	100.6	57.0	181.0	8.221830846514075
1	101.5	130.3	28.0	463.0	8.237295324297728
1	122.0	127.6	30.0	266.0	8.228584410771404
1	122.0	140.8	69.0	226.0	8.225522894956955
1	140.5	136.6	45.0	241.0	8.2268475891194
1	80.0	90.6	31.0	220.0	8.230474583952981
1	104.0	96.9	30.0	181.0	8.245840867706438
1	93.5	97.7	51.0	162.0	8.24293176741934
1	113.0	125.1	30.0	235.0	8.256015102151222
1	51.0	61.3	24.0	134.0	8.254876544424851
1	115.0	114.0	16.0	329.0	8.256245470020453
1	108.0	93.5	18.0	153.0	8.25834378394707
1	71.5	100.5	25.0	217.0	8.265012712226895
1	117.5	124.3	47.0	229.0	8.255859225349901
1	70.0	95.7	53.0	222.0	8.264389174860282
1	96.0	101.5	14.0	190.0	8.275206779574265
1	110.5	121.5	27.0	243.0	8.282910073557089
1	112.5	112.5	23.0	193.0	8.287728815901277
1	51.5	86.4	17.0	352.0	8.284588686708648
1	100.0	139.4	45.0	414.0	8.28405555253274
1	129.0	116.2	19.0	202.0	8.286451741686198
1	81.5	93.0	19.0	199.0	8.273244815212486
1	101.5	102.8	13.0	220.0	8.269612073023834
1	93.5	95.1	55.0	149.0	8.271474532103614
1	74.5	81.0	38.0	152.0	8.277400504675464
1	77.0	113.1	66.0	230.0	8.279574341036513
1	120.0	133.2	29.0	352.0	8.27043979791446
1	100.5	112.3	23.0	249.0	8.268495805712963
1	93.0	97.9	39.0	199.0	8.267987664894878
1	100.0	119.0	51.0	251.0	8.269739888151316
1	85.5	95.2	26.0	219.0	8.25596540705322
1	107.0	116.3	51.0	205.0	8.243364638867623
1	73.5	78.1	31.0	124.0	8.245938567138824
1	84.0	109.5	63.0	266.0	8.261596160463192
1	112.0	106.1	26.0	205.0	8.274745830225275
1	110.5	108.3	40.0	194.0	8.275240993718885
1	104.5	119.6	29.0	244.0	8.26360028135522
1	124.0	163.5	53.0	423.0	8.274287317499603
1	105.0	127.6	37.0	307.0	8.288667295136767
1	108.5	112.4	57.0	203.0	8.291891158725312
1	100.0	121.3	22.0	299.0	8.289728231284727
1	53.5	63.3	22.0	118.0	8.280236024860903
1	69.0	70.2	21.0	130.0	8.263050859083334
1	70.0	86.5	39.0	156.0	8.260179060848072
1	115.5	111.0	35.0	186.0	8.265019523568542
1	103.5	125.8	23.0	306.0	8.267043353876877
1	87.5	84.4	46.0	152.0	8.267247788072249
1	96.5	105.6	54.0	196.0	8.266672056806893
1	91.5	125.7	26.0	363.0	8.274072297978257
1	107.5	101.2	39.0	164.0	8.283639170991941
1	97.5	108.3	17.0	184.0	8.271252662093804
1	88.5	91.3	19.0	241.0	8.27149110017629
1	145.5	162.5	36.0	299.0	8.258022994778669
1	79.0	103.9	66.0	233.0	8.249862040522268
1	142.0	130.6	30.0	254.0	8.247550124752035
1	106.0	123.6	45.0	292.0	8.255511171069081
1	134.0	129.3	20.0	267.0	8.275864125783317
1	113.5	117.5	37.0	207.0	8.253571333248471
1	120.5	126.0	27.0	277.0	8.242299853717343
1	87.5	133.1	40.0	483.0	8.245578730397586
1	168.0	176.5	66.0	413.0	8.24911663304624
1	113.5	110.2	13.0	199.0	8.258460075868019
1	97.0	142.9	49.0	500.0	8.271525698820144
1	112.5	123.8	36.0	268.0	8.261444310807642
1	105.0	131.9	49.0	245.0	8.259776060186145
1	144.5	168.1	39.0	377.0	8.269516558640372
1	80.5	86.7	32.0	131.0	8.262215267483274
1	97.5	105.6	57.0	178.0	8.25583391178113
1	136.0	122.9	48.0	194.0	8.245872959959362
1	139.0	147.0	30.0	323.0	8.237149294775802
1	119.0	132.4	48.0	291.0	8.23628407252462
1	77.0	79.9	29.0	157.0	8.224236408905384
1	173.0	177.9	40.0	315.0	8.221569001919322
1	98.0	90.4	21.0	156.0	8.228933027920043
1	91.0	105.3	34.0	189.0	8.236482802838049
1	68.5	87.9	11.0	253.0	8.21788184326511
1	80.0	100.4	11.0	311.0	8.228263077154121
1	135.0	145.3	14.0	396.0	8.206605393455156
1	117.0	131.1	74.0	202.0	8.201857995513132
1	114.5	132.4	37.0	281.0	8.196691323146823
1	85.5	110.7	37.0	266.0	8.18658404501155
1	79.0	90.3	22.0	248.0	8.180685654901593
1	172.0	173.9	52.0	331.0	8.191769764800057
1	96.5	110.6	37.0	209.0	8.186045693948303
1	143.5	143.1	58.0	289.0	8.185985911604885
1	106.5	105.6	45.0	181.0	8.179440006512552
1	126.0	152.3	73.0	371.0	8.174831232138564
1	96.0	113.9	23.0	203.0	8.175104200702808
1	130.5	117.8	34.0	192.0	8.178241260549989
1	128.0	137.8	37.0	279.0	8.179296309111473
1	87.0	101.1	46.0	207.0	8.182584549880332
1	55.5	92.1	33.0	321.0	8.191443198904462
1	108.5	115.0	14.0	290.0	8.195266128475577
1	65.5	109.3	37.0	378.0	8.16752100801637
1	79.5	90.3	31.0	169.0	8.180401138516958
1	123.5	122.8	39.0	189.0	8.169634332903994
1	89.0	90.4	43.0	163.0	8.16535696733689
1	123.0	141.2	62.0	308.0	8.156029222170622
1	88.0	102.8	58.0	189.0	8.169921018491745
1	73.5	80.3	20.0	138.0	8.157984621477185
1	162.5	148.3	42.0	250.0	8.176847834978297
1	134.5	143.4	54.0	290.0	8.175019398268066
1	136.5	142.0	85.0	221.0	8.163229817538978
1	158.0	178.6	64.0	446.0	8.176241333686624
1	140.0	125.7	63.0	181.0	8.187912660651719
1	141.5	133.4	61.0	193.0	8.179627900273976
1	106.0	104.4	43.0	169.0	8.18316017181108
1	66.0	91.4	35.0	238.0	8.191470849565807
1	207.5	190.1	51.0	303.0	8.17303267917609
1	118.0	146.6	53.0	299.0	8.168023077553807
1	156.0	195.2	34.0	500.0	8.162583192984927
1	155.0	151.2	43.0	283.0	8.149650951689662
1	107.5	122.7	25.0	300.0	8.141795973987763
1	126.5	146.7	49.0	308.0	8.158843614947173
1	112.0	106.7	11.0	172.0	8.164986478748082
1	158.0	166.0	64.0	282.0	8.167000047836003
1	170.0	145.0	32.0	226.0	8.171197286716673
1	147.5	163.5	111.0	235.0	8.164589226475252
1	136.0	145.3	44.0	315.0	8.164585354636035
1	129.0	136.8	15.0	304.0	8.148406916702795
1	102.5	117.4	18.0	254.0	8.124894369172596
1	116.0	103.8	47.0	138.0	8.14408270170344
1	156.5	153.4	57.0	248.0	8.145826071123805
1	149.0	165.1	63.0	469.0	8.153357408580664
1	116.0	123.1	77.0	182.0	8.14975959229643
1	122.5	113.5	50.0	173.0	8.14049515207317
1	140.0	140.5	42.0	326.0	8.153456328954123
1	64.0	86.2	15.0	170.0	8.14296842519471
1	134.5	130.4	33.0	218.0	8.12293939694599
1	120.0	134.2	58.0	234.0	8.102435152762988
1	123.0	142.3	18.0	418.0	8.104611233122617
1	92.5	111.3	14.0	275.0	8.104755436899968
1	122.0	142.6	45.0	430.0	8.101387648334804
1	100.0	106.6	24.0	195.0	8.081671515289575
1	94.5	123.0	43.0	350.0	8.085695883986494
1	131.5	130.6	64.0	215.0	8.08262841307406
1	161.5	149.5	54.0	240.0	8.076588127487652
1	96.5	107.5	55.0	180.0	8.072561744839968
1	187.0	196.7	35.0	359.0	8.068171554902674
1	132.5	141.6	32.0	290.0	8.062380755688284
1	157.0	163.0	66.0	299.0	8.060879360908022
1	151.5	157.8	74.0	276.0	8.057984398722413
1	101.0	111.9	22.0	215.0	8.052890621769956
1	199.0	180.2	34.0	289.0	8.048067601700831
1	124.0	135.1	50.0	211.0	8.046076392514612
1	111.5	141.3	57.0	300.0	8.042841703926417
1	143.0	176.6	45.0	352.0	8.056045251087028
1	171.5	157.0	44.0	230.0	8.056569633789223
1	170.0	184.7	21.0	368.0	8.068866214384334
1	91.0	106.2	13.0	259.0	8.065119994148226
1	171.0	174.9	84.0	356.0	8.07714612203256
1	178.5	198.6	19.0	500.0	8.068094182288661
1	148.5	168.0	43.0	363.0	8.061324539974702
1	158.5	156.3	37.0	326.0	8.050611981361033
1	135.5	141.0	47.0	251.0	8.050532673542866
1	138.5	118.6	33.0	186.0	8.040060074930956
1	110.5	117.4	22.0	246.0	8.024626382106506
1	86.0	100.5	27.0	197.0	8.019849502295155
1	224.5	192.6	59.0	383.0	8.022055014802739
1	130.0	129.6	85.0	183.0	8.023297469989261
1	89.0	114.5	42.0	198.0	8.019787672992939
1	114.5	166.9	39.0	421.0	8.033256258085776
1	107.0	126.8	59.0	231.0	8.028377507747487
1	114.0	142.1	45.0	327.0	8.040643337005099
1	169.5	164.0	89.0	214.0	8.038525842647799
1	160.5	180.7	35.0	330.0	8.054018303390944
1	107.5	158.2	70.0	358.0	8.05158745721091
1	91.0	148.8	61.0	361.0	8.069875532794248
1	128.5	141.9	58.0	262.0	8.089886251837122
1	159.0	147.3	39.0	248.0	8.100406786066262
1	90.5	131.5	24.0	423.0	8.101841577061139
1	104.0	116.7	31.0	211.0	8.102101430808226
1	169.0	187.8	78.0	393.0	8.107108617829528
1	166.0	173.8	38.0	391.0	8.094405435363015
1	159.0	150.8	55.0	249.0	8.084680633590226
1	142.0	123.3	43.0	202.0	8.10198263266505
1	97.0	103.3	24.0	181.0	8.116889940242409
1	122.5	119.5	23.0	206.0	8.130837217247901
1	94.5	122.2	12.0	251.0	8.135682262661726
1	136.5	141.5	52.0	269.0	8.119244535129972
1	231.5	217.8	67.0	388.0	8.118954368087724
1	128.0	114.6	23.0	214.0	8.11669435069888
1	143.5	173.8	26.0	437.0	8.119638092905294
1	128.5	147.2	22.0	318.0	8.104680368919604
1	130.0	112.6	16.0	206.0	8.11902122330549
1	117.0	128.5	36.0	236.0	8.130335802678179
1	91.0	97.6	19.0	194.0	8.11760804621783
1	109.0	131.5	31.0	366.0	8.11477728964174
1	117.0	144.8	52.0	366.0	8.107187396175464
1	92.5	88.6	50.0	131.0	8.086434374076687
1	93.5	102.9	28.0	199.0	8.086293048979869
1	94.5	93.2	35.0	163.0	8.092611125009036
1	139.5	140.7	20.0	222.0	8.091759997465722
1	128.0	142.5	44.0	299.0	8.07822759777873
1	120.5	127.5	45.0	224.0	8.071199312737251
1	90.0	119.7	17.0	265.0	8.073040531619538
1	163.5	177.3	18.0	403.0	8.0868308379879
1	145.5	142.8	24.0	270.0	8.08861564181184
1	108.0	169.5	36.0	500.0	8.101594926686603
1	127.5	136.9	38.0	289.0	8.105218128346472
1	136.5	134.8	57.0	198.0	8.135013676694982
1	181.5	205.3	91.0	389.0	8.127815818799306
1	118.0	137.6	37.0	339.0	8.125756170807735
1	152.5	161.7	40.0	347.0	8.133688276278148
1	96.0	110.6	51.0	212.0	8.127369565683928
1	191.5	160.1	12.0	318.0	8.123747298183623
1	149.5	144.8	42.0	246.0	8.116508092136764
1	139.5	170.3	73.0	291.0	8.129366025528743
1	176.5	180.8	96.0	337.0	8.12109353433902
1	101.0	129.2	39.0	336.0	8.117398765510154
1	116.0	122.6	67.0	215.0	8.090579727800831
1	131.5	123.2	17.0	253.0	8.080344200524094
1	195.5	182.3	86.0	347.0	8.077122625480605
1	74.0	109.6	27.0	314.0	8.07791283730409
1	123.0	139.2	31.0	257.0	8.087934696728974
1	184.5	241.8	92.0	465.0	8.092584862280455
1	128.0	156.7	45.0	410.0	8.100584505982093
1	160.5	165.4	60.0	372.0	8.091046455637814
1	126.5	131.5	69.0	222.0	8.08490607338978
1	174.5	199.0	38.0	355.0	8.083202082082671
1	114.5	116.9	13.0	286.0	8.058484511541439
1	111.5	116.0	46.0	197.0	8.051691678728615
1	99.0	109.7	14.0	236.0	8.046076194585936
1	158.5	158.7	46.0	278.0	8.037974952689847
1	146.5	166.7	24.0	420.0	8.040730270264362
1	150.5	169.0	61.0	289.0	8.038513502696187
1	105.0	125.8	42.0	234.0	8.037352126073104
1	156.0	190.2	28.0	500.0	8.05207467119401
1	101.5	113.7	69.0	269.0	8.058084627497633
1	148.0	146.9	56.0	242.0	8.074181742656055
1	162.5	168.2	48.0	294.0	8.066178489807015
1	152.0	184.7	12.0	500.0	8.065777395871311
1	116.5	146.9	30.0	457.0	8.062911611950756
1	165.0	184.6	54.0	384.0	8.06667629856372
1	122.5	129.8	51.0	209.0	8.069304281343932
1	121.5	144.6	26.0	368.0	8.060796152628471
1	145.5	148.5	37.0	325.0	8.066031468904784
1	128.5	138.2	68.0	231.0	8.053738206354371
1	114.5	115.9	70.0	179.0	8.038998910897835
1	98.5	107.7	44.0	192.0	8.038100310904987
1	164.5	180.3	67.0	407.0	8.028059876212973
1	132.0	151.6	39.0	373.0	8.012988101667744
1	125.5	146.1	62.0	242.0	7.993774078499243
1	92.0	115.6	55.0	196.0	7.996452345538239
1	127.0	137.3	34.0	261.0	8.0028181137057
1	205.5	220.5	44.0	399.0	7.984657578929996
1	169.5	200.2	28.0	485.0	7.975515633277161
1	121.5	117.4	15.0	249.0	7.9816658798751385
1	200.0	206.1	148.0	273.0	7.983660717233623
1	140.0	135.6	34.0	248.0	7.97469662825719
1	139.5	211.4	74.0	500.0	7.984213406831158
1	136.0	160.9	17.0	360.0	7.985189866050373
1	190.5	216.4	52.0	500.0	7.990887371547055
1	160.0	216.2	17.0	492.0	7.981071662066845
1	120.0	134.0	61.0	263.0	7.976419272756118
1	97.0	109.8	49.0	188.0	7.987610000528694
1	134.0	136.4	31.0	260.0	7.986710596030397
1	160.5	189.7	70.0	392.0	7.976145486976438
1	149.0	178.3	44.0	500.0	7.959028133130351
1	200.5	201.8	14.0	500.0	7.977123335745328
1	147.5	149.3	19.0	293.0	7.971704891343139
1	164.0	156.8	30.0	295.0	7.976655458686244
1	147.0	137.7	59.0	192.0	7.975842731642175
1	119.0	163.7	56.0	358.0	7.985543895552821
1	186.5	185.5	66.0	344.0	7.975534407235205
1	139.5	145.9	45.0	361.0	7.977407630452773
1	90.5	125.6	16.0	310.0	7.982954938885891
1	124.0	130.2	45.0	250.0	7.986100143075362
1	116.5	140.3	34.0	267.0	7.981189813817646
1	158.0	175.0	49.0	401.0	7.970791940077108
1	102.0	133.8	61.0	310.0	7.958282957763919
1	148.5	157.9	15.0	276.0	7.958343201273802
1	138.5	136.2	33.0	240.0	7.9619258394871455
1	128.0	124.3	14.0	260.0	7.957573662603558
1	96.5	109.1	16.0	244.0	7.959564698319956
1	152.0	179.7	62.0	435.0	7.978990553049316
1	110.5	138.7	20.0	294.0	7.992876681379114
1	95.5	155.0	26.0	500.0	7.994062811315167
1	128.5	110.7	17.0	210.0	7.982215380774492
1	110.0	113.3	15.0	240.0	7.9916063716747106
1	62.5	83.2	18.0	204.0	7.990135600146591
1	145.0	144.5	24.0	283.0	7.976925750558024
1	101.5	151.4	21.0	421.0	7.960119869464061
1	91.0	115.6	21.0	230.0	7.9820375229393035
1	118.0	148.8	22.0	345.0	7.974145792278768
1	158.5	160.7	48.0	301.0	7.968323286547414
1	93.5	133.4	15.0	303.0	7.970715848871922
1	115.5	107.0	16.0	217.0	7.978304497459705
1	147.0	173.9	40.0	397.0	7.981666396646056
1	100.0	101.1	23.0	199.0	7.983043549229471
1	111.5	131.3	62.0	250.0	7.988953975286697
1	206.0	227.4	39.0	500.0	8.000252866777862
1	219.5	208.1	26.0	500.0	8.000769595686348
1	116.0	126.1	59.0	204.0	7.997496522724471
1	135.0	129.7	25.0	242.0	8.007088210856047
1	109.5	125.3	30.0	298.0	8.007247614853254
1	142.0	127.8	21.0	201.0	8.014501244859286
1	151.0	177.9	34.0	389.0	8.009608626038931
1	96.5	104.4	12.0	314.0	8.009458816797814
1	94.5	126.7	27.0	279.0	8.011971711991837
1	125.0	117.6	28.0	189.0	8.006943876912949
1	105.5	121.1	17.0	276.0	8.009702179755397
1	197.5	195.5	28.0	406.0	8.022015528812169
1	188.5	207.6	36.0	500.0	8.029524912497317
1	84.5	120.4	35.0	298.0	8.017028931024033
1	204.5	208.8	32.0	476.0	8.02323549769752
1	165.0	169.6	33.0	293.0	8.026134283795328
1	89.0	95.9	36.0	199.0	8.029404883956651
1	146.5	155.1	32.0	328.0	8.035977903530425
1	65.5	92.3	21.0	222.0	8.056802658373012
1	129.0	158.7	67.0	405.0	8.06998483676504
1	184.5	187.0	85.0	438.0	8.062441434502103
1	199.0	204.1	37.0	500.0	8.05114829055545
1	151.5	178.4	50.0	465.0	8.051276771404462
1	190.5	183.2	54.0	341.0	8.033353999505186
1	134.0	172.8	42.0	500.0	8.046769671492031
1	124.5	114.8	29.0	180.0	8.037632521786959
1	129.0	126.7	33.0	226.0	8.036936782373674
1	122.0	154.9	23.0	401.0	8.027788450079429
1	130.5	141.6	39.0	266.0	8.025201750334707
1	152.0	161.0	18.0	499.0	8.041581498812574
1	140.0	166.0	44.0	413.0	8.05075947547691
1	193.5	244.9	19.0	500.0	8.045344530905258
1	146.0	156.5	28.0	355.0	8.055544819719119
1	135.0	156.8	40.0	348.0	8.062662644981604
1	161.5	225.6	63.0	498.0	8.068793169558658
1	155.5	198.8	20.0	500.0	8.055693165929563
1	120.5	125.8	15.0	271.0	8.059160112077226
1	134.5	149.3	13.0	261.0	8.064511732225833
1	158.5	182.9	39.0	500.0	8.07061026324659
1	161.5	210.4	40.0	422.0	8.070438491098745
1	125.5	192.6	20.0	500.0	8.064427183469933
1	232.5	219.3	80.0	477.0	8.076428369973227
1	200.0	187.9	14.0	291.0	8.064678898722036
1	128.5	159.2	27.0	293.0	8.073868556295928
1	167.0	190.6	49.0	500.0	8.057338626258638
1	155.0	134.8	44.0	223.0	8.033239369547498
1	210.0	192.8	53.0	343.0	8.023960243651185
1	126.5	134.2	14.0	346.0	8.029794582071446
1	189.0	177.0	70.0	247.0	8.031650854613247
1	255.5	273.1	44.0	446.0	8.026160377960485
1	110.0	157.5	15.0	480.0	8.046470919554338
1	193.5	195.3	15.0	500.0	8.037494562039708
1	179.0	177.1	15.0	400.0	8.040739707980432
1	122.0	142.2	47.0	321.0	8.042451774519861
1	200.0	205.2	38.0	390.0	8.049027284082158
1	136.0	143.9	31.0	268.0	8.050773379683083
1	144.0	152.4	28.0	307.0	8.071680280729533
1	127.0	164.7	95.0	282.0	8.066269811400739
1	197.5	192.7	54.0	342.0	8.06814331598438
1	156.0	189.3	23.0	475.0	8.062936702190308
1	290.5	280.1	46.0	500.0	8.062592593247375
1	196.5	215.8	45.0	500.0	8.061143711590793
1	195.0	235.3	81.0	478.0	8.0801707478727
1	200.5	230.2	81.0	500.0	8.087471162419739
1	229.5	240.2	55.0	473.0	8.095026961663475
1	245.0	211.7	31.0	329.0	8.09318764760158
1	191.0	195.9	56.0	361.0	8.103765418001307
1	121.5	163.9	22.0	500.0	8.115340038839998
1	152.0	177.0	62.0	324.0	8.115599757770363
1	192.5	203.7	78.0	410.0	8.096293834779091
1	147.5	149.8	42.0	285.0	8.114040329357396
1	174.5	192.3	85.0	310.0	8.105345865078528
1	187.0	213.8	86.0	409.0	8.112865399214837
1	156.5	173.5	47.0	403.0	8.121957091173137
1	162.0	173.7	101.0	325.0	8.116262868674065
1	170.0	185.4	29.0	320.0	8.114930155224016
1	144.0	155.7	70.0	249.0	8.105496263757347
1	119.0	131.0	61.0	255.0	8.081605307455238
1	158.5	179.0	75.0	336.0	8.069795956181492
1	148.0	174.1	51.0	373.0	8.078669749153166
1	147.0	147.7	25.0	233.0	8.08103543702505
1	177.0	200.3	111.0	392.0	8.081892320587306
1	152.5	179.0	58.0	405.0	8.073846919931372
1	125.5	129.1	27.0	250.0	8.072521141297914
1	151.0	216.7	70.0	500.0	8.07357545087989
1	164.5	173.0	70.0	305.0	8.085508829222375
1	163.0	175.3	56.0	376.0	8.097598213744925
1	160.0	168.3	82.0	384.0	8.07492257584385
1	204.5	219.5	72.0	337.0	8.069929630602472
1	142.5	145.1	57.0	247.0	8.074154807409796
1	109.0	121.1	30.0	217.0	8.075419707376339
1	164.5	146.4	40.0	266.0	8.075929511512001
1	158.5	192.1	95.0	371.0	8.069769816821678
1	134.5	165.3	87.0	389.0	8.080233918547627
1	190.0	185.1	87.0	286.0	8.088024660888475
1	203.5	188.3	71.0	326.0	8.087630203098916
1	199.5	254.6	115.0	500.0	8.08664512159022
1	155.5	193.2	52.0	500.0	8.090707204515725
1	257.0	250.1	35.0	500.0	8.090360240514109
1	191.0	220.4	33.0	500.0	8.099897474442082
1	251.5	236.1	17.0	429.0	8.109338288556808
1	171.5	231.3	66.0	461.0	8.108782279393795
1	217.0	243.0	47.0	476.0	8.120170876921291
1	163.5	161.0	53.0	356.0	8.125048794997348
1	194.5	219.4	59.0	462.0	8.126254001740378
1	137.0	136.0	53.0	204.0	8.11622052934395
1	149.5	214.0	58.0	500.0	8.098749510792615
1	205.5	216.0	41.0	401.0	8.11620602257799
1	187.5	207.8	101.0	369.0	8.121602050066766
1	290.5	307.5	146.0	500.0	8.10813295259735
1	141.5	159.1	15.0	333.0	8.102749038808858
1	155.5	190.7	75.0	390.0	8.088959488311588
1	242.0	250.5	13.0	500.0	8.072734577000706
1	193.0	168.9	35.0	309.0	8.076797393599302
1	121.0	124.2	66.0	215.0	8.076307658585957
1	190.0	197.3	38.0	455.0	8.065449950984116
1	230.5	248.2	26.0	457.0	8.067187297342665
1	141.0	204.5	112.0	500.0	8.076790968727643
1	148.0	162.2	81.0	278.0	8.088681853620063
1	83.5	140.8	46.0	296.0	8.085020277678202
1	115.5	139.4	52.0	318.0	8.081451438365004
1	154.0	176.7	16.0	361.0	8.083870367429519
1	150.0	149.8	58.0	223.0	8.072816898220253
1	120.0	127.9	24.0	268.0	8.087852062451647
1	190.5	220.3	42.0	500.0	8.08003328899146
1	176.0	232.2	130.0	500.0	8.097649480488815
1	187.5	176.4	14.0	393.0	8.09283338403199
1	220.0	246.8	170.0	439.0	8.092915818174713
1	227.0	225.3	120.0	318.0	8.09227801398944
1	253.5	261.1	52.0	500.0	8.100166616033471
1	137.0	192.8	13.0	500.0	8.108075119091055
1	196.0	197.2	64.0	334.0	8.09492699037201
1	128.0	161.7	41.0	376.0	8.092008534028622
1	217.0	225.0	53.0	500.0	8.089972428202554
1	166.5	200.2	59.0	500.0	8.072708076817284
1	207.0	213.6	140.0	295.0	8.056967472838457
1	264.5	251.8	63.0	428.0	8.030268773411272
1	361.0	349.9	156.0	500.0	8.018377855580743
1	373.0	323.0	73.0	500.0	8.013050080385652
1	274.0	248.1	31.0	500.0	8.0336660506346
1	238.5	223.0	65.0	385.0	8.028885424047283
1	256.0	227.0	77.0	341.0	8.055204569514384
1	245.5	237.9	27.0	439.0	8.062737644439126
1	231.5	258.7	15.0	500.0	8.06301948430459
1	309.5	315.3	105.0	500.0	8.066551703291475
1	209.0	249.6	76.0	500.0	8.047969841915911
1	186.5	197.9	83.0	370.0	8.061281105572828
1	156.5	224.8	62.0	500.0	8.058820240808702
1	166.0	166.2	44.0	383.0	8.059111795577053
1	220.0	255.9	139.0	500.0	8.053442373003307
1	264.0	258.3	17.0	500.0	8.049176058413362
1	398.0	359.4	25.0	500.0	8.041776491277611
1	209.0	210.9	18.0	490.0	8.015414430486546
1	320.5	335.1	145.0	500.0	8.006563953356736
1	212.0	217.3	32.0	446.0	7.995703919465623
1	279.0	291.6	85.0	500.0	7.99297021741054
1	238.5	286.4	190.0	500.0	7.978592785555395
1	242.0	232.5	14.0	426.0	7.964967860476177
1	169.0	167.3	12.0	348.0	7.962583050856972
1	221.0	276.8	101.0	500.0	7.977681619777867
1	260.5	223.2	49.0	357.0	7.989647517700838
1	237.0	295.7	202.0	500.0	8.002530159720578
1	245.0	247.4	129.0	500.0	8.00580362768553
1	258.5	293.6	102.0	500.0	8.022605711640159
1	245.0	270.2	88.0	500.0	8.02781666295059
1	196.5	209.7	55.0	425.0	8.025566642462515
1	274.5	253.3	18.0	500.0	8.042893949579552
1	261.0	256.0	28.0	424.0	8.038732656497679
1	180.0	214.2	76.0	353.0	8.018448599569027
1	275.5	317.2	109.0	500.0	8.015211298701391
1	216.0	207.0	71.0	421.0	8.012499065566079
1	304.0	278.1	68.0	500.0	8.00331177506847
1	262.5	244.0	56.0	500.0	8.014541782981132
1	378.5	342.9	52.0	500.0	8.013256681917264
1	287.5	266.8	66.0	500.0	8.01389806775114
1	161.0	202.5	53.0	500.0	8.020112152908917
1	265.5	252.0	20.0	500.0	8.019841917815377
1	248.5	273.4	170.0	500.0	8.0160398365102
1	218.5	227.1	124.0	412.0	8.018277610065589
1	168.0	205.2	36.0	500.0	8.024485130453092
1	205.5	226.8	84.0	500.0	8.019675134163398
1	236.5	249.1	176.0	331.0	8.031489785417387
1	127.5	135.9	38.0	291.0	8.024338728442862
1	175.0	182.8	62.0	374.0	8.00253553746933
1	232.0	240.6	99.0	359.0	7.990055807166438
1	219.0	250.2	77.0	488.0	7.983864508899434
1	162.5	193.9	120.0	311.0	8.00543113398418
1	258.5	250.7	41.0	500.0	7.992922714927059
1	165.0	196.1	30.0	500.0	7.992024236417837
1	273.5	286.8	112.0	500.0	7.972756806605379
1	210.0	255.1	86.0	500.0	7.979290204476583
1	217.5	270.2	86.0	500.0	8.001403156243562
1	217.5	226.4	55.0	500.0	7.988296578095299
1	189.5	222.3	56.0	500.0	7.998615928548657
1	166.5	197.5	68.0	500.0	8.007838234140182
1	211.0	212.1	99.0	344.0	8.00020488834402
1	251.0	257.2	79.0	500.0	8.001213368891785
1	348.5	331.8	141.0	500.0	8.01921642874047
1	295.0	322.7	108.0	500.0	8.029631001743248
1	201.5	249.8	173.0	500.0	8.030399978325477
1	204.0	280.7	134.0	500.0	8.036311110692452
1	246.5	268.7	40.0	489.0	8.03161107605854
1	256.0	269.7	179.0	404.0	8.034167525431355
1	213.0	257.1	60.0	500.0	8.039934903380212
1	294.0	287.6	48.0	500.0	8.027007629514486
1	289.5	289.0	32.0	500.0	8.04845263916345
1	303.0	324.9	82.0	500.0	8.0266212771991
1	202.0	208.0	83.0	500.0	8.029655713661878
1	220.0	211.4	49.0	384.0	8.001998541613078
1	275.0	275.3	82.0	500.0	7.995662292755569
1	279.5	275.2	29.0	500.0	7.988307566112408
1	263.0	251.6	108.0	500.0	7.989646720972242
1	322.0	293.2	35.0	500.0	7.987140224913987
1	181.5	213.3	75.0	500.0	7.96605373418384
1	179.5	248.7	86.0	500.0	7.9507147113965795
1	213.5	288.4	115.0	500.0	7.9459005681722275
1	283.5	274.6	130.0	500.0	7.9333040783641
1	226.0	255.2	85.0	500.0	7.928360306264642
1	165.0	156.7	61.0	239.0	7.92589261204035
1	220.5	241.6	105.0	500.0	7.938754535493408
1	176.0	178.2	86.0	274.0	7.912489258180644
1	261.0	261.9	109.0	500.0	7.917496096832426
1	150.0	187.9	65.0	500.0	7.916749241779656
1	194.0	194.6	30.0	456.0	7.896067353398501
1	209.5	209.8	54.0	380.0	7.882466645964793
1	144.5	209.1	47.0	500.0	7.871759959610652
1	198.0	258.7	125.0	500.0	7.869160745698262
1	201.0	204.9	40.0	368.0	7.861512922625058
1	291.0	295.2	93.0	439.0	7.860139699498874
1	179.5	179.0	51.0	304.0	7.857417132828106
1	183.5	226.3	70.0	500.0	7.843520062389582
1	254.0	266.7	89.0	500.0	7.8434892991411065
1	217.0	251.8	50.0	483.0	7.849938756486242
1	247.0	247.3	92.0	415.0	7.8617876916077165
1	213.5	221.9	60.0	500.0	7.881746706470481
1	318.0	323.1	55.0	500.0	7.895612298727273
1	236.0	240.0	89.0	403.0	7.901766657430541
1	209.0	220.7	65.0	495.0	7.9075973437482325
1	217.0	219.1	115.0	374.0	7.912356810708447
1	247.0	248.9	100.0	434.0	7.924533013098878
1	243.0	283.6	119.0	479.0	7.920254071501912
1	228.5	276.8	124.0	500.0	7.920818271713726
1	197.5	225.8	64.0	416.0	7.9364790660327165
1	146.0	166.4	74.0	358.0	7.934150059421852
1	182.0	190.4	74.0	339.0	7.91951011498114
1	131.0	171.9	52.0	383.0	7.919829327580988
1	213.0	232.4	89.0	350.0	7.919084914066659
1	243.0	286.6	160.0	500.0	7.925753840269972
1	193.0	228.8	114.0	492.0	7.926853535862042
1	147.5	161.6	55.0	305.0	7.904419422614159
1	238.0	250.3	70.0	500.0	7.898734374754384
1	249.0	264.4	44.0	500.0	7.897586286095799
1	362.0	329.3	114.0	500.0	7.911145023065282
1	208.5	233.9	104.0	465.0	7.916682045179149
1	283.5	260.2	95.0	389.0	7.914289013322609
1	163.5	221.6	79.0	466.0	7.905935687799503
1	218.0	246.3	104.0	500.0	7.926053015139923
1	289.5	258.6	36.0	405.0	7.937777248519487
1	150.5	179.4	99.0	350.0	7.935616177378972
1	224.5	236.5	74.0	500.0	7.918183053154441
1	215.0	216.5	76.0	347.0	7.914309487043188
1	144.5	151.5	35.0	351.0	7.941818681774619
1	259.0	279.4	128.0	492.0	7.9524547108306285
1	163.5	229.1	51.0	500.0	7.949935118718214
1	218.0	247.3	87.0	480.0	7.950904782529636
1	218.5	258.7	127.0	500.0	7.947341535988965
1	147.5	173.4	79.0	315.0	7.949135946503242
1	248.5	276.0	104.0	500.0	7.951883906493147
1	301.5	298.1	150.0	500.0	7.938958246234867
1	340.0	339.9	113.0	500.0	7.9246105347336115
1	227.0	249.6	103.0	402.0	7.923572393051157
1	311.5	304.8	104.0	500.0	7.922492713291368
1	216.5	260.5	59.0	500.0	7.926713979341878
1	295.0	276.2	133.0	456.0	7.927543711779391
1	198.5	206.8	124.0	293.0	7.92858441783041
1	251.0	268.2	118.0	500.0	7.9126717458887805
1	325.0	321.2	104.0	500.0	7.924972717079213
1	247.5	273.9	121.0	500.0	7.9299293936748
1	196.0	228.0	101.0	402.0	7.951267615314686
1	266.5	285.7	125.0	500.0	7.969465373239218
1	185.5	212.1	50.0	477.0	7.961778327793916
1	232.0	235.9	31.0	500.0	7.944470377967753
1	335.0	318.6	58.0	500.0	7.915194257743468
1	255.0	275.4	118.0	500.0	7.926788873682048
1	287.5	282.7	44.0	493.0	7.9155284775467205
1	183.5	236.7	56.0	500.0	7.91301197044637
1	228.5	250.4	18.0	485.0	7.911393198466908
1	258.0	329.2	205.0	500.0	7.904294233937697
1	161.0	249.7	65.0	500.0	7.903102658668346
1	208.5	261.2	127.0	444.0	7.897943520897151
1	197.5	240.2	24.0	493.0	7.88887653654516
1	266.5	248.5	54.0	500.0	7.9051804405266415
1	130.5	154.1	34.0	377.0	7.9199787566652535
1	221.5	231.0	87.0	367.0	7.939251098498223
1	131.0	147.6	72.0	265.0	7.9391903313759
1	218.5	225.0	50.0	459.0	7.929348378647032
1	277.5	307.1	112.0	500.0	7.926518684114231
1	204.0	193.6	55.0	427.0	7.916548135371962
1	230.5	259.7	46.0	500.0	7.91882215948709
1	154.5	190.9	62.0	391.0	7.910654322118282
1	284.0	294.0	145.0	500.0	7.9269962305957415
1	233.5	258.7	104.0	469.0	7.931794981071682
1	200.5	228.0	82.0	500.0	7.9417085556708376
1	204.5	234.1	130.0	426.0	7.925118957725239
1	216.0	278.0	95.0	500.0	7.946921618812486
1	337.0	328.2	92.0	500.0	7.981063701904017
1	244.5	242.6	118.0	500.0	7.9807764254073055
1	295.0	285.7	103.0	482.0	7.965462909547031
1	200.0	221.1	70.0	429.0	7.964949683293351
1	265.0	278.6	50.0	500.0	7.964965250174484
1	208.5	228.4	85.0	457.0	7.9864938138090285
1	234.0	230.7	15.0	387.0	7.990809436620488
1	209.5	197.4	60.0	337.0	7.993981573018836
1	222.0	270.7	75.0	500.0	7.9946099834590605
1	301.0	318.3	119.0	500.0	8.001286615891889
1	168.5	163.5	19.0	332.0	8.0176258240635
1	193.5	233.2	84.0	498.0	8.031707095471122
1	246.5	242.6	171.0	319.0	8.029850258257088
1	331.0	327.2	103.0	500.0	8.036213700276916
1	244.0	234.5	54.0	500.0	8.035992223598909
1	394.0	356.0	84.0	500.0	8.025678418174877
1	295.5	288.0	177.0	485.0	8.02703819149758
1	184.0	216.2	67.0	448.0	8.027408703637846
1	219.0	221.4	59.0	438.0	8.018642931910467
1	153.5	179.4	41.0	387.0	8.006096416819426
1	222.0	248.5	63.0	500.0	7.99942541730156
1	342.0	300.4	31.0	500.0	8.021426582044533
1	164.0	187.1	109.0	325.0	8.011769065419546
1	197.5	228.7	95.0	376.0	8.016264028896561
1	225.5	240.8	87.0	500.0	7.998664023870177
1	198.5	210.0	89.0	366.0	7.995581492484637
1	287.5	260.4	70.0	497.0	8.007781898444458
1	148.5	188.5	56.0	397.0	8.01191770086853
1	259.5	241.3	63.0	366.0	8.03249902812839
1	233.0	254.7	150.0	485.0	8.026629063778982
1	130.5	155.3	63.0	334.0	8.018565487832522
1	170.5	204.7	119.0	399.0	8.033917325894295
1	191.0	241.1	24.0	500.0	8.037229943076111
1	163.5	154.3	29.0	251.0	8.038817580477287
1	177.0	214.1	83.0	456.0	8.052943098106955
1	196.5	218.1	35.0	500.0	8.073265195123247
1	179.0	234.0	78.0	500.0	8.05297404222341
1	152.5	198.9	34.0	456.0	8.044599105115918
1	271.0	252.8	100.0	381.0	8.02995456889769
1	187.5	213.1	40.0	500.0	8.031862707932468
1	266.0	305.8	171.0	500.0	8.026883512548679
1	141.0	204.9	76.0	431.0	8.021465721910028
1	191.5	233.8	104.0	500.0	8.037597897293615
1	134.0	179.8	66.0	370.0	8.021373294578627
1	207.0	199.9	123.0	311.0	8.046871194881875
1	143.5	178.6	55.0	500.0	8.03766103967615
1	233.0	223.1	52.0	459.0	8.04018736254807
1	215.5	261.4	63.0	487.0	8.040513069499363
1	204.0	204.6	36.0	500.0	8.046822684844782
1	373.5	332.7	68.0	500.0	8.010262503165318
1	225.0	257.8	86.0	500.0	8.013010683996
1	194.5	215.5	26.0	500.0	8.010509187721086
1	263.0	299.2	65.0	500.0	8.005103277417762
1	171.5	198.2	21.0	342.0	8.01875738241463
1	249.5	269.9	116.0	500.0	8.013508834980305
1	174.5	197.5	42.0	320.0	8.022880054195886
1	207.5	195.0	76.0	322.0	8.021106460053726
1	185.5	172.6	72.0	302.0	8.029789103343525
1	163.5	154.7	49.0	253.0	8.041202260679134
1	156.0	157.7	28.0	263.0	8.041039582583961
1	150.0	159.9	57.0	318.0	8.044946505281702
1	135.5	183.5	63.0	500.0	8.04485309894846
1	167.0	145.8	12.0	269.0	8.044850614888208
1	154.5	176.2	42.0	401.0	8.035156759893887
1	134.5	120.9	10.0	212.0	8.031348519890802
1	153.5	160.3	18.0	368.0	8.010123267628533
1	140.5	183.7	66.0	480.0	8.006703558611548
1	192.5	182.0	21.0	344.0	8.001242566467035
1	195.5	227.9	65.0	446.0	7.9936354143667385
1	146.5	170.3	23.0	413.0	7.984046713997536
1	165.5	177.7	18.0	438.0	7.963414136797389
1	135.5	154.1	24.0	315.0	7.964661463188638
1	183.0	221.1	99.0	500.0	7.960456300742891
1	138.5	149.1	61.0	342.0	7.964217113155616
1	146.5	163.9	63.0	290.0	7.949514667525337
1	123.5	162.5	65.0	371.0	7.949820302922389
1	115.5	128.2	71.0	258.0	7.93944668797302
1	113.5	145.5	23.0	397.0	7.925899523457901
1	141.5	131.8	37.0	182.0	7.9283216983496105
1	162.0	169.5	122.0	237.0	7.930326439391333
1	120.0	114.2	34.0	203.0	7.943326524470475
1	98.5	112.6	45.0	287.0	7.94112700907496
1	115.5	136.7	16.0	285.0	7.924069140191242
1	154.5	159.9	44.0	302.0	7.915874199499306
1	126.5	142.6	52.0	262.0	7.910656847458979
1	177.5	179.1	89.0	292.0	7.92376807917622
1	124.5	113.9	38.0	227.0	7.930270710329147
1	73.0	117.0	19.0	282.0	7.92447013132395
1	136.0	138.3	47.0	243.0	7.9304522198484735
1	113.0	114.2	58.0	165.0	7.928903319864266
1	101.5	112.7	15.0	222.0	7.919092366201874
1	167.0	177.5	67.0	402.0	7.898122245793992
1	99.0	104.7	17.0	215.0	7.908362421268563
1	158.5	175.6	61.0	336.0	7.905815764546697
1	165.0	174.4	50.0	312.0	7.896982135611654
1	139.0	158.7	59.0	307.0	7.90929162154399
1	96.0	102.4	41.0	201.0	7.915119593757687
1	154.0	176.6	75.0	283.0	7.899800794783843
1	104.0	133.6	13.0	319.0	7.916153256508803
1	129.0	135.7	52.0	236.0	7.895379743400869
1	217.5	199.2	38.0	289.0	7.894022581673249
1	125.0	121.0	21.0	224.0	7.876266594736606
1	137.5	192.2	73.0	447.0	7.863109165764478
1	130.0	138.0	50.0	302.0	7.86126341025244
1	131.0	144.9	66.0	294.0	7.882992567749368
1	174.0	190.1	64.0	369.0	7.880038393354638
1	188.5	192.7	101.0	304.0	7.888448053535836
1	147.5	168.5	13.0	361.0	7.884975467474667
1	257.5	264.4	32.0	500.0	7.882503785437465
1	102.5	112.0	53.0	241.0	7.867113903456733
1	143.0	147.0	22.0	318.0	7.855934956524964
1	160.0	187.3	33.0	321.0	7.859329663565162
1	146.0	151.2	33.0	284.0	7.858969832513797
1	218.0	216.9	25.0	391.0	7.8687072967982585
1	171.5	199.1	90.0	354.0	7.867097088981123
1	136.0	191.0	81.0	500.0	7.866655021952261
1	230.5	202.4	57.0	394.0	7.855185048263444
1	119.0	127.9	38.0	283.0	7.840576839156348
1	153.0	179.7	18.0	500.0	7.835144651676639
1	227.5	219.3	126.0	312.0	7.832492461776405
1	118.0	133.6	54.0	299.0	7.845768949321229
1	116.5	141.6	68.0	343.0	7.834606667121474
1	136.0	149.7	54.0	376.0	7.826225579727332
1	167.0	177.7	70.0	326.0	7.826573089552823
1	117.5	164.2	68.0	500.0	7.829107370117165
1	182.0	195.0	27.0	432.0	7.8352242856851175
1	194.0	177.2	29.0	328.0	7.832444153142819
1	109.5	135.2	57.0	344.0	7.837163383072403
1	183.5	174.0	69.0	308.0	7.842582279885671
1	153.0	178.3	88.0	348.0	7.843856197876984
1	148.5	157.1	86.0	275.0	7.836785642903168
1	164.0	169.9	59.0	311.0	7.840692637139944
1	146.0	134.5	41.0	273.0	7.837355990958669
1	80.5	123.6	24.0	395.0	7.83536322523573
1	116.0	174.9	61.0	495.0	7.825908739353936
1	152.5	195.1	37.0	382.0	7.824786425798901
1	101.0	129.9	41.0	367.0	7.8412465177838
1	110.5	152.3	48.0	355.0	7.847860906744685
1	124.5	187.3	24.0	440.0	7.851833884611446
1	92.0	125.4	52.0	429.0	7.871010509517344
1	168.0	159.6	25.0	323.0	7.884186915133942
1	168.5	217.7	93.0	500.0	7.880048684339801
1	175.0	176.9	83.0	360.0	7.882605125748168
1	108.5	155.0	38.0	355.0	7.911497955425168
1	96.5	98.9	65.0	137.0	7.905906829728412
1	153.5	140.5	35.0	230.0	7.911680641762332
1	130.0	154.8	30.0	277.0	7.907959587146062
1	129.5	162.6	25.0	357.0	7.898562217009625
1	158.5	162.4	41.0	425.0	7.894654346694568
1	105.5	132.5	28.0	271.0	7.889951607903445
1	165.0	165.4	56.0	255.0	7.909240602967441
1	121.0	136.9	42.0	358.0	7.897746103000357
1	173.5	171.2	63.0	413.0	7.917285057235895
1	136.5	158.5	41.0	427.0	7.936661056916034
1	222.0	219.8	70.0	467.0	7.9528138191365745
1	148.5	160.0	39.0	263.0	7.950873127273971
1	161.5	203.4	77.0	426.0	7.971906386461299
1	168.5	178.0	20.0	407.0	7.986954391481975
1	211.5	220.9	40.0	500.0	7.993725955945081
1	120.5	167.3	55.0	387.0	7.988418583703914
1	183.5	198.1	35.0	500.0	7.981053455690291
1	71.5	115.1	24.0	267.0	7.98697764901339
1	129.0	163.2	58.0	353.0	7.993894159984969
1	187.0	222.7	138.0	450.0	7.982221834538155
1	99.5	103.3	29.0	189.0	7.9703465144083845
1	117.5	128.4	48.0	247.0	7.97496537994155
1	171.5	180.5	55.0	326.0	7.96990230608135
1	168.5	165.4	16.0	400.0	7.97580392760412
1	143.0	166.7	27.0	500.0	7.974291368440542
1	129.0	137.1	56.0	203.0	7.969055965036746
1	166.0	212.2	98.0	415.0	7.983402748135563
1	108.0	107.5	14.0	217.0	7.983942878905671
1	120.0	130.6	41.0	243.0	7.961216740983962
1	235.0	246.7	24.0	498.0	7.97573592398998
1	192.5	241.1	31.0	500.0	7.963483925414389
1	158.5	162.0	19.0	327.0	7.968852200542287
1	144.5	178.7	20.0	353.0	7.974843668375967
1	77.5	117.2	21.0	280.0	7.948897466817232
1	133.0	159.9	22.0	482.0	7.957304093989239
1	125.5	120.7	14.0	287.0	7.96027499274667
1	134.0	176.7	35.0	447.0	7.949806333318478
1	194.5	194.8	48.0	313.0	7.9569488178821555
1	183.0	226.5	83.0	434.0	7.96420483465356
1	242.0	207.9	47.0	366.0	7.957499444430377
1	166.5	195.8	53.0	476.0	7.961777291945069
1	157.5	204.7	30.0	500.0	7.963741176601598
1	127.5	153.5	70.0	267.0	7.977654423108043
1	185.0	181.4	47.0	357.0	7.975632089513082
1	121.5	186.4	62.0	500.0	7.993448449207941
1	189.0	204.5	60.0	404.0	8.010877536053933
1	178.5	181.4	33.0	310.0	8.011445373537013
1	196.5	229.7	56.0	500.0	8.010667841703299
1	194.5	248.5	88.0	500.0	8.047686320043601
1	144.5	210.6	21.0	500.0	8.056889746320183
1	199.0	210.4	74.0	374.0	8.06754308784547
1	173.0	185.5	21.0	500.0	8.067699408653912
1	121.5	122.8	35.0	235.0	8.04999588579684
1	103.5	143.5	47.0	494.0	8.040562999411675
1	194.5	204.8	63.0	500.0	8.051192151457615
1	165.5	191.8	58.0	500.0	8.068170181281129
1	213.0	267.5	50.0	460.0	8.09126327257277
1	119.0	154.9	15.0	454.0	8.1159582545606
1	193.0	205.3	91.0	333.0	8.089645096227231
1	161.5	193.8	34.0	487.0	8.077467548721794
1	167.5	210.4	130.0	500.0	8.060083169831644
1	246.5	253.9	127.0	500.0	8.066543037299986
1	179.0	205.8	23.0	428.0	8.06970016398877
1	206.0	215.0	78.0	469.0	8.074959692970411
1	193.0	165.5	32.0	250.0	8.089772136768493
1	255.5	251.5	134.0	372.0	8.103885454932497
1	242.0	274.3	87.0	500.0	8.093046027285858
1	193.0	175.6	31.0	279.0	8.072804366196033
1	202.5	221.7	92.0	500.0	8.09085084575635
1	173.5	165.0	54.0	276.0	8.107934429796053
1	148.0	188.5	109.0	379.0	8.096105325083656
1	251.5	223.9	94.0	351.0	8.082254508547992
