	78.0
	59.0
	100.0
	70.0
	27.0
	177.0
	147.0
	84.0
	89.0
	94.0
	35.0
	53.0
	104.0
	144.0
	124.0
	88.0
	90.0
	90.0
	65.0
	62.0
	138.0
	48.0
	135.0
	307.0
	117.0
	87.0
	136.0
	65.0
	69.0
	120.0
	73.0
	140.0
	72.0
	108.0
	127.0
	116.0
	172.0
	124.0
	176.0
	111.0
	73.0
	131.0
	98.0
	114.0
	78.0
	84.0
	20.0
	162.0
	28.0
	95.0
	78.0
	107.0
	101.0
	73.0
	109.0
	193.0
	255.0
	90.0
	66.0
	72.0
	82.0
	95.0
	138.0
	113.0
	60.0
	18.0
	27.0
	110.0
	179.0
	65.0
	111.0
	175.0
	104.0
	119.0
	124.0
	188.0
	87.0
	160.0
	24.0
	166.0
	225.0
	164.0
	211.0
	162.0
	118.0
	105.0
	314.0
	94.0
	105.0
	148.0
	181.0
	89.0
	231.0
	98.0
	176.0
	123.0
	185.0
	121.0
	123.0
	133.0
	95.0
	113.0
	45.0
	109.0
	34.0
	77.0
	91.0
	156.0
	86.0
	89.0
	55.0
	136.0
	51.0
	156.0
	102.0
	69.0
	110.0
	100.0
	115.0
	104.0
	139.0
	164.0
	159.0
	117.0
	226.0
	185.0
	119.0
	122.0
	127.0
	134.0
	111.0
	134.0
	141.0
	243.0
	88.0
	121.0
	176.0
	83.0
	162.0
	353.0
	77.0
	93.0
	37.0
	95.0
	102.0
	184.0
	129.0
	125.0
	128.0
	119.0
	178.0
	64.0
	56.0
	113.0
	42.0
	216.0
	213.0
	130.0
	165.0
	139.0
	140.0
	283.0
	92.0
	29.0
	118.0
	94.0
	222.0
	148.0
	167.0
	122.0
	210.0
	224.0
	82.0
	132.0
	55.0
	149.0
	209.0
	124.0
	99.0
	154.0
	183.0
	254.0
	146.0
	35.0
	81.0
	73.0
	73.0
	124.0
	143.0
	81.0
	175.0
	39.0
	150.0
	81.0
	100.0
	104.0
	65.0
	204.0
	186.0
	110.0
	159.0
	122.0
	129.0
	265.0
	53.0
	156.0
	166.0
	185.0
	142.0
	155.0
	23.0
	106.0
	80.0
	100.0
	131.0
	138.0
	66.0
	184.0
	201.0
	211.0
	110.0
	253.0
	145.0
	239.0
	169.0
	235.0
	265.0
	140.0
	67.0
	165.0
	222.0
	163.0
	135.0
	133.0
	229.0
	17.0
	145.0
	33.0
	129.0
	309.0
	109.0
	61.0
	160.0
	218.0
	35.0
	108.0
	130.0
	73.0
	161.0
	15.0
	136.0
	165.0
	240.0
	75.0
	78.0
	273.0
	177.0
	110.0
	141.0
	128.0
	15.0
	136.0
	115.0
	246.0
	78.0
	13.0
	286.0
	140.0
	115.0
	100.0
	120.0
	94.0
	278.0
	57.0
	312.0
	225.0
	84.0
	52.0
	78.0
	107.0
	12.0
	88.0
	92.0
	130.0
	133.0
	180.0
	131.0
	178.0
	265.0
	234.0
	84.0
	33.0
	160.0
	198.0
	104.0
	113.0
	263.0
	160.0
	122.0
	95.0
	116.0
	156.0
	129.0
	18.0
	28.0
	113.0
	45.0
	245.0
	266.0
	159.0
	282.0
	282.0
