	14.0
	56.0
	14.0
	12.0
	9.0
	25.0
	22.0
	23.0
	13.0
	30.0
	23.0
	18.0
	21.0
	29.0
	24.0
	40.0
	10.0
	9.0
	28.0
	25.0
	48.0
	29.0
	21.0
	39.0
	51.0
	27.0
	42.0
	19.0
	22.0
	31.0
	20.0
	19.0
	33.0
	44.0
	12.0
	55.0
	34.0
	34.0
	54.0
	40.0
	32.0
	30.0
	16.0
	28.0
	50.0
	36.0
	14.0
	28.0
	52.0
	29.0
	22.0
	38.0
	37.0
	33.0
	39.0
	19.0
	40.0
	17.0
	44.0
	32.0
	37.0
	65.0
	37.0
	23.0
	62.0
	87.0
	52.0
	50.0
	32.0
	41.0
	50.0
	29.0
	29.0
	39.0
	17.0
	54.0
	79.0
	102.0
	47.0
	24.0
	31.0
	63.0
	47.0
	60.0
	41.0
	37.0
	42.0
	41.0
	14.0
	49.0
	59.0
	55.0
	34.0
	51.0
	28.0
	80.0
	26.0
	49.0
	52.0
	58.0
	108.0
	58.0
	28.0
	45.0
	92.0
	79.0
	99.0
	38.0
	34.0
	51.0
	33.0
	59.0
	28.0
	23.0
	73.0
	43.0
	33.0
	53.0
	115.0
	9.0
	72.0
	38.0
	72.0
	22.0
	49.0
	27.0
	68.0
	70.0
	52.0
	35.0
	20.0
	89.0
	40.0
	46.0
	29.0
	28.0
	36.0
	52.0
	64.0
	69.0
	41.0
	31.0
	54.0
	38.0
	67.0
	74.0
	62.0
	117.0
	38.0
	41.0
	31.0
	54.0
	54.0
	147.0
	34.0
	94.0
	52.0
	58.0
	66.0
	57.0
	22.0
	30.0
	86.0
	84.0
	108.0
	123.0
	28.0
	86.0
	64.0
	31.0
	41.0
	62.0
	38.0
	95.0
	49.0
	115.0
	67.0
	46.0
	29.0
	105.0
	63.0
	62.0
	22.0
	28.0
	66.0
	22.0
	54.0
	42.0
	72.0
	161.0
	99.0
	45.0
	55.0
	23.0
	114.0
	49.0
	96.0
	36.0
	79.0
	53.0
	111.0
	47.0
	59.0
	56.0
	63.0
	86.0
	130.0
