5	18.7	21.2	14.8	34.0	8.442108531839551
5	19.8	21.359999999999996	13.2	31.2	8.456429723630606
5	22.0	24.96	17.2	40.4	8.457808012021395
5	24.6	23.759999999999998	17.4	29.2	8.455890024127083
5	20.9	20.8	15.2	26.8	8.46728553475424
5	25.2	25.18	18.8	31.0	8.478526501468176
5	21.7	22.12	17.0	27.8	8.48755848396382
5	24.5	23.26	13.4	32.2	8.489871168375617
5	27.2	25.939999999999998	15.0	35.4	8.485762646922389
5	21.700000000000003	22.240000000000002	16.0	32.2	8.481507548749184
5	25.9	24.419999999999998	15.6	32.8	8.482526442330764
5	30.9	30.28	19.4	40.2	8.473944423483863
5	25.0	25.240000000000002	18.0	39.2	8.472279863595235
5	30.5	31.919999999999998	16.0	47.2	8.469313868906626
5	29.3	31.02	17.2	44.2	8.462410523001925
5	31.6	31.699999999999996	23.4	37.6	8.467339356603068
5	35.2	33.279999999999994	17.8	50.6	8.480742602858632
5	33.2	34.6	23.8	50.0	8.47340229498095
5	28.0	29.9	22.8	44.0	8.469616511465054
5	27.3	28.620000000000005	23.6	41.0	8.464838160662582
5	29.2	30.24	21.0	38.0	8.476841862947746
5	31.1	32.660000000000004	18.6	58.4	8.477978238840732
5	28.0	28.78	23.0	37.4	8.483960430335307
5	30.1	31.139999999999997	20.6	42.0	8.49140043042408
5	31.6	32.16	27.4	44.4	8.487341552323773
5	39.5	37.46	26.0	45.8	8.488197972220155
5	31.799999999999997	31.02	19.8	38.4	8.493767554058465
5	36.900000000000006	38.400000000000006	32.8	46.8	8.488680837482951
5	32.1	33.02	24.8	45.4	8.491795612251584
5	31.5	30.440000000000005	22.2	38.8	8.494178691871959
5	31.4	34.44	24.8	56.4	8.489160999230078
5	37.1	36.06	25.6	41.2	8.489400353604033
5	36.3	36.60000000000001	25.6	45.6	8.495506143007006
5	38.5	36.32	22.8	45.0	8.49453309946602
5	35.4	34.760000000000005	25.6	43.2	8.491346470442041
5	37.5	36.4	25.2	46.0	8.498033484723063
5	35.9	38.42	30.0	53.4	8.502912955860705
5	40.8	44.18	32.8	59.8	8.50505358205502
5	38.8	40.559999999999995	27.6	56.8	8.507455936129324
5	39.1	38.82	26.4	50.4	8.511011510909983
5	36.5	37.56	26.6	56.2	8.516031840231237
5	38.1	38.64	27.2	49.8	8.523234325536755
5	41.2	44.980000000000004	30.2	67.4	8.523326649056907
5	38.3	38.34	28.8	53.8	8.517782575050854
5	36.3	38.14	21.8	63.8	8.522981201706996
5	43.599999999999994	43.0	27.4	54.0	8.525677699792306
5	42.4	46.36	30.4	66.0	8.536692397329885
5	43.099999999999994	45.94	34.0	59.0	8.543035436442585
5	43.8	42.8	29.0	60.0	8.549760063028238
5	47.0	45.67999999999999	29.6	62.2	8.55466041075143
5	42.7	43.96	31.0	61.4	8.55382226116968
5	42.8	42.82	33.8	50.4	8.553220007445585
5	43.3	40.6	28.2	47.8	8.554146423260175
5	38.0	40.78	25.8	53.6	8.555471797151412
5	37.9	38.12	32.8	45.4	8.554977043143374
5	36.9	38.32	22.6	56.4	8.558163528985506
5	34.3	36.86	29.2	53.2	8.550689311440886
5	45.099999999999994	42.9	32.8	48.2	8.554834360059271
5	36.8	39.8	29.6	67.8	8.550391809717928
5	38.2	38.199999999999996	30.8	46.0	8.547736426637899
5	37.1	43.12	23.6	64.4	8.543855317047623
5	39.7	41.059999999999995	29.8	61.0	8.551459648224265
5	40.1	40.4	31.6	54.4	8.542836642603543
5	43.599999999999994	45.62	37.8	62.4	8.54220019741278
5	42.3	44.49999999999999	29.2	63.4	8.543986151237872
5	42.2	44.86	31.8	65.0	8.541993145186837
5	41.7	43.67999999999999	28.4	70.0	8.546442049663755
5	40.400000000000006	41.959999999999994	34.4	57.6	8.54284682734292
5	47.2	46.739999999999995	28.8	61.8	8.548226497082617
5	49.5	47.6	25.6	61.0	8.547027325315751
5	37.400000000000006	38.739999999999995	25.0	57.4	8.553633570963253
5	43.900000000000006	46.74	33.4	70.2	8.562372680412253
5	42.400000000000006	43.72	33.2	66.8	8.57030327541471
5	50.6	48.82	28.0	73.4	8.5717427307787
5	49.1	53.14	30.6	88.8	8.56871867290976
5	44.3	45.62	31.8	59.4	8.568961561997863
5	51.7	54.44000000000001	37.2	79.2	8.582434282536079
5	39.6	41.68	26.6	60.4	8.582588202131713
5	41.3	48.85999999999999	34.2	87.8	8.587485520729297
5	41.7	41.019999999999996	31.4	52.6	8.587844744807576
5	42.7	45.739999999999995	36.8	61.8	8.591280255573507
5	53.5	52.239999999999995	31.8	79.0	8.590414293027914
5	47.0	49.239999999999995	34.4	75.6	8.58655678835339
5	52.0	52.739999999999995	33.4	80.8	8.592138938764174
5	50.0	51.92	32.2	100.6	8.591486438652854
5	53.9	53.58	36.2	76.2	8.605212054661191
5	45.099999999999994	47.6	32.2	65.4	8.606645660140806
5	53.3	58.999999999999986	29.2	110.0	8.611791335846803
5	53.599999999999994	53.3	32.6	74.8	8.608645371492939
5	60.8	55.779999999999994	32.4	71.6	8.605534781372466
5	63.2	62.6	35.4	102.6	8.610281833623493
5	57.3	58.120000000000005	38.8	76.0	8.614986008795736
5	44.7	49.54	35.2	76.6	8.609288146497141
5	49.900000000000006	51.160000000000004	39.2	60.6	8.607208589367032
5	49.6	55.46	37.8	91.0	8.610787384910557
5	59.599999999999994	59.44	36.2	77.2	8.6146362189515
5	58.8	61.86	46.8	84.2	8.61424436298486
5	58.099999999999994	62.32000000000001	33.4	105.2	8.626429849329128
5	63.800000000000004	64.0	39.4	80.0	8.626255583183019
5	61.1	75.48	39.6	147.4	8.61614223692748
5	58.8	78.41999999999999	34.6	168.6	8.632707787430679
5	67.2	71.03999999999999	32.6	104.0	8.637193927340585
5	81.7	75.62	40.8	98.0	8.636690403119136
5	87.30000000000001	89.38000000000001	61.8	130.4	8.637415803131015
5	85.30000000000001	82.2	62.4	90.6	8.630910764167155
5	79.6	77.52	49.4	110.6	8.627930331103254
5	67.0	66.20000000000002	50.4	102.8	8.622868777557532
5	83.4	79.28	40.8	118.6	8.61607613913794
5	89.9	91.11999999999998	39.4	132.2	8.60530657398506
5	66.3	74.44	47.8	138.8	8.592220111627256
5	102.30000000000001	105.11999999999998	46.0	169.4	8.596058938769353
5	81.9	91.16	53.2	176.6	8.585106378148769
5	97.9	97.97999999999999	49.4	160.4	8.600047072918857
5	84.6	99.1	40.4	220.4	8.588382368849894
5	100.1	97.60000000000001	33.2	158.2	8.586919962122614
5	135.5	129.83999999999997	58.2	192.8	8.593663440158528
5	97.3	99.11999999999999	48.4	170.2	8.589912131694385
5	105.7	113.36000000000001	62.8	181.2	8.592632860392738
5	141.8	136.22	60.4	177.4	8.604142704923442
5	139.1	146.73999999999998	62.6	268.0	8.58773607403411
5	125.7	131.94000000000003	68.2	223.6	8.575864578320802
5	132.39999999999998	134.78	90.0	229.2	8.575220212821044
5	152.4	162.02000000000004	84.4	267.4	8.572819961920521
5	124.6	135.32	103.0	192.2	8.57605878789681
5	108.4	117.85999999999999	52.2	184.6	8.570678091450526
5	110.0	122.34	83.0	195.2	8.566825885531557
5	125.4	129.23999999999998	62.6	236.4	8.58440341121583
5	130.0	139.66000000000003	43.8	274.6	8.576279785522107
5	122.3	133.21999999999997	95.2	191.8	8.587233867750212
5	147.8	152.32	74.4	231.2	8.594023542036927
5	148.10000000000002	140.5	73.8	209.8	8.599862511045979
5	131.8	135.84	60.4	231.0	8.59735590704385
5	130.4	135.70000000000002	38.2	234.4	8.595042366170844
5	162.0	177.71999999999997	83.0	347.0	8.594593360230071
5	148.60000000000002	150.7	89.6	237.6	8.601480818653618
5	151.39999999999998	172.85999999999999	85.6	258.8	8.601014297093883
5	90.0	112.66000000000001	62.2	219.8	8.608026608077173
5	142.8	139.54000000000002	63.4	213.4	8.604260436712797
5	146.5	152.47999999999996	95.4	220.0	8.612401493062869
5	138.1	132.0	85.0	178.4	8.602189436483487
5	161.7	165.06	86.2	299.8	8.598915927483452
5	139.5	150.44	57.4	284.0	8.598479200214754
5	201.9	187.06	47.8	263.0	8.589579246923348
5	127.8	162.26	90.4	342.2	8.579857363217297
5	189.7	197.36	140.0	295.8	8.580760489873079
5	146.0	153.9	65.8	221.6	8.588516325499759
5	159.8	184.26	101.2	287.0	8.583000141159454
5	196.8	199.66000000000003	108.0	272.4	8.586731293785935
5	181.4	204.94	93.8	355.8	8.586740796569973
5	195.0	215.92000000000002	149.4	368.8	8.590270447927793
5	219.3	211.9	117.8	314.0	8.591072502029629
5	235.0	238.98000000000002	140.6	317.2	8.590030068503019
5	208.5	198.28	93.0	319.8	8.59422224060101
5	237.0	225.7	94.4	401.8	8.606558272878166
5	279.20000000000005	263.56000000000006	189.2	325.0	8.61360797239886
5	252.79999999999998	245.93999999999997	140.0	346.0	8.620180874298354
5	257.2	262.69999999999993	160.0	352.8	8.6204213594273
5	292.3	278.64	192.0	347.0	8.61979549222298
5	283.20000000000005	276.96	211.0	330.2	8.623112994592372
5	261.9	249.56000000000003	103.0	368.0	8.633337994183849
5	252.1	248.5	123.2	381.2	8.646166247162586
5	236.8	255.85999999999999	171.8	370.6	8.656080454783059
5	281.3	273.94000000000005	187.8	330.0	8.660876755871588
5	245.8	266.55999999999995	100.4	379.0	8.662377583790681
5	271.5	296.34000000000003	192.4	443.4	8.668780500467488
5	341.4	329.64	177.2	402.2	8.668333634120035
5	315.0	305.02000000000004	180.6	401.8	8.68175735417922
5	324.9	327.78000000000003	255.2	392.8	8.677864411537763
5	313.5	293.04	164.8	414.8	8.668498052857252
5	260.9	295.14	210.8	412.0	8.665014998992792
5	293.4	276.6	135.2	403.2	8.672942934237263
5	279.5	280.54	198.6	369.4	8.682206814022647
5	284.9	283.08000000000004	198.2	383.6	8.665698381997311
5	328.6	319.04	210.8	381.6	8.650730032941391
5	280.3	295.78000000000003	196.4	398.0	8.646319263225845
5	307.1	306.24	213.6	407.4	8.648064259087482
5	315.0	321.71999999999997	199.2	413.8	8.644860377981354
5	334.5	319.08	179.0	409.2	8.64010888358126
5	296.0	292.78000000000003	151.2	409.8	8.63911847780116
5	313.0	306.42	237.4	398.8	8.64705244689507
5	355.79999999999995	335.86	196.8	410.4	8.646352419977129
5	327.5	321.5	208.8	438.4	8.658670446465614
5	323.5	332.18	232.6	406.6	8.658415694367163
5	372.9	347.1	173.0	437.0	8.655532084781877
5	313.29999999999995	315.21999999999997	175.8	413.0	8.649997540593967
5	316.4	314.18000000000006	232.8	402.4	8.656620570638237
5	341.4	334.88	252.4	411.0	8.646883048213983
5	373.9	352.58000000000004	230.4	413.2	8.659519618427034
5	316.4	306.74	203.6	388.4	8.67435220302127
5	325.9	310.91999999999996	180.0	415.0	8.683121943430372
5	338.2	327.62	198.0	410.4	8.701427718493372
5	297.1	311.67999999999995	253.0	402.6	8.698424403287774
5	318.20000000000005	293.84	134.2	410.8	8.684322764019173
5	296.3	288.30000000000007	132.4	403.6	8.690538243909204
5	339.20000000000005	330.78	218.8	396.2	8.684374255983556
5	330.7	343.6	275.8	405.8	8.692279724846935
5	378.6	344.9	191.0	408.6	8.677938426133398
5	321.1	310.92	182.4	403.6	8.6662093135163
5	340.3	313.52000000000004	112.2	411.0	8.668634899614418
5	376.2	365.67999999999995	267.2	452.0	8.668915508052258
5	344.1	345.36	257.8	411.0	8.666142046093958
5	321.6	332.65999999999997	236.2	418.2	8.67106742090558
5	321.6	325.74000000000007	255.8	408.6	8.660015700192114
5	366.29999999999995	340.78	134.0	425.8	8.656704177729393
5	371.79999999999995	365.32000000000005	306.4	419.4	8.660636943189465
5	314.6	313.3	176.2	412.4	8.66741429003592
5	393.6	377.48	288.4	461.4	8.667822097790799
5	346.2	340.6	204.6	398.4	8.662461610951599
5	382.3	365.86	264.0	419.0	8.65840487523318
5	367.4	354.78000000000003	229.2	409.6	8.653725327295504
5	352.8	352.19999999999993	254.4	440.6	8.634492029562828
5	338.4	347.08000000000004	273.2	430.4	8.637886559382938
5	367.79999999999995	362.71999999999997	222.0	500.0	8.624467833416015
5	402.3	371.71999999999997	267.8	460.6	8.618155005084375
5	340.3	355.08000000000004	282.6	477.8	8.620594825194075
5	373.5	363.9	310.0	411.2	8.621454907846045
5	399.70000000000005	376.02	259.2	436.2	8.610075359218294
5	352.5	335.06	134.4	412.8	8.614427473421934
5	364.4	350.43999999999994	224.0	413.2	8.612147110290797
5	383.8	366.92	272.0	411.8	8.605120618816942
5	399.0	372.04	266.8	411.6	8.605014992215414
5	345.79999999999995	353.03999999999996	230.4	459.2	8.602090821924346
5	363.5	358.41999999999996	277.2	409.4	8.608341832293062
5	314.3	301.75999999999993	193.6	395.0	8.605724353585881
5	336.8	341.62	273.2	420.4	8.601299343483252
5	305.6	294.35999999999996	183.0	367.6	8.592496410510467
5	382.0	371.65999999999997	326.8	410.0	8.588221003996523
5	331.0	336.14	281.8	403.6	8.575974702123032
5	373.4	366.44	294.8	424.4	8.576850808928262
5	370.1	364.8	312.0	418.0	8.572567991240742
5	342.9	323.56	181.4	409.6	8.584112831869108
5	310.1	310.74	166.4	409.2	8.586386425838167
5	388.6	369.24	248.6	422.0	8.602314073984275
5	358.3	350.32000000000005	236.2	433.4	8.59750168018598
5	380.29999999999995	366.74	198.0	464.8	8.60740887437936
5	333.2	318.38	235.0	382.2	8.602639674878544
5	319.3	313.12	170.2	390.4	8.606228825241711
5	380.7	387.44	307.0	456.6	8.600420272389968
5	356.2	348.05999999999995	232.2	416.2	8.602584000215453
5	310.1	335.94000000000005	239.2	475.6	8.615892287081941
5	312.1	315.76	166.8	500.0	8.603540647579138
5	351.9	328.25999999999993	136.8	425.0	8.60037742049857
5	303.6	299.36	214.6	361.2	8.607918542855701
5	311.1	319.28000000000003	223.4	445.6	8.597321512173187
5	406.1	382.4599999999999	281.4	420.0	8.59398803345919
5	411.4	380.22	204.2	436.6	8.57906696821896
5	355.6	345.22	260.0	410.8	8.578275279543883
5	411.1	391.12	281.6	464.4	8.574215136048705
5	345.7	343.17999999999995	229.2	418.0	8.566113536580149
5	386.0	369.98	248.4	450.2	8.565850936521283
5	375.5	357.78000000000003	239.2	413.4	8.571084548376579
5	356.9	354.93999999999994	214.6	417.0	8.57065862044674
5	395.20000000000005	408.6	348.4	500.0	8.564327274356211
5	408.3	401.93999999999994	308.4	500.0	8.569748599766845
5	408.6	405.36	361.8	446.8	8.5727199030907
5	371.20000000000005	361.52	216.6	500.0	8.578998603125289
5	405.5	393.7800000000001	322.8	472.0	8.580189745888804
5	407.1	401.32	325.0	475.6	8.571930829352311
5	355.4	346.2	244.6	409.0	8.575279996656336
5	399.0	388.3	209.8	472.4	8.575885513535717
5	400.5	370.71999999999997	251.8	500.0	8.577248011464434
5	365.6	365.14	180.6	500.0	8.56766537754161
5	315.5	335.44	261.6	422.8	8.564053413552124
5	299.8	321.9	224.4	500.0	8.54767202660023
5	373.4	363.12	175.2	500.0	8.55789430439993
5	316.8	311.54	180.6	410.6	8.559804555572573
5	314.4	296.82	107.6	409.2	8.55869369233765
5	382.4	376.32	245.2	489.8	8.55980668350071
5	378.6	376.26	187.2	500.0	8.557990505580127
5	370.1	376.78000000000003	309.6	461.4	8.58053438576342
5	376.8	378.0	256.8	500.0	8.578767664126056
5	405.0	387.2	321.0	435.0	8.568831273689165
5	410.20000000000005	391.12	246.2	500.0	8.561179769158972
5	395.3	395.8	336.2	500.0	8.571612661568535
5	409.9	402.46	314.4	500.0	8.573078773366664
5	375.6	381.34	312.2	500.0	8.568445770404054
5	407.0	389.15999999999997	316.0	439.2	8.564330518893751
5	406.5	405.04	353.8	500.0	8.56174825639447
5	418.4	396.16	215.6	500.0	8.551788611863214
5	410.79999999999995	423.4	304.2	500.0	8.565323432786304
5	411.6	390.94	289.0	423.6	8.562021847249227
5	405.2	386.15999999999997	167.2	500.0	8.55434789787118
5	405.1	381.43999999999994	295.8	441.4	8.56089141689655
5	350.2	363.56	251.2	457.0	8.572101723139815
5	357.0	356.18	243.4	468.6	8.577755504057452
5	352.29999999999995	346.96	223.2	500.0	8.58798305455015
5	383.9	373.88	288.8	476.0	8.585289828886614
5	371.7	352.84000000000003	229.6	463.8	8.585664860622453
5	359.1	340.1	193.2	412.2	8.579251120774835
5	357.3	356.5400000000001	257.0	433.2	8.579384142937894
5	410.70000000000005	403.98	283.6	500.0	8.559727480224408
5	399.1	378.36	314.8	436.2	8.550350783181644
5	383.29999999999995	369.34	268.4	485.6	8.543090163414888
5	413.3	406.65999999999997	329.2	455.8	8.537021654273952
5	375.0	363.04	182.6	488.8	8.544021076741695
5	426.79999999999995	426.46000000000004	347.4	500.0	8.544760365607218
5	393.2	384.65999999999997	270.8	497.4	8.538579866372634
5	405.3	407.08000000000004	351.8	488.0	8.530003153679434
5	413.2	385.67999999999995	251.8	460.6	8.517090512696555
5	348.5	352.86	218.2	494.0	8.52002473197915
5	390.2	393.23999999999995	302.8	472.6	8.512074098555775
5	379.29999999999995	370.54	250.6	500.0	8.5278703170298
5	379.6	375.12	276.2	497.6	8.530899818062407
5	381.9	386.04	293.0	442.6	8.520789385335892
5	433.9	442.28000000000003	374.0	500.0	8.513179669913807
5	419.3	387.92	239.6	474.8	8.518184348226173
5	297.3	312.58000000000004	155.0	492.6	8.519175310554079
5	420.3	427.68	358.4	500.0	8.510934018179832
5	352.5	349.94000000000005	208.8	461.8	8.507823081890784
5	384.1	385.86	317.8	463.4	8.50767334314318
5	322.1	313.4	133.6	458.4	8.520735757966559
5	370.2	378.47999999999996	244.8	500.0	8.51283760534005
5	358.2	357.65999999999997	240.2	463.8	8.51112790895289
5	396.0	380.84000000000003	285.2	498.4	8.510375968357058
5	391.0	400.84000000000003	262.0	500.0	8.516149229017103
5	380.0	381.24	282.0	500.0	8.513169829726593
5	360.3	355.9	261.0	500.0	8.516185518563432
5	420.8	397.26	249.4	500.0	8.511230259554331
5	358.6	347.52000000000004	272.8	418.0	8.521460678791957
5	405.6	385.32	165.2	500.0	8.534303990353672
5	411.6	375.67999999999995	176.6	466.4	8.547184314294777
5	420.8	406.32000000000005	307.8	500.0	8.55784469352327
5	427.6	408.78000000000003	269.4	500.0	8.548566292502317
5	422.6	391.0	233.4	500.0	8.557562545160145
