5	291.8	288.14000000000004	190.2	367.8	8.39730677632442
5	307.0	302.54	170.0	376.6	8.40035854216322
5	341.70000000000005	342.34000000000003	263.2	416.2	8.406502690081583
5	336.0	299.48	158.8	397.8	8.398315986760249
5	335.79999999999995	330.68	200.8	438.8	8.406673065230205
5	312.4	306.86	113.8	414.0	8.407626290973683
5	349.70000000000005	355.18000000000006	263.4	456.6	8.42207962968683
5	340.4	336.4	250.4	415.0	8.425945830994307
5	341.4	362.68	295.0	459.0	8.425822189866977
5	323.0	357.58000000000004	294.2	465.2	8.418226022287541
5	410.9	385.84000000000003	245.6	464.0	8.42541450026331
5	384.79999999999995	371.5	320.6	417.4	8.427199190086943
5	360.79999999999995	352.9599999999999	206.4	464.4	8.41098803155799
5	327.3	341.44	256.4	414.2	8.423914898749032
5	390.6	363.94	263.4	452.6	8.432634880123299
5	332.9	330.36	208.6	402.4	8.435963366512194
5	356.4	358.9	244.8	473.8	8.433237270519312
5	367.6	366.96	228.6	488.2	8.438784822613368
5	368.3	367.22	288.2	432.4	8.437341468897149
5	387.70000000000005	383.06000000000006	291.8	491.4	8.423101525015257
5	392.70000000000005	402.88	312.4	500.0	8.426648563342301
5	394.79999999999995	383.74	285.0	470.4	8.427215749909669
5	385.79999999999995	381.97999999999996	313.8	479.2	8.42772734205398
5	436.2	415.62	300.8	494.6	8.432289790221935
5	335.8	358.4599999999999	239.0	485.8	8.444078612635282
5	394.9	392.78000000000003	287.8	500.0	8.43879152316296
5	367.2	368.18	282.4	464.4	8.452408713344653
5	428.3	419.7	357.6	486.8	8.468570036222182
5	409.0	408.34000000000003	321.4	496.6	8.470067431063647
5	399.0	402.41999999999996	320.2	500.0	8.466805417708454
5	412.1	392.99999999999994	308.2	442.4	8.450833458344105
5	387.1	395.53999999999996	296.2	500.0	8.452972060182457
5	399.8	378.44	259.6	469.4	8.449354139688916
5	403.8	400.22	280.4	500.0	8.452260792908517
5	361.7	374.56	282.6	464.6	8.45573533149139
5	420.0	404.84	279.2	500.0	8.457793314044691
5	416.29999999999995	414.8	299.0	471.2	8.451670678367549
5	374.4	378.12	271.8	456.2	8.447403857795251
5	418.4	391.88	245.0	497.8	8.44934262751833
5	409.9	412.91999999999996	336.6	494.0	8.44237803421316
5	449.0	430.86	260.8	500.0	8.427588570177358
5	455.5	444.93999999999994	347.0	500.0	8.433702784194383
5	474.8	463.12000000000006	381.6	500.0	8.427051001856968
5	458.70000000000005	449.74000000000007	344.2	500.0	8.427649963978887
5	405.3	412.6	347.4	500.0	8.423544519695433
5	432.5	430.32	342.2	500.0	8.406065146654594
5	412.1	388.56000000000006	238.8	455.4	8.398323318118681
5	452.1	439.98	361.4	500.0	8.396411061266134
5	428.9	435.62000000000006	402.8	488.6	8.408168143715692
5	424.9	426.9200000000001	346.2	500.0	8.417381520172098
5	408.5	405.7	333.4	488.2	8.419585211209014
5	442.6	406.17999999999995	278.6	500.0	8.42433995461586
5	444.1	442.64	369.8	483.4	8.418871320037908
5	423.79999999999995	424.34000000000003	331.6	496.6	8.409966496844103
5	423.2	411.82	284.4	500.0	8.396370496238502
5	415.4	385.6	260.8	500.0	8.400832582948652
5	386.7	390.36	253.8	500.0	8.414675613184972
5	465.9	444.1	281.6	500.0	8.4049773155007
5	371.9	375.74	279.6	475.0	8.41219506581799
5	435.0	432.4200000000001	303.0	500.0	8.411793592491113
5	464.70000000000005	446.24000000000007	325.8	491.6	8.418527259897582
5	404.29999999999995	412.16	354.0	500.0	8.421979994498717
5	408.7	392.20000000000005	237.2	500.0	8.430034747389266
5	425.5	421.68	338.8	455.6	8.42722308562934
5	445.0	443.7200000000001	373.8	500.0	8.436552273415945
5	462.6	443.85999999999996	262.6	500.0	8.44714906211035
5	469.5	452.2	365.6	500.0	8.442408133668911
5	420.5	417.5400000000001	260.4	500.0	8.448961167622194
5	470.70000000000005	462.53999999999996	405.4	500.0	8.444318322434855
5	467.6	465.4	418.8	500.0	8.450811625669958
5	427.1	433.56000000000006	374.4	500.0	8.449538162592068
5	477.29999999999995	458.28000000000003	382.2	500.0	8.443028568163786
5	429.3	411.56000000000006	272.2	488.2	8.444938305051545
5	464.70000000000005	443.5	350.0	500.0	8.436361456026319
5	424.4	425.76000000000005	342.2	500.0	8.43581953748749
5	396.4	399.58	364.4	479.2	8.431556849737905
5	443.5	436.06000000000006	322.8	500.0	8.43119136930757
5	424.4	431.21999999999997	345.4	500.0	8.422246654281183
5	422.4	424.06000000000006	334.2	499.8	8.414455983323567
5	414.2	423.41999999999996	371.4	500.0	8.41120212566406
5	431.20000000000005	438.38	392.6	500.0	8.424503689173374
5	443.5	444.62	363.0	500.0	8.43506195849334
5	468.9	459.8	382.6	500.0	8.437037189077731
5	415.1	411.43999999999994	328.4	500.0	8.439211041963846
5	485.6	460.68	376.8	500.0	8.441315544398202
5	414.20000000000005	420.96000000000004	364.8	500.0	8.435554769224952
5	433.6	402.8	261.2	500.0	8.431944324888228
5	453.8	440.03999999999996	295.4	500.0	8.426083710348372
5	456.6	448.03999999999996	327.6	500.0	8.43019884874897
5	383.4	387.14	284.8	468.2	8.440037406500931
5	382.0	395.6	316.0	500.0	8.45296031331556
5	442.1	425.18	317.0	500.0	8.460400011556448
5	442.5	430.56000000000006	337.8	500.0	8.459877689363788
5	456.0	436.68	329.6	500.0	8.464994662978116
5	435.5	442.0200000000001	422.0	489.0	8.461620778513035
5	426.7	415.7	256.0	500.0	8.45769543829189
5	450.29999999999995	437.82	300.2	500.0	8.462465726319225
5	443.0	436.91999999999996	368.0	498.2	8.471697576998448
5	455.7	441.46000000000004	325.0	500.0	8.476370700993485
5	450.9	420.32	288.2	493.8	8.476215481681146
5	467.2	454.15999999999997	303.2	500.0	8.468530315044472
5	420.6	424.0400000000001	287.0	500.0	8.45917140475981
5	462.6	452.48	368.4	500.0	8.469813865942674
5	414.5	423.5	367.8	500.0	8.461619144593678
5	451.4	440.88	346.0	500.0	8.45225915883334
5	445.9	440.56000000000006	351.6	500.0	8.452208232259412
5	460.0	448.0	344.8	500.0	8.474829932896997
5	438.6	428.68	342.2	500.0	8.471065247850907
5	437.5	428.67999999999995	328.6	500.0	8.48449775187912
5	428.6	435.98	345.2	500.0	8.493848560705409
5	454.6	448.17999999999995	348.4	497.8	8.512473465248316
5	457.3	448.68	387.0	500.0	8.512107163121739
5	405.6	392.52	264.6	444.4	8.50598393008688
5	431.9	420.71999999999997	270.6	500.0	8.512588847927889
5	395.6	409.52	311.2	500.0	8.505323383351222
5	457.6	450.08000000000004	397.8	500.0	8.495231519561429
5	446.4	440.55999999999995	385.8	500.0	8.491506135624663
5	478.4	459.3	308.0	500.0	8.47867387297146
5	435.4	441.86	375.8	500.0	8.47162485802496
5	418.8	430.66	349.2	500.0	8.472387548590504
5	469.2	450.86	283.2	500.0	8.48116455875263
5	453.4	450.0	408.4	500.0	8.479250569455282
5	491.8	468.85999999999996	405.4	500.0	8.467864060761482
5	493.3	459.21999999999997	312.2	500.0	8.465434599168049
5	453.5	455.1	393.2	500.0	8.460256587070237
5	458.4	443.53999999999996	247.4	500.0	8.455352620283854
5	487.7	462.46000000000004	364.2	500.0	8.457366763630345
5	482.6	474.1	424.2	500.0	8.46175360488134
5	490.2	473.25999999999993	403.2	500.0	8.462306509015377
5	499.7	465.68	289.0	500.0	8.472901493539602
5	500.0	479.4599999999999	389.2	500.0	8.490098935199848
5	478.5	478.12	450.2	500.0	8.484300136968153
5	450.0	426.0	318.4	500.0	8.483892142064207
5	452.5	449.76000000000005	344.0	500.0	8.47317580296423
5	455.0	458.6	408.4	500.0	8.470563077482623
5	496.1	452.52	249.6	500.0	8.474381756209668
5	451.9	450.2	345.8	500.0	8.47977030607096
5	478.6	461.98	407.4	499.0	8.474971671093273
5	498.1	478.28000000000003	399.0	500.0	8.471647438166976
5	480.1	466.28000000000003	393.4	500.0	8.469009812211237
5	438.4	439.36	359.2	500.0	8.475247556578822
5	437.8	429.41999999999996	328.8	500.0	8.474764244567487
5	497.7	450.84	298.4	500.0	8.459355904073272
5	408.8	415.98	353.4	497.6	8.466270091145239
5	468.9	460.93999999999994	410.2	500.0	8.46604216624568
5	493.9	469.3	368.6	500.0	8.455196571790188
5	466.6	457.7000000000001	389.0	500.0	8.431765968314275
5	496.5	478.0799999999999	414.2	500.0	8.439572946631452
5	464.2	468.67999999999995	411.6	500.0	8.432737616634057
5	500.0	454.8	323.0	500.0	8.42479708557217
5	476.8	462.21999999999997	409.6	500.0	8.414994453637991
5	490.4	469.84	408.4	498.0	8.413327602210824
5	497.6	479.3	434.4	500.0	8.418720023029348
5	426.0	441.62	368.2	500.0	8.420236044298438
5	454.4	445.88	325.0	491.6	8.439215400452655
5	413.70000000000005	419.16	283.0	500.0	8.430215289020232
5	479.0	471.58000000000004	397.4	500.0	8.439255742135844
5	469.20000000000005	459.9	394.0	500.0	8.411067839130206
5	461.0	449.26000000000005	352.0	500.0	8.394419974169935
5	460.5	444.5400000000001	353.4	491.4	8.385541605971243
5	473.7	451.82	358.0	500.0	8.3884011220738
5	483.4	468.85999999999996	418.4	500.0	8.390630962059273
5	454.0	459.2	402.4	500.0	8.387127833519678
5	452.4	445.52	378.0	499.6	8.400768860262295
5	410.70000000000005	423.06000000000006	366.0	500.0	8.414324022432456
5	477.4	462.16	387.6	500.0	8.4242972796456
5	417.9	416.9200000000001	302.0	500.0	8.427544087317168
5	417.2	426.86	287.6	500.0	8.437491856711208
5	420.9	421.34000000000003	343.2	500.0	8.441013194273248
5	500.0	478.03999999999996	388.6	500.0	8.429215506539206
5	470.3	466.74000000000007	419.0	500.0	8.418519916424493
5	429.8	425.06000000000006	341.6	500.0	8.410578507236439
5	459.70000000000005	451.14	386.2	490.0	8.403857602326383
5	429.4	443.66	357.8	500.0	8.408717526357044
5	492.1	468.84	386.8	500.0	8.407592018235093
5	491.5	456.93999999999994	247.2	500.0	8.400116556143054
5	487.4	469.12	358.0	500.0	8.402714205653687
5	488.70000000000005	467.68	383.2	500.0	8.393607890507871
5	490.8	464.93999999999994	402.8	500.0	8.402110895972411
5	481.6	464.53999999999996	404.2	500.0	8.384754297659496
5	451.8	442.73999999999995	334.0	500.0	8.376227047164734
5	454.1	455.21999999999997	364.4	500.0	8.365149108536933
5	460.4	452.96000000000004	394.6	500.0	8.349455051576676
5	476.70000000000005	455.93999999999994	300.0	500.0	8.356198306889535
5	500.0	493.91999999999996	468.2	500.0	8.350064325898584
5	470.3	465.88	394.8	500.0	8.343699171344616
5	487.2	455.38	274.2	500.0	8.364867258467221
5	451.9	455.68	382.8	500.0	8.363863092779413
5	496.6	461.52	362.2	500.0	8.369829713785009
5	465.9	443.03999999999996	346.8	500.0	8.374047036679121
5	452.2	452.52	376.6	500.0	8.384425179637331
5	469.5	462.1	404.2	500.0	8.366547307158202
5	495.9	474.28000000000003	403.4	500.0	8.379510378587831
5	490.5	449.98	349.8	500.0	8.396409678298642
5	458.2	440.68	360.0	500.0	8.411137654161012
5	458.0	439.14000000000004	317.6	500.0	8.405794187080517
5	425.70000000000005	429.94000000000005	356.2	500.0	8.404024174776833
5	419.2	413.91999999999996	253.6	500.0	8.401889870236417
5	464.8	461.24000000000007	368.6	500.0	8.395320451434799
5	476.5	461.1	382.8	500.0	8.401792701629365
5	472.7	464.8	335.8	500.0	8.393415718718805
5	480.1	467.86	419.4	500.0	8.381708155905763
5	447.9	442.25999999999993	343.4	500.0	8.380569890507564
5	483.2	472.3999999999999	429.8	500.0	8.390862172669609
5	434.5	435.0799999999999	324.6	500.0	8.39340331698989
5	458.5	454.03999999999996	405.2	500.0	8.386088591699373
5	447.9	443.48	348.2	500.0	8.38838593178794
5	500.0	484.82	416.2	500.0	8.382137200655574
5	494.9	460.7	329.4	500.0	8.395714280326752
5	490.2	466.84000000000003	373.2	500.0	8.39694202449301
5	492.5	466.58000000000004	390.8	500.0	8.386137964499891
5	500.0	482.76000000000005	421.0	500.0	8.39708261102896
5	485.79999999999995	471.1	410.4	500.0	8.389250632213175
5	483.9	463.48	333.0	500.0	8.3920721629485
5	492.1	470.6	376.0	500.0	8.389165219561118
5	426.0	427.88	325.0	500.0	8.386356181128635
5	453.9	434.0799999999999	278.0	500.0	8.395780569841031
5	482.4	463.24000000000007	307.6	500.0	8.40042569281012
5	500.0	480.91999999999996	383.4	500.0	8.381025702359379
5	497.79999999999995	482.32	438.4	500.0	8.379858523860666
5	480.1	465.0400000000001	407.0	500.0	8.38893115511553
5	477.0	461.1	388.0	500.0	8.390617676695648
5	474.2	461.05999999999995	335.0	500.0	8.387881907257823
5	451.2	433.62	280.0	500.0	8.39425951112893
5	486.8	465.21999999999997	354.2	500.0	8.41010558206565
5	474.6	468.38	421.8	500.0	8.419189475964902
5	465.0	439.28000000000003	246.2	500.0	8.425994477921144
5	498.70000000000005	469.36	348.0	500.0	8.431757034586855
5	470.0	459.8	401.8	500.0	8.435109422636275
5	467.3	458.73999999999995	390.6	500.0	8.42973857795585
5	443.6	426.7200000000001	296.0	500.0	8.43966581490971
5	499.3	485.82	401.6	500.0	8.43231417244647
5	478.1	462.48	376.2	500.0	8.433085007514425
5	455.5	456.96000000000004	415.2	500.0	8.431483701711747
5	495.3	440.38	278.4	500.0	8.409811282484583
5	433.6	423.56000000000006	257.4	500.0	8.427067174035244
5	462.6	451.64000000000004	364.8	500.0	8.425273727453899
5	456.4	449.82	343.8	500.0	8.434210468545096
5	483.2	455.21999999999997	360.2	500.0	8.414649577749042
5	500.0	485.3	434.4	500.0	8.424847150191749
5	495.9	488.28000000000003	455.2	500.0	8.420752808447117
5	500.0	476.03999999999996	413.4	500.0	8.412008727128056
5	445.79999999999995	440.7799999999999	373.8	493.2	8.409939373016359
5	470.4	448.9	345.6	495.6	8.389867443186162
5	426.5	428.96000000000004	352.0	500.0	8.405350856958492
5	476.2	449.23999999999995	294.6	500.0	8.401539497011507
5	492.1	469.4	396.8	500.0	8.40316997786139
5	462.1	445.6	354.0	500.0	8.403558785147418
5	456.0	450.23999999999995	369.8	500.0	8.413018309082767
5	410.9	416.23999999999995	348.0	500.0	8.397008512582865
5	391.1	394.79999999999995	307.2	500.0	8.402963904307931
5	482.0	462.58000000000004	352.4	500.0	8.409499272658266
5	492.7	482.82	430.4	500.0	8.400981257602616
5	460.0	448.38	330.6	500.0	8.391264126241941
5	477.20000000000005	454.8	351.0	500.0	8.380315855821586
5	494.3	479.5	430.8	500.0	8.384586658792498
5	422.5	426.62000000000006	346.6	500.0	8.400371653970966
5	496.1	476.88	436.8	500.0	8.39773281178097
5	498.4	471.94000000000005	373.2	500.0	8.39846648207754
5	491.4	463.7	355.0	500.0	8.395072905873848
5	498.6	488.18	464.2	500.0	8.375285345156785
5	489.4	461.08000000000004	371.6	500.0	8.388154474011817
5	480.79999999999995	448.76000000000005	307.4	500.0	8.375884742640649
5	484.0	467.73999999999995	376.2	500.0	8.367282429798712
5	481.8	468.58000000000004	408.6	500.0	8.381770398687
5	498.1	480.6	356.0	500.0	8.38523982328837
5	472.9	456.9799999999999	344.4	500.0	8.3782137474307
5	487.2	472.26000000000005	420.8	500.0	8.390259126767956
5	498.4	468.78000000000003	349.2	500.0	8.385283766005728
5	448.5	442.4	345.8	500.0	8.3752256448963
5	500.0	480.66	420.0	500.0	8.383156536529885
5	491.8	470.0	406.4	500.0	8.384782982265722
5	480.4	459.5200000000001	376.0	500.0	8.397134721658025
5	468.6	450.03999999999996	319.6	500.0	8.414151735185888
5	470.3	463.84	363.4	500.0	8.42155192559477
5	470.5	464.93999999999994	412.2	500.0	8.424193596602183
5	491.3	469.16	355.0	500.0	8.4353462015396
5	469.79999999999995	464.9799999999999	427.0	500.0	8.423248256382918
5	500.0	471.78000000000003	388.8	500.0	8.436281038434174
5	493.9	479.73999999999995	422.2	500.0	8.440353856631203
5	499.3	485.4	438.6	500.0	8.443924058593062
5	500.0	462.23999999999995	323.0	500.0	8.443314512141143
5	469.9	452.18	344.6	500.0	8.460447579226043
5	484.1	465.5	353.2	500.0	8.457278919222432
5	455.1	457.4599999999999	399.0	500.0	8.455081232598086
5	427.4	429.65999999999997	358.0	486.4	8.453245654933715
5	498.9	459.46000000000004	318.8	500.0	8.458034489301584
5	430.0	446.94000000000005	380.4	500.0	8.467684797511406
5	456.79999999999995	450.5	356.8	500.0	8.468054421860769
5	439.4	432.2	300.6	492.6	8.467597438302878
5	437.5	432.34	311.2	500.0	8.456378177941582
5	426.5	426.14000000000004	273.0	500.0	8.451090490629735
5	390.5	396.52000000000004	279.8	490.2	8.445573372755428
5	410.2	407.2	339.6	472.2	8.45594196705137
5	458.6	450.6	379.6	500.0	8.46483596761467
5	425.1	427.14	358.0	500.0	8.455279750951378
5	449.3	428.58000000000004	314.2	500.0	8.468673195375443
5	448.1	410.7	271.2	500.0	8.485049600095206
5	439.29999999999995	443.4	364.0	500.0	8.514754445195065
5	456.0	439.53999999999996	270.4	500.0	8.515228640750195
5	450.0	445.21999999999997	369.0	500.0	8.51630533852443
5	440.3	446.74000000000007	368.8	500.0	8.513310668232867
5	436.20000000000005	432.88	326.2	500.0	8.511711047806255
5	417.1	427.21999999999997	357.8	500.0	8.517947885671138
5	433.0	416.85999999999996	342.8	500.0	8.524018091089685
5	410.6	385.26	220.2	500.0	8.516816649739326
5	431.29999999999995	418.26000000000005	333.0	477.0	8.525568500848857
5	435.8	443.4	395.2	500.0	8.537187378628767
5	433.5	429.8	342.6	500.0	8.54174309557964
5	470.1	461.9599999999999	377.2	500.0	8.533023243593357
5	454.5	424.23999999999995	303.8	500.0	8.536570241761899
5	500.0	471.8	406.0	500.0	8.53830411196003
5	488.79999999999995	460.14000000000004	369.4	500.0	8.554105871823284
5	456.0	428.2	340.0	500.0	8.538449927865862
5	439.20000000000005	437.43999999999994	374.6	500.0	8.530315101320955
5	442.9	445.84	383.2	500.0	8.529219709735315
5	478.7	454.84	340.2	497.0	8.523853865412494
5	403.0	419.93999999999994	342.0	494.0	8.504199139335112
5	429.5	434.34	374.2	500.0	8.499331452416005
5	437.70000000000005	436.12	390.0	500.0	8.503343794610535
5	443.9	439.74000000000007	349.4	500.0	8.495948609537638
5	411.7	404.6	267.6	500.0	8.503698983245945
5	463.29999999999995	437.0400000000001	318.2	500.0	8.47642628699415
5	452.70000000000005	456.68	407.0	500.0	8.473839925791617
5	419.20000000000005	409.91999999999996	264.0	495.6	8.480434792024147
5	485.9	455.8	259.0	500.0	8.484175971524053
5	436.6	429.96000000000004	293.2	499.8	8.463725132793613
5	441.8	443.36	382.4	500.0	8.466490958618023
5	434.3	431.78000000000003	282.0	496.2	8.463275039485211
5	416.1	436.38	368.8	500.0	8.463015252484913
5	459.79999999999995	446.88	344.0	500.0	8.458993818947445
5	390.1	399.96000000000004	328.6	500.0	8.44358267542724
5	460.29999999999995	453.84	379.2	500.0	8.45217320849947
5	464.7	449.36	358.2	500.0	8.463541613353437
5	452.9	449.94000000000005	397.8	500.0	8.450135520540924
5	416.5	400.24000000000007	329.6	456.6	8.450843336640888
5	411.7	415.02	317.2	500.0	8.458144837837363
5	442.5	435.9	330.8	500.0	8.460274268511858
5	453.8	454.3	398.0	500.0	8.469026366781893
5	475.29999999999995	461.52	364.4	500.0	8.466424016724039
5	422.4	420.56000000000006	272.8	500.0	8.463951184357967
5	449.8	428.4	328.6	494.4	8.45969964085945
5	485.5	461.66	377.8	500.0	8.446878801244772
5	456.70000000000005	448.46000000000004	325.0	500.0	8.449948266057229
5	478.3	473.34	426.2	500.0	8.43349949775553
5	489.4	468.12	389.4	500.0	8.420699993458813
5	445.6	443.56000000000006	312.4	500.0	8.422913258161005
5	413.4	428.32	363.4	500.0	8.40720035555936
5	445.7	447.28000000000003	376.0	500.0	8.393468019734462
5	435.5	439.53999999999996	380.4	500.0	8.394202066406121
5	444.3	439.86	312.4	500.0	8.406066754154224
5	453.0	448.82	382.2	500.0	8.402549939906498
5	452.70000000000005	436.9799999999999	325.6	500.0	8.400425141180785
5	433.2	434.35999999999996	330.6	500.0	8.384128171676103
5	448.5	439.68	332.6	500.0	8.381570514490267
5	477.70000000000005	459.32000000000005	327.0	500.0	8.359479234031438
5	476.9	460.46000000000004	387.2	500.0	8.37379032079125
5	436.1	441.14	366.2	500.0	8.368947605883756
5	440.6	424.98	278.8	488.8	8.386797523684931
5	458.7	442.68	314.2	500.0	8.384990829579138
5	449.5	453.86	401.0	500.0	8.387531170852624
5	464.7	453.08000000000004	351.0	500.0	8.389772266479644
5	460.9	451.58000000000004	335.0	500.0	8.3885367005961
5	403.4	419.84	297.2	500.0	8.3836013732293
5	500.0	483.08000000000004	437.8	500.0	8.396963866284345
5	447.2	422.52	284.4	500.0	8.391557623569042
5	475.0	463.9799999999999	407.6	500.0	8.388234945403914
5	468.2	439.7	290.4	500.0	8.386964532035481
5	496.1	478.86	417.6	500.0	8.38209429709017
5	461.2	467.25999999999993	429.4	500.0	8.372736628133913
5	483.1	479.74000000000007	442.4	500.0	8.375641214707727
5	471.70000000000005	452.0	345.6	500.0	8.385940413347427
5	453.6	450.23999999999995	370.8	500.0	8.389457233818252
5	454.5	442.73999999999995	299.2	500.0	8.3788261162501
5	438.3	429.3	334.2	500.0	8.381714570772367
5	471.9	443.15999999999997	249.2	500.0	8.401086969871194
5	478.3	460.06000000000006	380.4	500.0	8.393887220572562
5	483.4	463.0	390.6	500.0	8.397462861057338
5	474.8	450.1	337.2	500.0	8.398242133642448
5	497.1	484.98	449.4	500.0	8.404059754009966
5	464.70000000000005	457.16	379.0	500.0	8.396992328009429
5	494.3	476.7200000000001	409.2	500.0	8.406458523657939
5	474.4	460.26000000000005	377.0	500.0	8.418828646896188
5	480.4	468.38	369.0	500.0	8.416698758697859
5	495.8	475.17999999999995	363.8	500.0	8.422264343138957
5	433.2	442.48	397.2	500.0	8.42010076083421
5	456.0	455.58000000000004	388.2	500.0	8.403876354725261
5	363.4	371.6	286.6	439.0	8.407259541637353
5	423.7	410.74000000000007	313.8	500.0	8.417693194600433
5	421.6	427.78000000000003	354.6	500.0	8.399051631932998
5	495.7	476.2999999999999	415.4	500.0	8.394883061152264
5	448.1	437.16	352.0	476.6	8.388370951575965
5	403.1	403.2	268.4	500.0	8.39242841848972
5	415.1	438.38	370.0	500.0	8.393710471403475
5	411.1	424.78000000000003	352.6	500.0	8.391419203994
5	464.1	454.75999999999993	382.6	500.0	8.397469163958581
5	467.9	452.56000000000006	356.6	500.0	8.406490843135776
5	424.0	426.2799999999999	354.0	500.0	8.397696292079939
5	479.9	447.52	301.4	500.0	8.401588800622832
5	468.29999999999995	434.96000000000004	309.0	500.0	8.402633692784708
5	465.6	451.76000000000005	327.2	500.0	8.415663840535109
5	386.3	402.41999999999996	286.8	492.6	8.412884011259104
5	410.9	412.96000000000004	323.0	500.0	8.394766507767427
5	442.5	437.76000000000005	365.6	500.0	8.389102705393716
5	487.5	467.96000000000004	387.2	500.0	8.394103713630066
5	482.8	434.0400000000001	249.2	500.0	8.377087113188981
5	426.7	420.0	298.4	500.0	8.38830265271434
5	478.9	471.48	427.6	500.0	8.363957513526236
5	447.4	450.82	429.2	477.8	8.351263393250129
5	444.3	440.14	323.0	499.0	8.349952027324605
5	492.7	460.2	349.2	500.0	8.346956832153756
5	494.8	464.1	368.6	500.0	8.351817368296134
5	445.4	442.06000000000006	359.2	500.0	8.360244104810542
5	490.1	478.0799999999999	403.4	500.0	8.34379620951503
5	478.8	467.4799999999999	404.6	500.0	8.34600936651794
5	491.29999999999995	463.0400000000001	342.6	500.0	8.336976572631185
5	456.9	444.2	271.0	500.0	8.328700053464926
5	456.4	447.7	370.4	500.0	8.342102320646097
5	500.0	457.96000000000004	338.2	500.0	8.33792718462928
5	494.20000000000005	462.26000000000005	400.2	500.0	8.32776836153782
5	483.6	461.4599999999999	370.6	500.0	8.328932878157302
5	457.79999999999995	439.98	321.4	500.0	8.328244721199093
5	449.4	449.48	377.8	500.0	8.311472509957152
5	485.0	477.76000000000005	412.6	500.0	8.302227991437046
5	470.5	440.64	317.2	500.0	8.306532422251344
5	474.0	466.52	389.4	500.0	8.314880732522242
5	463.70000000000005	454.16	346.2	500.0	8.310465241918838
5	424.9	427.32	356.8	500.0	8.323245733266468
5	467.9	458.34	380.0	500.0	8.322224001767156
5	497.0	484.85999999999996	429.2	500.0	8.317088687660146
5	471.2	461.2	403.4	500.0	8.317183632628689
5	468.9	451.98	317.2	500.0	8.308515260144556
5	497.3	487.2200000000001	465.6	500.0	8.309781052918607
5	476.6	460.21999999999997	388.8	500.0	8.316129813807034
5	484.70000000000005	469.84	387.4	500.0	8.297219718572034
5	496.2	443.64000000000004	281.4	500.0	8.303530907207309
5	481.79999999999995	466.41999999999996	396.0	500.0	8.316959700991067
5	488.4	479.9200000000001	406.2	500.0	8.33446482189135
5	481.2	471.15999999999997	405.4	500.0	8.34097746061407
5	492.70000000000005	483.73999999999995	435.8	500.0	8.327071759383267
5	477.4	474.0200000000001	419.6	500.0	8.320114310715375
5	479.8	466.41999999999996	409.8	500.0	8.319841328278503
5	474.8	460.6	371.6	500.0	8.3188229894143
5	496.7	481.23999999999995	432.2	500.0	8.298983257298948
5	492.8	482.2	403.8	500.0	8.289777383912515
5	493.1	473.3	400.8	500.0	8.287127133978679
5	464.70000000000005	466.15999999999997	413.6	500.0	8.263601366099111
5	500.0	479.2	418.0	500.0	8.249603195720088
5	472.79999999999995	459.67999999999995	406.2	500.0	8.232823756195552
5	499.3	476.38	331.6	500.0	8.219918778234378
5	437.29999999999995	447.73999999999995	387.0	500.0	8.223014886935733
5	500.0	473.4799999999999	401.8	500.0	8.213942951307631
5	492.20000000000005	470.26000000000005	383.4	500.0	8.215514246259547
5	487.4	468.8	381.4	500.0	8.193744502227332
5	489.2	477.96000000000004	440.0	500.0	8.206710981029538
5	497.5	481.24000000000007	400.2	500.0	8.207494300944976
5	496.6	467.78000000000003	327.6	500.0	8.202600646310309
5	500.0	479.68	428.6	500.0	8.195386735314834
5	500.0	475.7	338.0	500.0	8.197220780596624
5	496.7	474.06000000000006	404.2	500.0	8.198330737821074
5	496.6	460.68	288.2	500.0	8.194203438977096
5	500.0	470.44000000000005	408.8	500.0	8.199017030549689
5	500.0	476.12	413.8	500.0	8.200115108652856
5	469.5	456.88	368.0	500.0	8.182071863502456
5	500.0	474.26000000000005	408.2	500.0	8.181790623327045
5	494.2	467.5	347.8	500.0	8.181040911161295
5	500.0	482.08000000000004	420.4	500.0	8.182965053136181
5	491.5	485.84	459.4	500.0	8.177310563965383
5	485.79999999999995	476.78000000000003	408.6	500.0	8.159274329173082
5	492.5	484.75999999999993	452.6	500.0	8.156785106394079
5	495.7	482.85999999999996	443.2	500.0	8.148800952061649
5	479.6	474.66	426.8	500.0	8.161342405571713
5	484.3	469.1	386.8	500.0	8.167880634441795
5	432.20000000000005	437.4200000000001	347.0	500.0	8.17585717085647
5	430.0	434.9	352.0	500.0	8.174023142844346
5	488.9	459.12	365.0	500.0	8.176768250854707
5	495.5	475.78000000000003	386.4	500.0	8.18485624873099
5	448.6	451.7	394.0	500.0	8.189427789687647
5	449.4	425.16	255.6	500.0	8.189161818982996
5	468.1	463.24000000000007	393.6	500.0	8.182556150015072
5	487.9	476.21999999999997	438.8	500.0	8.179658374345259
5	500.0	470.34	337.0	500.0	8.181548304389844
5	499.1	488.43999999999994	441.0	500.0	8.182469268766063
5	492.9	480.53999999999996	427.2	500.0	8.17273941846004
5	495.5	489.71999999999997	458.8	500.0	8.169490257053363
5	489.5	479.26000000000005	439.4	500.0	8.168492992455016
5	482.3	470.16	417.4	500.0	8.17339583056935
5	490.7	475.03999999999996	370.4	500.0	8.166735322734702
5	500.0	479.6	411.2	500.0	8.198112174013763
5	493.9	481.66	397.0	500.0	8.2006435838722
5	500.0	468.12	358.2	500.0	8.20604646719033
5	500.0	487.3	394.0	500.0	8.210926139293035
5	457.20000000000005	461.7200000000001	411.8	500.0	8.218673022756471
5	489.9	476.5400000000001	406.2	500.0	8.223445758036519
5	467.2	461.15999999999997	373.2	500.0	8.210279394478206
5	448.70000000000005	447.06000000000006	333.6	500.0	8.212779869987934
5	500.0	482.62	433.0	500.0	8.21528310141286
5	500.0	482.12	377.2	500.0	8.215365592684211
5	497.7	489.4199999999999	438.4	500.0	8.222055577810481
5	428.5	420.06000000000006	275.8	500.0	8.244864751314665
5	433.1	449.66	403.8	500.0	8.25000481313211
5	460.3	457.75999999999993	364.4	500.0	8.278442720233578
5	446.1	454.93999999999994	408.6	500.0	8.256849238241944
5	481.3	440.71999999999997	297.2	500.0	8.252719781756305
5	472.8	461.78000000000003	395.6	500.0	8.261346178488514
5	476.1	461.46000000000004	362.0	500.0	8.260788493121725
5	461.5	442.64	303.4	500.0	8.253727292393958
5	466.3	449.38	322.4	500.0	8.260475442135753
5	434.4	415.15999999999997	220.4	500.0	8.27032896825956
5	477.2	456.06000000000006	355.4	500.0	8.274555117274119
5	407.70000000000005	420.18	333.2	500.0	8.271637071554007
5	443.6	443.7	312.2	500.0	8.281284021050435
5	492.7	462.0	366.0	500.0	8.265266956990201
5	500.0	488.23999999999995	443.2	500.0	8.244202872239834
5	441.0	446.1	399.2	500.0	8.239102312356673
5	470.79999999999995	453.37999999999994	354.0	500.0	8.221684913668097
5	470.1	456.85999999999996	338.2	500.0	8.233349338427459
5	457.5	439.9	271.0	500.0	8.23465305787571
5	459.5	438.21999999999997	273.6	500.0	8.240012605150795
5	466.5	453.06000000000006	356.6	500.0	8.25163652837359
5	431.5	431.48	321.0	500.0	8.242975718739267
5	445.29999999999995	445.55999999999995	355.0	495.6	8.246511241943912
5	443.0	448.48	387.0	500.0	8.25786961859149
5	441.20000000000005	436.4	349.6	499.2	8.276979171891757
5	470.70000000000005	455.88	377.2	500.0	8.293307730381645
5	425.3	437.4	409.6	500.0	8.260305362365306
5	469.1	470.36	395.2	500.0	8.238700634883422
5	456.0	441.6	314.4	500.0	8.241465827117429
5	466.8	456.36	385.8	500.0	8.24181837582267
5	431.79999999999995	420.4	289.0	500.0	8.228376095038756
5	464.1	448.4	370.6	490.8	8.224066239619301
5	400.1	376.78000000000003	247.4	500.0	8.203148652432736
5	422.7	402.52	272.0	500.0	8.200459844420196
5	438.0	438.76000000000005	343.8	493.8	8.213955260278668
5	451.1	439.6	350.6	500.0	8.221032200226459
5	447.79999999999995	432.03999999999996	256.4	500.0	8.220902251779806
5	407.2	412.75999999999993	349.0	500.0	8.220817304756292
5	419.9	435.73999999999995	366.2	500.0	8.200793499623124
5	477.2	451.58000000000004	334.2	500.0	8.180113539158397
5	440.7	428.21999999999997	343.4	500.0	8.173430753654978
5	411.5	406.44	259.8	500.0	8.153273034322044
5	482.6	463.84000000000003	388.0	500.0	8.160379574968095
5	489.6	479.3	393.8	500.0	8.159724441589642
5	452.9	457.88	401.2	500.0	8.162216709112585
5	486.3	463.98	402.4	500.0	8.165893607944355
5	486.4	472.88	369.8	500.0	8.165670034848999
5	473.8	468.91999999999996	429.0	500.0	8.157465862752728
5	459.2	455.9599999999999	365.4	500.0	8.158485698545771
5	430.0	442.25999999999993	381.0	500.0	8.153263965789437
5	487.79999999999995	474.12	379.8	500.0	8.166494057573486
5	441.70000000000005	450.62000000000006	396.2	500.0	8.156433279069066
5	499.5	486.14	447.8	500.0	8.154720925790553
5	500.0	474.5	345.0	500.0	8.149533963777069
5	476.9	464.32	350.2	500.0	8.14076405847522
5	477.6	470.56000000000006	413.6	500.0	8.128360675563508
5	472.6	466.08000000000004	400.8	500.0	8.12811920131588
5	485.4	472.1	410.0	500.0	8.1383670420848
5	484.5	471.53999999999996	412.0	500.0	8.141935391664587
5	494.4	470.3	382.6	500.0	8.13769736190357
5	490.1	464.21999999999997	325.8	500.0	8.129297090533202
5	470.1	457.5	365.4	500.0	8.130190311968809
5	484.4	471.66	420.0	500.0	8.142267247388412
5	495.1	479.78000000000003	406.2	500.0	8.135809082598282
5	482.6	461.64	389.0	500.0	8.135513113322942
5	460.3	463.98	424.0	500.0	8.130130501941851
5	478.4	447.56000000000006	305.4	500.0	8.11947032045526
5	482.2	458.03999999999996	326.0	500.0	8.104148785745073
5	459.20000000000005	453.32	397.0	500.0	8.111304047220635
5	455.20000000000005	450.38	375.6	500.0	8.10114658072176
5	462.5	452.3	359.6	500.0	8.11213572225819
5	462.9	457.05999999999995	357.8	500.0	8.121888604790637
5	488.8	468.34000000000003	352.2	500.0	8.122273984352676
5	500.0	478.1	419.4	500.0	8.135438943249904
5	482.29999999999995	465.55999999999995	416.2	500.0	8.136452109317272
5	466.5	460.93999999999994	418.8	500.0	8.13800249970489
5	460.9	429.2799999999999	282.0	500.0	8.140654020979992
5	469.4	451.64000000000004	315.2	500.0	8.14019506880372
5	438.5	431.41999999999996	275.0	500.0	8.129098683478357
5	430.9	438.58000000000004	381.4	500.0	8.140174441009641
5	435.3	435.02	362.4	500.0	8.139642390807207
5	474.3	461.91999999999996	342.2	500.0	8.146487677535477
5	453.8	433.4599999999999	324.4	500.0	8.146909924989636
5	420.70000000000005	428.06000000000006	364.4	500.0	8.136999265879517
5	458.29999999999995	449.32	356.8	500.0	8.127393409171365
5	471.70000000000005	441.48	224.0	500.0	8.130458347474065
5	472.7	469.16	413.8	500.0	8.139812160657552
5	431.5	430.9	353.0	497.2	8.150896608711772
5	494.7	481.02	374.2	500.0	8.148793710397639
5	490.6	460.5400000000001	350.8	500.0	8.140458116895124
5	462.8	465.48	392.6	500.0	8.143149286047903
5	500.0	479.91999999999996	429.4	500.0	8.130488532029121
5	476.5	468.14	418.8	500.0	8.14299055464151
5	484.2	478.2	438.2	500.0	8.141930054226151
5	480.5	444.4	303.4	500.0	8.141601071739682
5	464.1	458.16	389.2	500.0	8.141470261443002
5	487.8	465.06000000000006	376.0	500.0	8.16031158114617
5	468.3	450.48	354.8	500.0	8.160444573016735
5	444.9	461.12	413.6	500.0	8.161618860304888
5	464.79999999999995	462.8999999999999	407.6	500.0	8.163581674480762
5	478.9	460.5	374.8	500.0	8.162666237286045
5	464.6	467.75999999999993	431.2	500.0	8.161054087490186
5	492.3	479.32000000000005	427.8	500.0	8.149777742418149
5	479.2	449.23999999999995	302.6	500.0	8.156841539139473
5	456.9	443.4	283.4	500.0	8.152369245865684
5	491.2	444.84	289.2	500.0	8.16552925163972
5	500.0	485.36	379.4	500.0	8.173370946311168
5	454.6	459.96000000000004	409.0	500.0	8.179197270051342
5	490.1	474.2	419.6	500.0	8.168093057290207
5	483.6	460.41999999999996	357.6	500.0	8.18802145207919
5	459.1	447.0	355.8	500.0	8.191095563220903
5	487.79999999999995	478.98	437.6	500.0	8.196739850879915
5	484.5	471.12	382.8	500.0	8.179358047746062
5	477.20000000000005	470.88	404.0	500.0	8.185745434438456
5	441.70000000000005	447.35999999999996	325.0	500.0	8.20072530793562
5	467.1	453.91999999999996	359.0	500.0	8.202021496214961
5	451.29999999999995	436.02	221.6	500.0	8.205057965231065
5	495.2	473.7799999999999	407.0	500.0	8.218293518829412
5	484.7	465.21999999999997	376.0	500.0	8.210341798528356
5	464.1	440.18	228.4	500.0	8.202818940916117
5	484.9	471.5400000000001	397.6	500.0	8.183857675176496
5	472.2	444.66	274.4	500.0	8.171503131052017
5	449.9	448.66	322.2	500.0	8.161208807572619
5	490.5	466.53999999999996	355.4	500.0	8.1430313124371
5	485.29999999999995	461.91999999999996	377.8	500.0	8.133150217521433
5	494.6	481.84000000000003	441.0	500.0	8.144671239421273
5	454.9	458.1	428.6	500.0	8.143822598360972
5	477.0	451.26000000000005	298.6	500.0	8.14893446093292
5	500.0	482.28000000000003	411.2	500.0	8.140154828340425
5	468.3	454.82	351.6	500.0	8.140980951271821
5	484.6	466.43999999999994	356.0	500.0	8.148083033822607
5	473.29999999999995	473.6	436.4	500.0	8.138848511661077
5	473.5	457.93999999999994	387.0	489.2	8.137495449713848
5	477.7	468.34000000000003	405.0	500.0	8.12885593455992
5	463.3	462.78000000000003	389.2	500.0	8.14724891868564
5	459.3	452.64	381.8	500.0	8.163131924346093
5	451.7	447.62000000000006	352.8	500.0	8.154914327132367
5	483.9	476.88	415.2	500.0	8.161268608760725
5	474.8	471.26000000000005	406.6	500.0	8.159203580101684
5	500.0	476.82	327.0	500.0	8.148942052014522
5	458.70000000000005	458.84000000000003	391.8	500.0	8.150971905346571
5	463.4	460.7	397.4	500.0	8.15037246189232
5	456.1	425.82	302.4	500.0	8.142240351776469
5	452.0	438.5799999999999	314.4	500.0	8.128428120728948
5	462.7	461.58000000000004	385.4	500.0	8.125608068951554
5	463.6	446.48	323.8	500.0	8.127835971533912
5	436.5	436.9599999999999	375.0	500.0	8.137722169694035
5	410.5	391.12	250.0	481.8	8.131904391217406
5	482.4	452.03999999999996	362.0	500.0	8.11597653055761
5	482.0	473.56000000000006	421.8	500.0	8.11756857801229
5	492.0	462.1	349.8	500.0	8.12304274647766
5	464.4	447.84	305.0	500.0	8.116717834944124
5	492.6	474.2	388.2	500.0	8.113071617939626
5	462.6	455.16	330.6	500.0	8.109097916925123
5	493.0	487.4	450.4	500.0	8.11003205776481
5	464.3	458.62000000000006	390.0	500.0	8.093081417975007
5	494.1	465.55999999999995	352.8	500.0	8.079273796805952
5	473.9	461.3	346.0	500.0	8.073487229551668
5	474.4	462.2	412.6	500.0	8.090608194801781
5	476.8	473.91999999999996	429.0	500.0	8.091372280185318
5	439.5	449.84	406.4	500.0	8.076369782760233
5	487.6	453.1	359.4	500.0	8.064518807669163
5	478.70000000000005	472.5	399.8	500.0	8.059767371187753
5	476.7	464.16	384.0	500.0	8.073960990858954
5	486.1	466.96000000000004	373.4	500.0	8.069394522355976
5	438.0	444.23999999999995	354.4	500.0	8.07252473647315
5	469.20000000000005	461.85999999999996	386.4	500.0	8.058843197336014
5	450.1	458.32	409.4	499.6	8.061022229914432
5	472.20000000000005	468.82000000000005	415.2	500.0	8.069282060811387
5	428.9	438.7	333.4	500.0	8.069354217845666
5	436.0	422.38	300.2	500.0	8.068846658222252
5	447.5	446.0	361.4	500.0	8.064060924128423
5	471.8	456.94000000000005	365.0	500.0	8.052653157721965
5	449.79999999999995	429.4	308.4	500.0	8.060928810398188
5	459.9	449.73999999999995	371.6	500.0	8.066513118907181
5	454.79999999999995	449.12	377.0	500.0	8.068888516149975
5	438.0	406.22	246.2	485.2	8.068572155935687
5	428.9	438.93999999999994	388.0	500.0	8.082335389883388
5	428.5	420.7	318.4	475.8	8.08389407665055
5	457.4	443.87999999999994	291.2	500.0	8.073556325674915
5	468.7	453.3999999999999	385.4	500.0	8.068070990379288
5	420.7	414.8	290.6	500.0	8.0935742038526
5	468.9	450.9	352.4	500.0	8.098221169648891
5	446.8	447.93999999999994	396.4	500.0	8.087295422925896
5	458.3	452.4200000000001	391.0	498.2	8.078312769042913
5	486.8	464.34	358.2	500.0	8.070425336975978
5	462.8	463.12000000000006	404.8	500.0	8.075805195779427
5	434.4	443.6	381.6	500.0	8.085096910368776
5	439.4	442.24000000000007	333.2	500.0	8.087017107809947
5	449.0	432.6	301.2	500.0	8.08912873818767
5	387.1	370.91999999999996	268.2	476.4	8.089008555596902
5	442.4	428.87999999999994	314.0	500.0	8.086076826229194
5	452.9	412.15999999999997	273.4	500.0	8.081199892441248
5	498.3	492.37999999999994	455.2	500.0	8.070239098099625
5	445.6	443.46000000000004	328.6	500.0	8.049286333007263
5	462.4	457.06000000000006	403.2	500.0	8.049371701172605
5	471.2	449.7	286.2	500.0	8.062676892954125
5	446.0	446.48	387.2	500.0	8.062116537002474
5	455.6	454.53999999999996	410.2	500.0	8.054609387344879
5	481.6	475.16	414.2	500.0	8.053135278718239
5	420.2	402.21999999999997	202.8	500.0	8.052993708922665
5	479.7	457.96000000000004	298.0	500.0	8.045808016431288
5	452.3	451.43999999999994	383.0	500.0	8.040327548882045
5	447.70000000000005	447.36	359.0	500.0	8.043666798992087
5	489.6	474.34	395.0	500.0	8.046890659922989
5	474.7	451.4	341.0	500.0	8.050290471649946
5	468.8	451.68	361.6	500.0	8.060887627931898
5	484.9	459.34	359.2	500.0	8.068585560319384
5	453.70000000000005	448.2	343.8	500.0	8.072889272196745
5	500.0	460.66	370.8	500.0	8.062284414339086
5	438.0	422.8	172.2	500.0	8.055268400230354
5	470.5	454.93999999999994	293.8	500.0	8.05095257684343
5	472.7	462.7	388.8	500.0	8.05331044649426
5	486.4	467.32	349.2	500.0	8.042972900701603
5	465.5	451.1	352.0	500.0	8.042317582225852
5	461.2	448.56000000000006	295.6	500.0	8.031487712150199
5	460.0	440.46000000000004	305.4	500.0	8.038525186304103
5	480.5	459.34	400.4	500.0	8.033074330808084
5	495.9	476.82	378.2	500.0	8.047395090420766
5	494.4	473.88	388.6	500.0	8.045327315945132
5	483.0	471.58000000000004	408.6	500.0	8.028224127306125
5	470.5	454.44000000000005	362.8	500.0	8.031938511474149
5	482.1	465.48	393.4	500.0	8.02190788649287
5	458.4	458.16	414.4	500.0	8.007746754032182
5	487.7	474.0	422.6	500.0	7.996387219756994
5	439.8	440.82	354.8	500.0	7.998034683899907
5	439.9	443.9	399.8	500.0	7.983388857496203
5	481.6	457.2	350.4	500.0	7.988710735031591
5	476.79999999999995	461.68	362.2	500.0	7.981030282970615
5	494.6	455.84	296.6	500.0	7.970407920687766
5	441.7	444.9	372.2	496.6	7.984893454335458
5	455.2	456.67999999999995	413.2	500.0	7.982707141990078
5	462.79999999999995	458.55999999999995	422.0	494.2	7.965595637870646
5	468.70000000000005	445.93999999999994	347.8	500.0	7.954490772724296
5	472.6	451.98	279.8	500.0	7.962609506118973
5	484.4	464.58000000000004	388.4	500.0	7.947567909023815
5	471.5	466.9	419.6	500.0	7.932305353767101
5	480.6	470.28000000000003	418.6	500.0	7.923180716775747
5	440.9	419.28000000000003	257.2	500.0	7.915981029979118
5	475.3	459.9	353.4	500.0	7.921871671272371
5	486.8	456.8	241.6	500.0	7.908697955315232
5	470.1	461.38	399.6	500.0	7.899799471297158
5	467.70000000000005	453.2799999999999	356.0	500.0	7.897278573751654
5	498.8	477.16	414.4	500.0	7.89935386287484
5	487.6	459.96000000000004	333.0	500.0	7.8796909066091185
5	462.20000000000005	454.96000000000004	410.0	500.0	7.8714341012423255
5	480.0	462.55999999999995	373.4	500.0	7.862596128047312
5	489.6	449.68	304.6	500.0	7.854913117577306
5	473.70000000000005	464.9	413.0	500.0	7.830030039985886
5	493.29999999999995	487.41999999999996	459.2	500.0	7.819435759301584
5	498.9	476.73999999999995	425.0	500.0	7.804323768894321
5	500.0	471.41999999999996	367.2	500.0	7.822269448906215
5	475.4	452.56000000000006	351.8	500.0	7.805717834465446
5	452.6	447.12	352.6	500.0	7.81871492012913
5	500.0	489.17999999999995	450.6	500.0	7.8210235883614
5	488.9	465.76000000000005	392.2	500.0	7.817133689587897
5	452.70000000000005	448.88	360.4	500.0	7.815184669335594
5	471.9	455.38	362.0	500.0	7.820578757896328
5	483.3	469.34	393.0	500.0	7.817836333788826
5	463.4	452.5200000000001	302.0	500.0	7.79230260706442
5	459.7	435.15999999999997	290.8	500.0	7.794057689851717
5	435.3	427.8	317.0	500.0	7.778078450594001
5	488.70000000000005	474.98	385.4	500.0	7.778561938898307
5	441.0	438.26000000000005	346.0	500.0	7.775671449960679
5	460.5	459.4200000000001	425.6	500.0	7.788127490896725
5	471.5	459.64	387.4	500.0	7.799241885923165
5	412.0	416.34	271.8	500.0	7.799575834789792
5	481.0	467.9	405.4	500.0	7.804121332078381
5	460.70000000000005	457.34	398.4	500.0	7.790455116905809
5	474.5	453.12	342.2	500.0	7.806300540598069
5	448.20000000000005	433.91999999999996	324.2	500.0	7.813553400766775
5	465.20000000000005	460.78000000000003	394.0	500.0	7.8173056160746635
5	464.70000000000005	443.30000000000007	281.6	500.0	7.822615131082325
5	474.4	469.0	406.0	500.0	7.814758387080729
5	458.29999999999995	457.67999999999995	352.4	500.0	7.8048254177845955
5	473.6	469.7000000000001	423.0	500.0	7.8051942506704055
5	493.70000000000005	478.14000000000004	420.0	500.0	7.800620191312084
5	430.0	428.87999999999994	286.2	500.0	7.796955477153459
5	500.0	459.9	312.0	500.0	7.801726838414137
5	483.4	453.14	315.6	500.0	7.808847180088437
5	500.0	480.5	420.2	500.0	7.82641639182569
5	444.2	425.14	248.2	500.0	7.820350221145886
5	491.5	473.48	392.8	500.0	7.819514729696048
5	464.79999999999995	459.5	403.4	500.0	7.822815244838945
5	493.20000000000005	471.14	387.6	500.0	7.819754958529242
5	472.6	447.36	318.6	500.0	7.821270556126915
5	444.0	444.1	377.6	500.0	7.820130022752818
5	475.7	466.86	387.2	500.0	7.833280346458077
5	433.8	447.5799999999999	384.2	500.0	7.819757376712892
5	478.1	455.6	277.2	500.0	7.829133926327652
5	496.2	482.82	435.0	500.0	7.841264094462482
5	457.1	443.75999999999993	352.6	491.8	7.854785936210608
5	451.1	446.74000000000007	334.8	500.0	7.8524046250070025
5	448.7	437.58000000000004	279.6	500.0	7.845265029635694
5	425.7	419.46000000000004	291.4	500.0	7.850176315627331
5	483.8	460.67999999999995	349.8	500.0	7.86222721035546
5	473.9	451.03999999999996	339.0	500.0	7.874085573235537
5	444.70000000000005	446.64000000000004	384.4	494.6	7.89402964997957
5	474.70000000000005	455.16	319.4	500.0	7.892240599931475
5	471.70000000000005	437.64000000000004	218.4	500.0	7.886250464921143
5	459.5	450.18	376.4	500.0	7.880335856176486
5	473.20000000000005	453.41999999999996	333.6	500.0	7.85639330287384
5	406.4	407.96	287.2	499.8	7.85824117702568
5	411.6	400.98	259.4	500.0	7.8491156313550245
5	454.6	444.14	340.0	500.0	7.846554317801221
5	471.79999999999995	444.23999999999995	341.6	500.0	7.843721199734323
5	410.4	421.62	343.8	489.0	7.850355476782675
5	469.3	459.5200000000001	402.8	500.0	7.85453246585396
5	457.9	453.2	401.4	500.0	7.84951381966204
5	439.7	443.03999999999996	375.6	500.0	7.838904568156202
5	428.3	424.4799999999999	313.6	500.0	7.851254207344652
5	449.20000000000005	425.43999999999994	293.0	500.0	7.844303497638763
5	430.9	434.02	350.4	497.2	7.830901386734891
5	444.8	444.5	364.0	500.0	7.828272196763809
5	420.1	423.7200000000001	364.0	500.0	7.84279900444565
5	444.2	424.4	295.0	500.0	7.862237938928627
5	427.5	437.37999999999994	347.8	500.0	7.866879154804608
5	500.0	474.16	401.2	500.0	7.876081473334555
5	415.0	408.56000000000006	244.6	500.0	7.871981028160115
5	481.9	463.7	376.6	500.0	7.8618802372527385
5	435.29999999999995	445.62	410.4	500.0	7.8660116334392916
5	414.6	427.88	364.6	500.0	7.86078386515628
5	490.5	439.82	268.8	500.0	7.858410680236801
5	464.6	451.91999999999996	363.6	500.0	7.855653967963193
5	436.6	425.86	329.2	500.0	7.859496679162552
5	462.3	463.62	417.4	500.0	7.858219821683452
5	497.1	466.02	225.8	500.0	7.850563097285774
5	461.6	463.44000000000005	409.6	500.0	7.854476224528902
5	440.5	421.43999999999994	295.8	485.8	7.860618822704794
5	455.70000000000005	445.26000000000005	350.6	500.0	7.87189113431936
5	419.9	432.03999999999996	356.4	500.0	7.879928862091665
5	493.5	468.16	397.0	500.0	7.890173336887081
5	454.79999999999995	448.6	337.0	500.0	7.895878448500761
5	483.70000000000005	464.96000000000004	388.8	500.0	7.902122731346261
5	490.5	473.7	416.2	500.0	7.910304416099134
5	458.5	460.6	406.0	500.0	7.913440519022819
5	494.7	459.66	356.4	500.0	7.915189632466896
5	500.0	486.64	434.2	500.0	7.914463259680795
5	500.0	476.34	419.8	500.0	7.909775968582987
5	490.6	455.06000000000006	315.0	500.0	7.899758234846797
5	500.0	480.03999999999996	390.8	500.0	7.910472348074624
5	478.9	456.7	376.0	500.0	7.899345925063935
5	500.0	493.0	470.2	500.0	7.896613153152549
5	461.70000000000005	437.28000000000003	290.6	500.0	7.878244399401776
5	500.0	491.38	447.4	500.0	7.880949432914119
5	485.9	465.23999999999995	392.4	500.0	7.875475205907112
5	500.0	488.46000000000004	426.6	500.0	7.873770722319853
5	493.5	474.38	405.2	500.0	7.8701317013385514
5	483.4	471.2	373.4	500.0	7.873299030843009
5	482.20000000000005	462.66	353.0	500.0	7.883959176396235
5	496.3	473.0	393.4	500.0	7.888299769387546
5	480.7	466.34000000000003	421.8	500.0	7.889947351385385
5	499.9	473.16	410.4	500.0	7.889122708270208
5	466.2	466.41999999999996	407.2	500.0	7.899892263636361
5	496.0	469.58000000000004	389.8	500.0	7.905994396238756
5	500.0	484.02	431.0	500.0	7.899420544454452
5	500.0	488.1	420.2	500.0	7.903236280798046
5	494.2	467.7799999999999	394.4	500.0	7.915111217721815
5	493.5	479.5999999999999	425.4	500.0	7.891408354276251
5	495.8	475.03999999999996	429.0	500.0	7.887866752055671
5	497.4	491.0	473.6	500.0	7.884016134422089
5	484.20000000000005	469.32	410.2	500.0	7.865328848650933
5	484.0	467.58000000000004	389.2	500.0	7.842906615644664
5	500.0	486.58000000000004	429.6	500.0	7.848699320607057
5	476.8	478.06000000000006	449.6	500.0	7.867632976372384
5	483.0	476.87999999999994	425.6	500.0	7.86524819209682
5	426.5	416.4	263.4	500.0	7.856453730354898
5	500.0	476.08000000000004	392.2	500.0	7.881617158810864
5	500.0	477.4599999999999	410.4	500.0	7.890429992502522
5	498.5	475.78000000000003	413.0	500.0	7.887807312249163
5	500.0	481.34	372.4	500.0	7.900292264831579
5	458.0	450.62	383.2	500.0	7.914773720742026
5	499.5	480.56000000000006	349.2	500.0	7.907203744589273
5	500.0	470.73999999999995	342.4	500.0	7.903673824801608
5	493.9	461.82	368.4	500.0	7.900004122929663
5	500.0	477.62	356.8	500.0	7.885624562089339
5	492.2	482.23999999999995	439.0	500.0	7.8951610855183745
5	500.0	500.0	500.0	500.0	7.906797331852403
5	499.8	484.5400000000001	411.4	500.0	7.906797331852403
5	492.5	473.91999999999996	411.2	500.0	7.9176850057872095
5	497.2	477.46000000000004	409.2	500.0	7.919532779963647
5	471.2	465.15999999999997	380.8	500.0	7.910419878809453
5	474.2	445.78000000000003	200.2	500.0	7.9010482026648505
5	500.0	480.71999999999997	354.6	500.0	7.90677544217445
5	478.9	460.3	393.8	500.0	7.914345895088966
5	500.0	485.02	434.0	500.0	7.890141490510093
5	496.5	472.75999999999993	367.6	500.0	7.882357874347108
5	500.0	470.62	409.2	500.0	7.902077169883723
5	498.2	475.28000000000003	409.4	500.0	7.890511525894707
5	494.29999999999995	455.12000000000006	300.0	500.0	7.872098761169427
5	469.5	464.53999999999996	408.0	500.0	7.864313237592966
5	455.7	461.34	410.6	500.0	7.853612345512607
5	482.1	469.84	394.0	500.0	7.846998475770235
5	485.6	455.18	296.6	500.0	7.85773211801239
5	453.0	461.38	410.8	500.0	7.86139665479021
5	481.4	459.15999999999997	340.2	500.0	7.863209973743001
5	500.0	480.62	372.0	500.0	7.8520247552186415
5	486.7	467.23999999999995	402.4	500.0	7.859940407039976
5	497.20000000000005	489.74000000000007	465.0	500.0	7.85406485228003
5	490.9	469.9	406.2	500.0	7.84408741149193
5	500.0	488.56000000000006	443.8	500.0	7.818454588071216
5	499.9	487.03999999999996	444.0	500.0	7.809623206073522
5	485.6	479.2	427.6	500.0	7.7937275473805485
5	500.0	470.58000000000004	351.8	500.0	7.810250493638748
5	500.0	479.03999999999996	392.2	500.0	7.827764431147186
5	492.1	473.82	403.2	500.0	7.838283569340959
5	500.0	481.5	404.4	500.0	7.814137556746549
5	500.0	478.58000000000004	419.0	500.0	7.799999693844041
5	496.3	479.62	419.4	500.0	7.794921473424272
5	493.1	468.2999999999999	393.6	500.0	7.8092181264055895
5	488.8	483.38	445.4	500.0	7.806871443925181
5	491.7	457.06000000000006	380.4	500.0	7.806399871405501
5	454.5	445.28000000000003	330.8	500.0	7.813361088486885
5	447.2	438.2	347.2	500.0	7.800027175150871
5	500.0	476.7	305.0	500.0	7.800782358161861
5	456.6	442.64	324.4	500.0	7.8153308639139345
5	468.9	456.76000000000005	333.8	500.0	7.828700294876745
5	462.20000000000005	444.0799999999999	331.8	500.0	7.829118995981636
5	435.4	433.64	378.0	500.0	7.837777989364361
5	481.8	441.98	323.2	500.0	7.856391571512498
5	476.1	453.66	359.2	500.0	7.839914868028655
5	459.2	459.08000000000004	346.8	500.0	7.822259307347221
5	450.1	451.8	357.2	500.0	7.826120483343128
5	485.2	454.26000000000005	291.8	500.0	7.811035818437861
5	490.5	467.68	385.4	500.0	7.803309285983569
5	440.7	439.91999999999996	380.2	500.0	7.794363550823542
5	451.0	435.34000000000003	306.4	500.0	7.7873031528941805
5	491.8	480.56000000000006	438.2	500.0	7.809365251728792
5	431.9	432.58000000000004	363.8	500.0	7.7936496159315904
5	425.20000000000005	422.73999999999995	331.6	500.0	7.783644872308123
5	497.6	462.14	346.2	500.0	7.779532524977733
5	498.1	466.26000000000005	365.6	500.0	7.782911794725091
5	500.0	486.3	442.4	500.0	7.778531125291548
5	477.1	462.64000000000004	377.8	500.0	7.7784435001117105
5	500.0	478.8	410.4	500.0	7.789256711938956
5	500.0	488.43999999999994	439.8	500.0	7.7879615209252515
5	500.0	475.5	336.8	500.0	7.791393719251053
5	500.0	483.1	410.2	500.0	7.790018277117264
5	453.9	460.23999999999995	410.6	500.0	7.78904004533097
5	466.1	458.4599999999999	363.0	500.0	7.78052767814402
5	492.9	478.32000000000005	399.6	500.0	7.774773084184148
5	500.0	483.66	413.2	500.0	7.780809234426188
5	500.0	478.1	411.4	500.0	7.7820715702484655
5	500.0	474.64000000000004	409.8	500.0	7.762435305399398
5	500.0	490.88	457.6	500.0	7.764128429272644
5	500.0	496.4	484.2	500.0	7.765726015833651
5	500.0	471.98	388.4	500.0	7.765271270999142
5	500.0	491.32	466.4	500.0	7.751051748964632
5	495.1	480.6	419.6	500.0	7.744378192428946
5	500.0	490.26000000000005	449.2	500.0	7.725105241807641
5	500.0	490.06000000000006	463.0	500.0	7.7234197811972685
5	500.0	488.0	417.4	500.0	7.726341599825205
5	500.0	482.4	408.6	500.0	7.718320499157164
5	500.0	491.06000000000006	418.0	500.0	7.7076573072073025
5	500.0	489.71999999999997	457.2	500.0	7.703942209754758
5	500.0	491.66	416.6	500.0	7.704955381525889
5	500.0	489.35999999999996	447.0	500.0	7.710769032809092
5	495.8	470.3	365.2	500.0	7.724646944477437
5	500.0	495.96000000000004	470.6	500.0	7.714925785673093
5	500.0	483.82	439.0	500.0	7.736172411421695
5	500.0	479.06000000000006	402.4	500.0	7.739011932539218
5	500.0	477.9599999999999	407.4	500.0	7.745332359670327
5	479.3	460.64	384.8	500.0	7.758587924528231
5	500.0	481.62	418.4	500.0	7.755944221452322
5	487.6	470.55999999999995	402.4	500.0	7.737487048480936
5	480.0	461.68	357.6	500.0	7.727398595791089
5	500.0	493.71999999999997	444.6	500.0	7.731294520760953
5	500.0	487.2200000000001	424.4	500.0	7.740552255880771
5	500.0	490.3	403.0	500.0	7.729518562391303
5	481.29999999999995	458.4	338.2	500.0	7.7280616012708
5	490.6	461.4	342.0	500.0	7.751972937648126
5	500.0	478.46000000000004	339.4	500.0	7.766035142243333
5	494.5	467.41999999999996	374.6	500.0	7.746299368481737
5	500.0	493.34	441.6	500.0	7.732746483047511
5	494.3	464.7200000000001	400.0	500.0	7.729464722602915
5	482.1	466.21999999999997	363.4	500.0	7.723555115868789
5	479.7	459.0799999999999	360.2	500.0	7.701716935208842
5	500.0	497.53999999999996	484.4	500.0	7.709685816406211
5	500.0	491.53999999999996	423.0	500.0	7.721363259525972
5	491.5	458.08000000000004	344.0	500.0	7.7230933301420945
5	499.2	464.21999999999997	331.6	500.0	7.711186480147536
5	500.0	465.71999999999997	360.8	500.0	7.6965579824405665
5	490.0	462.78000000000003	296.2	500.0	7.69563716210397
5	500.0	473.6	369.6	500.0	7.680978393803499
5	500.0	492.74000000000007	429.6	500.0	7.67727766779335
5	500.0	481.67999999999995	424.8	500.0	7.690697793801601
5	499.1	482.76000000000005	424.6	500.0	7.687175764708172
5	486.8	469.68	388.2	500.0	7.686774770613584
5	441.4	425.84	286.6	500.0	7.678978731785101
5	500.0	488.06000000000006	418.8	500.0	7.670413038507538
5	468.8	460.86	395.4	500.0	7.6562568664718595
5	500.0	491.58000000000004	469.6	500.0	7.651801779305505
5	500.0	495.34	453.4	500.0	7.644470297873863
5	500.0	487.62	454.6	500.0	7.638589178689612
5	500.0	474.7	382.4	500.0	7.642845311554188
5	439.79999999999995	433.0799999999999	362.2	500.0	7.656165271296336
5	496.3	470.03999999999996	356.8	500.0	7.661652660898642
5	430.5	443.1	405.4	500.0	7.680219384639009
5	500.0	476.78000000000003	352.6	500.0	7.692890002740699
5	500.0	478.62	437.6	500.0	7.687517448187268
5	500.0	477.9599999999999	407.2	500.0	7.700023295927733
5	500.0	471.64	343.2	500.0	7.704671737689258
5	486.1	452.94000000000005	355.2	500.0	7.7057936376978935
5	428.6	433.3	311.2	500.0	7.708867719660864
5	481.4	459.64000000000004	337.4	500.0	7.72601197536826
5	437.8	420.0400000000001	340.8	500.0	7.740610722073649
5	466.0	452.03999999999996	363.0	500.0	7.739231977547903
5	442.0	449.8	395.4	500.0	7.732935089495334
5	477.9	475.4	433.0	500.0	7.748503285227914
5	478.0	451.91999999999996	306.4	500.0	7.742443653508181
5	477.6	481.58000000000004	461.4	500.0	7.7447337238152505
5	458.1	442.91999999999996	279.4	500.0	7.753928013225541
5	460.5	448.65999999999997	352.4	500.0	7.750328745294029
5	475.2	456.4	354.0	500.0	7.7658372119042935
5	496.1	459.2	344.0	500.0	7.753718222527538
5	500.0	481.68	413.4	500.0	7.7664306188401095
5	498.7	460.21999999999997	335.4	500.0	7.762728891200295
5	446.9	455.2	412.6	500.0	7.782833244622503
5	466.70000000000005	441.1	313.4	500.0	7.783577765832545
5	495.20000000000005	464.48	355.2	500.0	7.762889752175982
5	475.7	463.56000000000006	411.0	500.0	7.782474505936739
5	489.7	471.86	383.4	500.0	7.809225876823538
5	459.20000000000005	462.62	397.6	500.0	7.822961744140049
5	500.0	478.16	414.4	500.0	7.80381585147093
5	490.0	476.9	405.4	500.0	7.808272832418291
5	466.2	445.73999999999995	297.4	500.0	7.803670727675204
5	481.5	474.32	422.6	500.0	7.792990590242123
5	491.1	472.78000000000003	418.0	500.0	7.828484377519018
5	468.7	449.12	336.0	499.8	7.842050982050353
5	488.0	475.28000000000003	423.6	500.0	7.842612401150831
5	481.79999999999995	472.98	393.0	500.0	7.825142154242928
5	490.3	460.88	318.0	500.0	7.800284014911327
5	460.0	432.46000000000004	262.6	500.0	7.786401315832983
5	485.4	461.86	377.2	500.0	7.785886552194922
5	485.29999999999995	464.64	353.0	500.0	7.797266492108864
5	500.0	487.18	415.0	500.0	7.806528987227743
5	481.2	470.4	392.8	500.0	7.819715668028284
5	481.29999999999995	468.24000000000007	389.4	500.0	7.8173545881985875
5	500.0	468.9	357.0	500.0	7.807253454713259
5	491.3	478.4	437.6	500.0	7.817871158667884
5	500.0	492.76000000000005	428.4	500.0	7.821572469624937
5	484.4	465.24000000000007	383.8	500.0	7.834979254852891
5	460.1	447.41999999999996	349.0	500.0	7.840217178585585
5	499.3	477.73999999999995	409.2	500.0	7.839313099749433
5	459.3	447.66	323.0	500.0	7.849922793667466
5	500.0	477.84	392.0	500.0	7.841233030845492
5	496.1	468.55999999999995	355.0	500.0	7.842804619279531
5	500.0	478.86	394.4	500.0	7.861220769503661
5	500.0	482.56000000000006	379.6	500.0	7.847334065628517
5	500.0	493.23999999999995	455.8	500.0	7.869879387747733
5	499.4	489.86	458.8	500.0	7.853329464306009
5	500.0	472.64	354.2	500.0	7.859777969303146
5	499.3	481.98	428.0	500.0	7.871942243996454
5	477.1	468.5	421.4	500.0	7.881357868842315
5	496.0	471.06000000000006	381.8	500.0	7.885762916595373
5	459.2	462.5799999999999	411.4	500.0	7.883018971700275
5	470.9	464.36	401.0	500.0	7.879862556640727
5	500.0	470.38	410.8	500.0	7.898912564315204
5	500.0	477.7200000000001	385.2	500.0	7.895247415604628
5	489.8	466.16	356.4	500.0	7.87168852972108
5	488.2	458.91999999999996	357.0	500.0	7.891865173713007
5	483.4	464.4599999999999	369.2	500.0	7.894806867553592
5	496.8	473.21999999999997	376.4	500.0	7.900212481218731
5	441.5	440.25999999999993	290.8	500.0	7.915425724183595
5	500.0	485.26000000000005	440.0	500.0	7.9208094171682735
5	454.79999999999995	423.7	277.2	500.0	7.915686504309712
5	449.0	435.6	311.6	500.0	7.947220700767647
5	492.6	457.1	304.8	500.0	7.959849706540103
5	500.0	486.7	439.4	500.0	7.9927561960529605
5	479.4	462.18	386.4	500.0	7.995634769228191
5	487.8	478.76000000000005	427.2	500.0	7.988464926817896
5	496.9	487.7	457.4	500.0	7.9806202654688905
5	461.1	440.1	284.4	500.0	7.979878822819466
5	486.2	477.43999999999994	414.6	500.0	7.978910719313528
5	500.0	463.14	331.4	500.0	7.991449839809703
5	500.0	452.7	225.6	500.0	7.988516693467805
5	462.0	453.12	345.6	500.0	7.991164281224015
5	500.0	479.85999999999996	404.0	500.0	7.989797579480415
5	500.0	475.14000000000004	307.4	500.0	7.979935874448165
5	500.0	481.88	390.0	500.0	8.002045811708838
5	456.4	437.03999999999996	296.4	500.0	8.000127523751551
5	498.2	470.9200000000001	357.2	500.0	7.986441150267392
5	455.6	453.7799999999999	392.0	500.0	7.986990727033511
5	500.0	498.16	490.4	500.0	7.98815042196143
5	500.0	487.86	419.4	500.0	7.983420600259449
5	499.2	491.0	451.0	500.0	7.996333210179309
5	462.3	462.5	423.8	500.0	7.996101697958395
5	491.1	476.43999999999994	415.6	500.0	8.005254283896585
5	494.3	473.5	415.0	500.0	8.001444841992669
5	500.0	493.5400000000001	436.6	500.0	7.987137196318314
5	458.9	460.66	405.0	500.0	7.983174175608677
5	472.0	470.2	429.8	500.0	7.978070273364144
5	500.0	469.41999999999996	357.4	500.0	7.964933153774204
5	500.0	460.87999999999994	359.2	500.0	7.966392936297544
5	484.3	478.18	438.8	500.0	7.9309938512726905
5	496.1	475.5	418.4	500.0	7.937121002708423
5	498.7	469.4	370.8	500.0	7.945421588083331
5	500.0	487.67999999999995	410.0	500.0	7.94212226729141
5	500.0	492.55999999999995	457.2	500.0	7.945137286476839
5	500.0	485.28000000000003	403.8	500.0	7.938178157046003
5	495.1	481.88	447.8	500.0	7.93014347460245
