	13.0
	38.0
	18.0
	30.0
	30.0
	170.0
	43.0
	62.0
	155.0
	164.0
	144.0
	85.0
	88.0
	121.0
	62.0
	107.0
	32.0
	183.0
	98.0
	63.0
	37.0
	143.0
	78.0
	100.0
	64.0
	100.0
	126.0
	84.0
	109.0
	17.0
	48.0
	96.0
	50.0
	75.0
	75.0
	21.0
	115.0
	73.0
	127.0
	138.0
	50.0
	75.0
	72.0
	34.0
	91.0
	14.0
	46.0
	103.0
	61.0
	47.0
	99.0
	145.0
	124.0
	129.0
	33.0
	78.0
	62.0
	205.0
	185.0
	91.0
	105.0
	102.0
	44.0
	106.0
	75.0
	52.0
	107.0
	95.0
	60.0
	83.0
	100.0
	71.0
	92.0
	23.0
	57.0
	114.0
	36.0
	26.0
	57.0
	73.0
	36.0
	42.0
	129.0
	78.0
	82.0
	112.0
	122.0
	104.0
	98.0
	117.0
	43.0
	139.0
	39.0
	34.0
	57.0
	63.0
	89.0
	116.0
	138.0
	100.0
	93.0
	41.0
	23.0
	132.0
	90.0
	140.0
	38.0
	133.0
	63.0
	10.0
	88.0
	11.0
	12.0
	68.0
	46.0
	24.0
	70.0
	113.0
	89.0
	96.0
	30.0
	59.0
	32.0
	35.0
	91.0
	28.0
	101.0
	79.0
	78.0
	41.0
	45.0
	88.0
	70.0
	58.0
	103.0
	43.0
	75.0
	15.0
	79.0
	97.0
	32.0
	50.0
	125.0
	83.0
	56.0
	112.0
	26.0
	22.0
	91.0
	23.0
	72.0
	55.0
	87.0
	47.0
	92.0
	74.0
	75.0
	20.0
	74.0
	74.0
	112.0
	119.0
	39.0
	93.0
	119.0
	70.0
	14.0
	53.0
	21.0
	148.0
	121.0
	67.0
	23.0
	134.0
	98.0
	90.0
	167.0
	81.0
	124.0
	77.0
	121.0
	69.0
	115.0
	41.0
	91.0
	33.0
	34.0
	38.0
	51.0
	19.0
	63.0
	76.0
	61.0
	125.0
	49.0
	166.0
	21.0
	86.0
	31.0
	62.0
	28.0
	73.0
	10.0
	131.0
	81.0
	89.0
	73.0
	86.0
	155.0
	78.0
	57.0
	33.0
	36.0
	125.0
	140.0
	128.0
	89.0
	18.0
	82.0
	39.0
	94.0
	31.0
	44.0
	86.0
	88.0
	79.0
	19.0
	34.0
	53.0
	29.0
	37.0
	30.0
	101.0
	71.0
	23.0
	97.0
	73.0
	57.0
	24.0
	93.0
	48.0
	14.0
	64.0
	61.0
	107.0
	37.0
	74.0
	15.0
	20.0
	98.0
	105.0
	20.0
	93.0
	104.0
	79.0
	96.0
	94.0
	72.0
	30.0
	182.0
	53.0
	101.0
	97.0
	67.0
	38.0
	62.0
	43.0
	69.0
	113.0
	120.0
	79.0
	49.0
	30.0
	14.0
	112.0
	96.0
	103.0
	105.0
	68.0
	77.0
	110.0
	45.0
	56.0
	126.0
	134.0
	98.0
	90.0
	94.0
	122.0
	41.0
	77.0
	143.0
	129.0
	22.0
	132.0
	29.0
	76.0
	57.0
	136.0
	29.0
	91.0
	22.0
	82.0
	67.0
	26.0
	71.0
	40.0
	88.0
	118.0
	60.0
	73.0
	15.0
	24.0
	128.0
	56.0
	209.0
	166.0
	65.0
	82.0
	88.0
	46.0
	64.0
	32.0
	18.0
	20.0
	77.0
	96.0
	134.0
	82.0
	131.0
	34.0
	105.0
	29.0
	75.0
	56.0
	118.0
	60.0
	26.0
	35.0
	59.0
	143.0
	30.0
	39.0
	21.0
	68.0
	79.0
	80.0
	52.0
	84.0
	33.0
	82.0
	86.0
	109.0
	75.0
	60.0
	85.0
	63.0
	75.0
	158.0
	107.0
	24.0
	91.0
	19.0
	56.0
	33.0
	38.0
	153.0
	26.0
	132.0
	89.0
	17.0
	101.0
	78.0
	83.0
	89.0
	20.0
	118.0
	145.0
	60.0
	81.0
	40.0
	131.0
	18.0
	38.0
	31.0
	99.0
	61.0
	42.0
	12.0
	38.0
	63.0
	43.0
	167.0
	70.0
	26.0
	40.0
	48.0
	115.0
	76.0
	79.0
	69.0
	88.0
	105.0
	77.0
	74.0
	98.0
	38.0
	67.0
	48.0
	24.0
	119.0
	69.0
	24.0
	65.0
	57.0
	72.0
	53.0
	66.0
	76.0
	68.0
	62.0
	49.0
	67.0
	50.0
	34.0
	77.0
	129.0
	100.0
	114.0
	23.0
	100.0
	53.0
	42.0
	30.0
	33.0
	45.0
	76.0
	18.0
	42.0
	69.0
	138.0
	121.0
	13.0
	111.0
	80.0
	40.0
	81.0
	70.0
	38.0
	34.0
	49.0
	68.0
	19.0
	81.0
	75.0
	17.0
	99.0
	28.0
	47.0
	22.0
	75.0
	26.0
	83.0
	51.0
	57.0
	88.0
	88.0
	98.0
	51.0
	74.0
	51.0
	37.0
	21.0
	40.0
	114.0
	90.0
	132.0
	42.0
	85.0
	49.0
	76.0
	83.0
	81.0
	39.0
	42.0
	26.0
	93.0
	36.0
	95.0
	114.0
	45.0
	39.0
	127.0
	117.0
	17.0
	35.0
	124.0
	72.0
	21.0
	28.0
	78.0
	101.0
	47.0
	109.0
	76.0
	19.0
	120.0
	61.0
	63.0
	55.0
	39.0
	39.0
	50.0
	110.0
	62.0
	78.0
	32.0
	22.0
	128.0
	88.0
	31.0
	65.0
	14.0
	22.0
	14.0
	99.0
	155.0
	30.0
	28.0
	34.0
	68.0
	73.0
	50.0
	28.0
	127.0
	39.0
	59.0
	20.0
	55.0
	125.0
	148.0
	50.0
	17.0
	27.0
	30.0
	25.0
	39.0
	44.0
	85.0
	67.0
	77.0
	49.0
	50.0
	89.0
	83.0
	134.0
	62.0
	19.0
	85.0
	110.0
	78.0
	13.0
	85.0
	118.0
	15.0
	61.0
	97.0
	25.0
	97.0
	170.0
	33.0
	113.0
	113.0
	76.0
	164.0
	72.0
	23.0
	48.0
	58.0
	83.0
	12.0
	39.0
	66.0
	70.0
	77.0
	23.0
	135.0
	107.0
	33.0
	32.0
	60.0
	37.0
	87.0
	35.0
	47.0
	122.0
	112.0
	114.0
	28.0
	27.0
	96.0
	38.0
	74.0
	48.0
	51.0
	40.0
	31.0
	132.0
	17.0
	26.0
	86.0
	65.0
	60.0
	127.0
	88.0
	131.0
	36.0
	32.0
	131.0
	28.0
	130.0
	73.0
	58.0
	163.0
	95.0
	41.0
	37.0
	28.0
	30.0
	37.0
	33.0
	18.0
	16.0
	45.0
	91.0
	23.0
	70.0
	132.0
	123.0
	101.0
	89.0
	98.0
	92.0
	26.0
	30.0
	102.0
	124.0
	29.0
	63.0
	100.0
	39.0
	29.0
	34.0
	27.0
	40.0
	66.0
	55.0
	74.0
	97.0
	82.0
	76.0
	152.0
	63.0
	19.0
	170.0
	83.0
	102.0
	51.0
	25.0
	31.0
	93.0
	196.0
	80.0
	77.0
	33.0
	55.0
	9.0
	78.0
	109.0
	144.0
	111.0
	99.0
	114.0
	23.0
	61.0
	103.0
	136.0
	125.0
	116.0
	42.0
	90.0
	91.0
	79.0
	67.0
	63.0
	47.0
	86.0
	136.0
	59.0
	10.0
	113.0
	117.0
	73.0
	146.0
	102.0
	51.0
	54.0
	98.0
	29.0
	25.0
	75.0
	50.0
	32.0
	14.0
	36.0
	108.0
	22.0
	24.0
	193.0
	43.0
	86.0
	33.0
	13.0
	17.0
	20.0
	72.0
	75.0
	25.0
	18.0
	15.0
	71.0
	49.0
	132.0
	17.0
	42.0
	107.0
	36.0
	17.0
	31.0
	97.0
	30.0
	96.0
	36.0
	87.0
	84.0
	139.0
	100.0
	79.0
	52.0
	30.0
	17.0
	74.0
	85.0
	80.0
	87.0
	137.0
	98.0
	64.0
	90.0
	13.0
	60.0
	86.0
	68.0
	110.0
	45.0
	102.0
	49.0
	174.0
	48.0
	122.0
	123.0
	123.0
	55.0
	85.0
	15.0
	70.0
	26.0
	84.0
	67.0
	141.0
	157.0
	76.0
	39.0
	160.0
	36.0
	155.0
	64.0
	84.0
	49.0
	89.0
	60.0
	24.0
	31.0
	124.0
	66.0
	73.0
	59.0
	34.0
	52.0
	28.0
	36.0
	59.0
	43.0
	174.0
	70.0
	94.0
	100.0
	41.0
	152.0
	73.0
	130.0
	122.0
	85.0
	71.0
	57.0
	112.0
	63.0
	31.0
	72.0
	59.0
	132.0
	94.0
	82.0
	26.0
	18.0
	134.0
	141.0
	17.0
	108.0
	81.0
	34.0
	10.0
	41.0
	66.0
	83.0
	76.0
	57.0
	131.0
	116.0
	101.0
	197.0
	133.0
	53.0
	62.0
	119.0
	32.0
	129.0
	68.0
	175.0
	70.0
	41.0
	48.0
	125.0
	62.0
	117.0
	15.0
	69.0
	97.0
	127.0
	44.0
	78.0
	42.0
	75.0
	17.0
	80.0
	47.0
	72.0
	96.0
	64.0
	54.0
	132.0
	32.0
	168.0
	102.0
	64.0
	63.0
	130.0
	132.0
	68.0
	25.0
	72.0
	16.0
	140.0
	64.0
	69.0
	66.0
	97.0
	166.0
	140.0
	31.0
	86.0
	19.0
	52.0
	180.0
	34.0
	57.0
	34.0
	27.0
	28.0
	118.0
	40.0
	144.0
	52.0
	207.0
	149.0
	129.0
	121.0
	47.0
	64.0
	51.0
	107.0
	45.0
	87.0
	150.0
	42.0
	148.0
	148.0
	151.0
	142.0
	78.0
	12.0
	89.0
	89.0
	223.0
	36.0
	53.0
	44.0
	81.0
	38.0
	102.0
	189.0
	128.0
	133.0
	156.0
	61.0
	38.0
	21.0
	44.0
	141.0
	121.0
	116.0
	155.0
	26.0
	85.0
	33.0
	102.0
	68.0
	28.0
	151.0
	67.0
	60.0
	42.0
	45.0
	119.0
	113.0
	93.0
	108.0
	18.0
	72.0
	63.0
	26.0
	145.0
	59.0
	44.0
	31.0
	53.0
	67.0
	123.0
	153.0
	82.0
	25.0
	135.0
	35.0
	28.0
	19.0
	41.0
	114.0
	209.0
	56.0
	63.0
	135.0
	114.0
	134.0
	156.0
	45.0
	148.0
	22.0
	45.0
	49.0
	71.0
	110.0
	40.0
	23.0
	73.0
	67.0
	81.0
	38.0
	125.0
	64.0
	127.0
	76.0
	12.0
	67.0
	28.0
	37.0
	106.0
	72.0
	111.0
	38.0
	79.0
	187.0
	123.0
	117.0
	48.0
	92.0
	64.0
	132.0
	31.0
	39.0
	27.0
	68.0
	121.0
	25.0
	85.0
	182.0
	33.0
	53.0
	17.0
	159.0
	88.0
	88.0
	127.0
	53.0
	104.0
	155.0
	117.0
	82.0
	115.0
	41.0
	172.0
	48.0
	35.0
	54.0
	313.0
	35.0
	115.0
	174.0
	42.0
	72.0
	162.0
	136.0
	14.0
	74.0
	24.0
	14.0
	153.0
	100.0
	29.0
	98.0
	153.0
	91.0
	34.0
	29.0
	60.0
	17.0
	35.0
	24.0
	135.0
	162.0
	26.0
	106.0
	58.0
	105.0
	119.0
	139.0
	57.0
	156.0
	70.0
	143.0
	136.0
	124.0
	89.0
	110.0
	70.0
	164.0
	170.0
	87.0
	40.0
	86.0
	168.0
	55.0
	47.0
	69.0
	124.0
	14.0
	111.0
	20.0
	83.0
	43.0
	15.0
	90.0
	127.0
	54.0
	69.0
	44.0
	137.0
	85.0
	107.0
	50.0
	75.0
	80.0
	23.0
	123.0
	82.0
	31.0
	108.0
	149.0
	105.0
	76.0
	53.0
	90.0
	168.0
	39.0
	94.0
	96.0
	21.0
	141.0
	228.0
	76.0
	22.0
	77.0
	148.0
	16.0
	75.0
	59.0
	48.0
	49.0
	18.0
	81.0
	62.0
	33.0
	19.0
	33.0
	73.0
	116.0
	131.0
	90.0
	177.0
	56.0
	150.0
	31.0
	86.0
	21.0
	15.0
	77.0
	25.0
	30.0
	117.0
	33.0
	38.0
	14.0
	64.0
	75.0
	41.0
	59.0
	30.0
	14.0
	15.0
	125.0
	138.0
	29.0
	235.0
	42.0
	39.0
	58.0
	132.0
	59.0
	121.0
	28.0
	62.0
	78.0
	83.0
	54.0
	81.0
	103.0
	124.0
	18.0
	114.0
	99.0
	32.0
	26.0
	116.0
	22.0
	136.0
	46.0
	77.0
	126.0
	137.0
	17.0
	157.0
	45.0
	94.0
	155.0
	165.0
	62.0
	129.0
	78.0
	61.0
	80.0
	60.0
	31.0
	173.0
	165.0
	103.0
	87.0
	126.0
	166.0
	158.0
	30.0
	70.0
	59.0
	143.0
	123.0
	80.0
	103.0
	37.0
	20.0
	27.0
	34.0
	87.0
	21.0
	21.0
	37.0
	99.0
	38.0
	156.0
	16.0
	26.0
	146.0
	33.0
	46.0
	26.0
	51.0
	113.0
	31.0
	38.0
	129.0
	153.0
	76.0
	99.0
	133.0
	160.0
	50.0
	81.0
	146.0
	125.0
	134.0
	49.0
	216.0
	99.0
	13.0
	78.0
	46.0
	12.0
	168.0
	108.0
	152.0
	78.0
	38.0
	53.0
	149.0
	25.0
	149.0
	151.0
	156.0
	127.0
	24.0
	246.0
	52.0
	32.0
	146.0
	94.0
	49.0
	38.0
	136.0
	136.0
	31.0
	67.0
	75.0
	32.0
	65.0
	69.0
	35.0
	135.0
	47.0
	24.0
	18.0
	30.0
	24.0
	135.0
	32.0
	76.0
	82.0
	133.0
	25.0
	26.0
	61.0
	154.0
	50.0
	75.0
	68.0
	53.0
	143.0
	128.0
	90.0
	17.0
	54.0
	32.0
	77.0
	40.0
	75.0
	50.0
	45.0
	82.0
