	58.0
	21.0
	14.0
	47.0
	17.0
	45.0
	13.0
	27.0
	25.0
	30.0
	20.0
	17.0
	35.0
	47.0
	52.0
	32.0
	30.0
	44.0
	69.0
	18.0
	47.0
	15.0
	18.0
	18.0
	31.0
	30.0
	27.0
	23.0
	17.0
	18.0
	50.0
	22.0
	16.0
	12.0
	55.0
	78.0
	35.0
	22.0
	38.0
	43.0
	19.0
	35.0
	32.0
	35.0
	35.0
	54.0
	43.0
	12.0
	30.0
	55.0
	50.0
	46.0
	50.0
	38.0
	29.0
	9.0
	72.0
	48.0
	62.0
	47.0
	55.0
	39.0
	42.0
	40.0
	87.0
	28.0
	34.0
	19.0
	41.0
	11.0
	18.0
	54.0
	60.0
	43.0
	11.0
	82.0
	46.0
	44.0
	13.0
	61.0
	37.0
	11.0
	94.0
	51.0
	39.0
	80.0
	27.0
	85.0
	69.0
	36.0
	39.0
	57.0
	23.0
	70.0
	22.0
	58.0
	61.0
	87.0
	74.0
	110.0
	148.0
	63.0
	39.0
	82.0
	125.0
	40.0
	64.0
	13.0
	114.0
	95.0
	23.0
	64.0
	22.0
	51.0
	83.0
	16.0
	31.0
	79.0
	91.0
	63.0
	36.0
	43.0
	72.0
	70.0
	22.0
	83.0
	43.0
	24.0
	56.0
	110.0
	9.0
	44.0
	29.0
	27.0
	37.0
	38.0
	60.0
	67.0
	57.0
	171.0
	36.0
	154.0
	40.0
	54.0
	77.0
	44.0
	44.0
	37.0
	79.0
	101.0
	23.0
	88.0
	15.0
	66.0
	95.0
	28.0
	22.0
	90.0
	38.0
	112.0
	90.0
	69.0
	45.0
	19.0
	50.0
	138.0
	110.0
	25.0
	121.0
	59.0
	116.0
	63.0
	52.0
	73.0
	30.0
	57.0
	41.0
	106.0
	124.0
	26.0
	13.0
	66.0
	61.0
	55.0
	21.0
	91.0
	62.0
	85.0
	43.0
	22.0
	45.0
	65.0
	52.0
	56.0
	11.0
	98.0
	70.0
	21.0
