	28.0
	500.0
	189.0
	122.0
	241.0
	338.0
	141.0
	500.0
	400.0
	500.0
	365.0
	352.0
	158.0
	497.0
	79.0
	164.0
	65.0
	353.0
	66.0
	500.0
	73.0
	337.0
	300.0
	456.0
	117.0
	470.0
	500.0
	190.0
	283.0
	500.0
	500.0
	113.0
	125.0
	421.0
	216.0
	132.0
	191.0
	259.0
	292.0
	382.0
	456.0
	126.0
	164.0
	254.0
	392.0
	219.0
	500.0
	457.0
	368.0
	325.0
	500.0
	208.0
	149.0
	500.0
	147.0
	500.0
	275.0
	500.0
	410.0
	385.0
	116.0
	283.0
	328.0
	382.0
	457.0
	140.0
	341.0
	178.0
	469.0
	214.0
	35.0
	108.0
	278.0
	221.0
	334.0
	438.0
	425.0
	132.0
	356.0
	500.0
	190.0
	95.0
	339.0
	362.0
	81.0
	476.0
	496.0
	341.0
	344.0
	88.0
	500.0
	340.0
	130.0
	384.0
	472.0
	107.0
	500.0
	286.0
	113.0
	279.0
	290.0
	500.0
	364.0
	196.0
	150.0
	97.0
	314.0
	22.0
	409.0
	400.0
	306.0
	500.0
	196.0
	500.0
	210.0
	288.0
	143.0
	212.0
	500.0
	138.0
	288.0
	286.0
	494.0
	361.0
	500.0
	272.0
	133.0
	429.0
	200.0
	224.0
	56.0
	154.0
	500.0
	368.0
	137.0
	122.0
	418.0
	500.0
	307.0
	237.0
	140.0
	435.0
	182.0
	78.0
	395.0
	500.0
	103.0
	419.0
	402.0
	485.0
	138.0
	497.0
	390.0
	500.0
	494.0
	286.0
	222.0
	219.0
	309.0
	397.0
	275.0
	152.0
	500.0
	139.0
	63.0
	153.0
	345.0
	130.0
	182.0
	500.0
	325.0
	266.0
	248.0
	500.0
	243.0
	500.0
	500.0
	327.0
	500.0
	303.0
	375.0
	165.0
	189.0
	179.0
	387.0
	114.0
	412.0
	229.0
	216.0
	500.0
	500.0
	466.0
	500.0
	215.0
	500.0
	173.0
	318.0
	467.0
	200.0
	172.0
	212.0
	96.0
	75.0
	500.0
	87.0
	500.0
	500.0
	500.0
	191.0
	500.0
	69.0
	105.0
	86.0
	280.0
	47.0
	56.0
	500.0
	155.0
	290.0
	500.0
	390.0
	277.0
	205.0
	282.0
	500.0
	307.0
	298.0
	383.0
	500.0
	500.0
	63.0
	415.0
	500.0
	500.0
	500.0
	394.0
	199.0
	500.0
	500.0
	281.0
	349.0
	338.0
	143.0
	500.0
	500.0
	191.0
	131.0
	500.0
	500.0
	189.0
	470.0
	211.0
	239.0
	500.0
	72.0
	63.0
	500.0
	337.0
	185.0
	287.0
	315.0
	500.0
	500.0
	267.0
	500.0
	190.0
	171.0
	444.0
	274.0
	129.0
	197.0
	500.0
	103.0
	500.0
	235.0
	282.0
	274.0
	500.0
	242.0
	286.0
	151.0
	500.0
	500.0
	433.0
	137.0
	500.0
	500.0
	500.0
	500.0
	310.0
	500.0
	276.0
	500.0
	440.0
	369.0
	340.0
	313.0
	500.0
	139.0
	199.0
	500.0
	406.0
	500.0
	424.0
	500.0
	500.0
	280.0
	351.0
	500.0
	242.0
	500.0
	500.0
	500.0
	67.0
	500.0
	281.0
	500.0
	500.0
	178.0
	215.0
	371.0
	500.0
	115.0
	460.0
	119.0
	388.0
	240.0
	198.0
	350.0
	500.0
	207.0
	500.0
	292.0
	477.0
	499.0
	263.0
	292.0
	389.0
	500.0
	221.0
	319.0
	297.0
	213.0
	500.0
	181.0
	402.0
	500.0
	345.0
	188.0
	500.0
	500.0
	500.0
	500.0
	403.0
	233.0
	459.0
	500.0
	327.0
	294.0
	431.0
	361.0
	290.0
	345.0
	93.0
	473.0
	233.0
	445.0
	174.0
	200.0
	91.0
	500.0
	386.0
	302.0
	500.0
	100.0
	170.0
	500.0
	500.0
	500.0
	369.0
	290.0
	500.0
	215.0
	364.0
	322.0
	346.0
	405.0
	202.0
	500.0
	500.0
	284.0
	500.0
	500.0
	171.0
	349.0
	487.0
	429.0
	500.0
	417.0
	500.0
	500.0
	325.0
	148.0
	200.0
	318.0
	500.0
	353.0
	396.0
	500.0
	320.0
	401.0
	386.0
	500.0
	401.0
	500.0
	246.0
	500.0
	247.0
	438.0
	500.0
	263.0
	279.0
	114.0
	203.0
	302.0
	500.0
	500.0
	277.0
	305.0
	318.0
	228.0
	500.0
	500.0
	500.0
	211.0
	500.0
	224.0
	500.0
	500.0
	492.0
	274.0
	500.0
	346.0
	500.0
	500.0
	500.0
	195.0
	172.0
	500.0
	302.0
	500.0
	239.0
	311.0
	500.0
	500.0
	500.0
	306.0
	212.0
	500.0
	500.0
	500.0
	402.0
	66.0
	187.0
	76.0
	355.0
	500.0
	294.0
	500.0
	66.0
	473.0
	500.0
	500.0
	500.0
	163.0
	500.0
	500.0
	190.0
	500.0
	406.0
	131.0
	194.0
	500.0
	296.0
	500.0
	279.0
	225.0
	500.0
	500.0
	244.0
	500.0
	500.0
	320.0
	500.0
	500.0
	103.0
	182.0
	479.0
	208.0
	394.0
	266.0
	500.0
	470.0
	500.0
	500.0
	500.0
	204.0
	500.0
	500.0
	500.0
	363.0
	500.0
	500.0
	430.0
	500.0
	296.0
	500.0
	500.0
	250.0
	365.0
	229.0
	366.0
	500.0
	500.0
	500.0
	500.0
	500.0
	247.0
	500.0
	500.0
	500.0
	310.0
	500.0
	500.0
	129.0
	238.0
	500.0
	500.0
	184.0
	500.0
	163.0
	277.0
	500.0
	167.0
	500.0
	500.0
	101.0
	500.0
	374.0
	173.0
	164.0
	500.0
	500.0
	220.0
	500.0
	394.0
	212.0
	279.0
	500.0
	221.0
	472.0
	500.0
	345.0
	274.0
	357.0
	500.0
	208.0
	361.0
	500.0
	500.0
	500.0
	500.0
	500.0
	500.0
	500.0
	500.0
	224.0
	271.0
	500.0
	500.0
	34.0
	500.0
	500.0
	337.0
	444.0
	500.0
	177.0
	175.0
	473.0
	385.0
	500.0
	329.0
	500.0
	344.0
	500.0
	500.0
	500.0
	301.0
	302.0
	249.0
	87.0
	339.0
	500.0
	427.0
	500.0
	500.0
	500.0
	500.0
	500.0
	320.0
	212.0
	500.0
	500.0
	500.0
	319.0
	500.0
	279.0
	500.0
	500.0
	500.0
	85.0
	500.0
	500.0
	500.0
	268.0
	163.0
	456.0
	500.0
	500.0
	500.0
	240.0
	500.0
	500.0
	448.0
	475.0
	500.0
	500.0
	500.0
	500.0
	500.0
	500.0
	208.0
	500.0
	192.0
	153.0
	178.0
	495.0
	239.0
	108.0
	324.0
	350.0
	500.0
	500.0
	500.0
	500.0
	500.0
	500.0
	500.0
	493.0
	500.0
	430.0
	500.0
	167.0
	154.0
	153.0
	500.0
	42.0
	457.0
	500.0
	323.0
	500.0
	500.0
	500.0
	500.0
	500.0
	500.0
	500.0
	500.0
	500.0
	500.0
	459.0
	235.0
	253.0
	334.0
	500.0
	500.0
	500.0
	500.0
	500.0
	500.0
	500.0
	500.0
	500.0
	500.0
	500.0
	500.0
	185.0
	207.0
	500.0
	500.0
	197.0
	195.0
	274.0
	435.0
	500.0
	464.0
	455.0
	500.0
	200.0
	500.0
	500.0
	316.0
	276.0
	500.0
	500.0
	500.0
	500.0
	500.0
	500.0
	500.0
	185.0
	500.0
	317.0
	500.0
	212.0
	305.0
	500.0
	343.0
	500.0
	500.0
	474.0
	183.0
	500.0
	332.0
	178.0
	500.0
	287.0
	256.0
	412.0
	166.0
	500.0
	165.0
	280.0
	428.0
	500.0
	500.0
	161.0
	383.0
	500.0
	500.0
	340.0
	347.0
	500.0
	85.0
	500.0
	387.0
	500.0
	322.0
	500.0
	174.0
	500.0
	373.0
	212.0
	500.0
	256.0
	241.0
	157.0
	275.0
	500.0
	154.0
	150.0
	351.0
	165.0
	500.0
	500.0
	385.0
	500.0
	500.0
	239.0
	438.0
	500.0
	289.0
	440.0
	268.0
	379.0
	500.0
	500.0
	89.0
	283.0
	240.0
	500.0
	326.0
	146.0
	51.0
	500.0
	500.0
	500.0
	248.0
	500.0
	137.0
	500.0
	281.0
	347.0
	457.0
	500.0
	500.0
	243.0
	185.0
	500.0
	500.0
	500.0
	500.0
	500.0
	500.0
	363.0
	500.0
	500.0
	245.0
	500.0
	416.0
	500.0
	43.0
	425.0
	500.0
	107.0
	279.0
	500.0
	233.0
	487.0
	285.0
	187.0
	500.0
	337.0
	393.0
	500.0
	500.0
	232.0
	500.0
	500.0
	470.0
	158.0
	500.0
	500.0
	500.0
	164.0
	500.0
	229.0
	126.0
	236.0
	106.0
	500.0
	417.0
	218.0
	500.0
	500.0
	295.0
	183.0
	255.0
	406.0
	453.0
	14.0
	500.0
	500.0
	500.0
	54.0
	500.0
	172.0
	212.0
	296.0
	305.0
	500.0
	311.0
	141.0
	500.0
	500.0
	500.0
	87.0
	500.0
	304.0
	500.0
	500.0
	500.0
	500.0
	412.0
	389.0
	249.0
	500.0
	268.0
	500.0
	374.0
	172.0
	500.0
	500.0
	382.0
	500.0
	500.0
	225.0
	45.0
	500.0
	275.0
	500.0
	500.0
	392.0
	500.0
	481.0
	500.0
	325.0
	500.0
	424.0
	500.0
	431.0
	327.0
	500.0
	277.0
	500.0
	500.0
	386.0
	500.0
	500.0
	305.0
	268.0
	500.0
	368.0
	500.0
	356.0
	500.0
	500.0
	500.0
	500.0
	318.0
	489.0
	161.0
	389.0
	71.0
	500.0
	419.0
	187.0
	500.0
	307.0
	500.0
	345.0
	500.0
	500.0
	500.0
	454.0
	500.0
	500.0
	500.0
	500.0
	500.0
	139.0
	434.0
	404.0
	500.0
	500.0
	103.0
	500.0
	130.0
	500.0
	144.0
	500.0
	456.0
	339.0
	500.0
	98.0
	250.0
	228.0
	500.0
	403.0
	339.0
	500.0
	500.0
	500.0
	500.0
	500.0
	318.0
	500.0
	190.0
	500.0
	233.0
	500.0
	500.0
	500.0
	61.0
	276.0
	500.0
	267.0
	209.0
	500.0
	469.0
	445.0
	500.0
	500.0
	181.0
	187.0
	410.0
	500.0
	500.0
	500.0
	382.0
	500.0
	500.0
	500.0
	500.0
	500.0
	500.0
	436.0
	500.0
	500.0
	322.0
	473.0
	500.0
	213.0
	357.0
	500.0
	295.0
	500.0
	500.0
	500.0
	102.0
	500.0
	500.0
	308.0
	500.0
	500.0
	500.0
	445.0
	500.0
	500.0
	83.0
	500.0
	500.0
	500.0
	500.0
	500.0
	500.0
	497.0
	442.0
	500.0
	458.0
	500.0
	272.0
	500.0
	460.0
	500.0
	500.0
	230.0
	500.0
	500.0
	133.0
	200.0
	500.0
	500.0
	84.0
	500.0
	439.0
	500.0
	500.0
	500.0
	500.0
	61.0
	235.0
	500.0
	500.0
	337.0
	500.0
	205.0
	388.0
	205.0
	500.0
	500.0
	291.0
	500.0
	349.0
	149.0
	80.0
	500.0
	398.0
	178.0
	500.0
	500.0
	500.0
	500.0
	500.0
	238.0
	500.0
	500.0
	42.0
	325.0
	500.0
	500.0
	163.0
	234.0
	500.0
	500.0
	430.0
	500.0
	500.0
	500.0
	261.0
	225.0
	500.0
	500.0
	500.0
	450.0
	500.0
	500.0
	500.0
	200.0
	25.0
	500.0
	500.0
	500.0
	500.0
	500.0
	143.0
	275.0
	500.0
	403.0
	500.0
	500.0
	500.0
	500.0
	424.0
	170.0
	500.0
	433.0
	500.0
	500.0
	500.0
	186.0
	301.0
	500.0
	400.0
	500.0
	139.0
	245.0
	500.0
	500.0
	417.0
	289.0
	500.0
	378.0
	500.0
	500.0
	423.0
	500.0
	255.0
	500.0
	500.0
	450.0
	500.0
	274.0
	146.0
	500.0
	500.0
	253.0
	500.0
	500.0
	211.0
	465.0
	500.0
	413.0
	438.0
	500.0
	497.0
	500.0
	500.0
	500.0
	500.0
	158.0
	268.0
	333.0
	500.0
	500.0
	500.0
	500.0
	500.0
	85.0
	271.0
	500.0
	294.0
	500.0
	489.0
	500.0
	500.0
	500.0
	500.0
	500.0
	500.0
	500.0
	500.0
	430.0
	194.0
	105.0
	500.0
	500.0
	158.0
	500.0
	500.0
	500.0
	500.0
	500.0
	500.0
	329.0
	500.0
	182.0
	500.0
	500.0
	500.0
	383.0
	500.0
	500.0
	167.0
	346.0
	500.0
	159.0
	373.0
	338.0
	277.0
	500.0
	500.0
	93.0
	500.0
	495.0
	74.0
	500.0
	500.0
	500.0
	466.0
	113.0
	500.0
	500.0
	295.0
	500.0
	500.0
	267.0
	500.0
	460.0
	189.0
	500.0
	25.0
	500.0
	289.0
	500.0
	331.0
	230.0
	500.0
	281.0
	500.0
	491.0
	500.0
	500.0
	500.0
	500.0
	500.0
	500.0
	187.0
	500.0
	318.0
	439.0
	445.0
	47.0
	500.0
	338.0
	500.0
	500.0
	478.0
	372.0
	458.0
	304.0
	500.0
	493.0
	500.0
	481.0
	500.0
	500.0
	500.0
	500.0
	500.0
	243.0
	252.0
	500.0
	439.0
	500.0
	500.0
	245.0
	500.0
	229.0
	406.0
	500.0
	500.0
	500.0
	163.0
	118.0
	261.0
	89.0
	347.0
	274.0
	500.0
	249.0
	91.0
	332.0
	346.0
	435.0
	500.0
	289.0
	500.0
	227.0
	500.0
	500.0
	500.0
	364.0
	126.0
	164.0
	348.0
	500.0
	500.0
	25.0
	500.0
	500.0
	500.0
	500.0
	500.0
	309.0
	500.0
	255.0
	461.0
	366.0
	377.0
	500.0
	500.0
	500.0
	452.0
	500.0
	500.0
	260.0
	500.0
	500.0
	252.0
	500.0
	500.0
	199.0
	354.0
	326.0
	500.0
	151.0
	500.0
	500.0
	397.0
	448.0
	18.0
	71.0
	500.0
	500.0
	262.0
	500.0
	500.0
	206.0
	340.0
	500.0
	500.0
	500.0
	158.0
	500.0
	500.0
	479.0
	388.0
	500.0
	142.0
	500.0
	500.0
	500.0
	132.0
	500.0
	500.0
	483.0
	500.0
	315.0
	500.0
	194.0
	500.0
	500.0
	204.0
	500.0
	500.0
	466.0
	500.0
	500.0
	272.0
	500.0
	500.0
	497.0
	500.0
	500.0
	367.0
	500.0
	433.0
	500.0
	475.0
	500.0
	327.0
	500.0
	153.0
	500.0
	240.0
	500.0
	138.0
	500.0
	500.0
	500.0
	130.0
	482.0
	320.0
	288.0
	500.0
	500.0
	48.0
	440.0
	500.0
	163.0
	500.0
	218.0
	500.0
	380.0
	344.0
	242.0
	500.0
	500.0
	500.0
	500.0
	500.0
	500.0
	500.0
	257.0
	500.0
	500.0
	500.0
	500.0
	348.0
	500.0
	500.0
	500.0
	500.0
	500.0
	500.0
	500.0
	382.0
	500.0
	500.0
	500.0
	500.0
	500.0
	267.0
	500.0
	500.0
	500.0
	500.0
	90.0
	500.0
	500.0
	500.0
	500.0
	500.0
	500.0
	494.0
	357.0
	500.0
	500.0
	500.0
	216.0
	500.0
	500.0
	500.0
	500.0
	259.0
	500.0
	500.0
	451.0
	500.0
	500.0
	192.0
	500.0
	500.0
	337.0
	192.0
	500.0
	500.0
	500.0
	500.0
	437.0
	500.0
	500.0
	500.0
	214.0
	500.0
	500.0
	500.0
	500.0
	500.0
	500.0
	500.0
	132.0
	500.0
	500.0
	500.0
	500.0
	500.0
	500.0
	164.0
	500.0
	500.0
	106.0
	500.0
	141.0
	500.0
	104.0
	500.0
	500.0
	500.0
	500.0
	500.0
	500.0
	291.0
	411.0
	410.0
	500.0
	486.0
	500.0
	131.0
	500.0
	500.0
	440.0
	500.0
	500.0
	500.0
	493.0
	500.0
	500.0
	270.0
	296.0
	500.0
	500.0
	466.0
	500.0
	500.0
	277.0
	500.0
	179.0
	500.0
	500.0
	500.0
	500.0
	500.0
	500.0
	500.0
	500.0
	159.0
	320.0
	362.0
	254.0
	500.0
	500.0
	500.0
	500.0
	500.0
	432.0
	500.0
	395.0
	212.0
	500.0
	500.0
	301.0
	500.0
	168.0
	500.0
	500.0
	161.0
	382.0
	277.0
	428.0
	500.0
	500.0
	451.0
	500.0
	272.0
	398.0
	500.0
	410.0
	500.0
	464.0
	253.0
	500.0
	500.0
	231.0
	500.0
	500.0
	67.0
	500.0
	500.0
	379.0
	359.0
	500.0
	500.0
	303.0
	500.0
	500.0
	500.0
	500.0
	500.0
	500.0
	500.0
	500.0
	500.0
	457.0
	286.0
	253.0
	500.0
	500.0
	500.0
	185.0
	500.0
	205.0
	500.0
	493.0
	500.0
	500.0
	500.0
	500.0
	500.0
	500.0
	500.0
	500.0
	500.0
	451.0
	211.0
	116.0
	500.0
	500.0
	500.0
	221.0
	500.0
	102.0
	372.0
	500.0
	449.0
	500.0
	379.0
	331.0
	500.0
	500.0
	500.0
	500.0
	232.0
	500.0
	500.0
	500.0
	500.0
	282.0
	500.0
	500.0
	500.0
	500.0
	500.0
	500.0
	500.0
	59.0
	500.0
	500.0
	197.0
	500.0
	500.0
	359.0
	500.0
	500.0
	500.0
	183.0
	500.0
	200.0
	500.0
	500.0
	454.0
	500.0
	500.0
	500.0
	500.0
	500.0
	500.0
	119.0
	500.0
	247.0
	500.0
	48.0
	500.0
	500.0
	297.0
	500.0
	421.0
	500.0
	500.0
	188.0
	373.0
	378.0
	382.0
	215.0
	500.0
	500.0
	376.0
	500.0
	500.0
	497.0
	500.0
	351.0
	500.0
	326.0
	500.0
	500.0
	407.0
	455.0
	500.0
	500.0
	259.0
	376.0
	100.0
	204.0
	235.0
	215.0
	500.0
	500.0
	500.0
	500.0
	498.0
	115.0
	158.0
	500.0
	500.0
	500.0
	500.0
	500.0
	146.0
	500.0
	500.0
	500.0
	384.0
	500.0
	500.0
	157.0
	500.0
	500.0
	326.0
	295.0
	500.0
	329.0
	500.0
	154.0
	500.0
	500.0
	500.0
	48.0
	500.0
	500.0
	500.0
	500.0
	500.0
	500.0
	151.0
	500.0
	500.0
	245.0
	500.0
	500.0
	500.0
	404.0
	500.0
	500.0
	165.0
	500.0
	472.0
	500.0
	500.0
	74.0
	265.0
	500.0
	500.0
	500.0
	500.0
	500.0
	500.0
	500.0
	179.0
	500.0
	500.0
	328.0
	170.0
	500.0
	500.0
	296.0
	500.0
	500.0
	500.0
	500.0
	500.0
	500.0
	187.0
	482.0
	410.0
	215.0
	185.0
	500.0
	500.0
	500.0
	500.0
	454.0
	500.0
	191.0
	500.0
	106.0
	439.0
	500.0
	487.0
	500.0
	500.0
	500.0
	500.0
	500.0
	500.0
	500.0
	500.0
	500.0
	500.0
	493.0
	500.0
	500.0
	500.0
	377.0
	500.0
	200.0
	391.0
	500.0
	326.0
	500.0
	98.0
	500.0
	500.0
	381.0
	356.0
	393.0
	500.0
	500.0
	500.0
	500.0
	500.0
	500.0
	500.0
	381.0
	285.0
	500.0
	114.0
	500.0
	417.0
	500.0
	180.0
	500.0
	500.0
	500.0
	312.0
	500.0
	385.0
	500.0
	41.0
	484.0
	174.0
	500.0
	417.0
	500.0
	500.0
	500.0
	500.0
	500.0
	500.0
	500.0
	500.0
	445.0
	500.0
	500.0
	497.0
	441.0
	500.0
	500.0
	500.0
	500.0
	500.0
	500.0
	500.0
	15.0
	233.0
	500.0
	500.0
	73.0
	155.0
	500.0
	500.0
	258.0
	500.0
	403.0
	500.0
	270.0
	500.0
	378.0
	500.0
	500.0
	500.0
	500.0
	500.0
	500.0
	377.0
	500.0
	289.0
	500.0
	436.0
	500.0
	500.0
	205.0
	500.0
	500.0
	423.0
	375.0
	500.0
	217.0
	307.0
	468.0
	172.0
	338.0
	500.0
	500.0
	500.0
	290.0
	283.0
	500.0
	500.0
	500.0
	500.0
	500.0
	500.0
	488.0
	399.0
	500.0
	482.0
	500.0
	340.0
	361.0
	278.0
	430.0
	423.0
	500.0
	297.0
	215.0
	412.0
	500.0
	237.0
	500.0
	98.0
	147.0
	500.0
	201.0
	316.0
	500.0
	500.0
	457.0
	282.0
	110.0
	147.0
	66.0
	500.0
	425.0
	500.0
	135.0
	500.0
	500.0
	500.0
	396.0
	337.0
	251.0
	126.0
	443.0
	500.0
	500.0
	500.0
	500.0
	85.0
	500.0
	274.0
	500.0
	452.0
	500.0
	500.0
	500.0
	15.0
	500.0
	140.0
	277.0
	385.0
	107.0
	70.0
	500.0
	345.0
	329.0
	500.0
	210.0
	258.0
	100.0
	143.0
	165.0
	219.0
	60.0
	176.0
	248.0
	456.0
	500.0
	500.0
	357.0
	125.0
	500.0
	335.0
	500.0
	500.0
	500.0
	500.0
	500.0
	112.0
	287.0
	340.0
	500.0
	500.0
	140.0
	247.0
	500.0
	500.0
	500.0
	370.0
	500.0
	378.0
	430.0
	384.0
	346.0
	500.0
	500.0
	500.0
	500.0
	400.0
	308.0
	342.0
	364.0
	16.0
	434.0
	500.0
	500.0
	500.0
	270.0
	90.0
	500.0
	464.0
	500.0
	500.0
	500.0
	500.0
	317.0
	500.0
	401.0
	500.0
	339.0
	331.0
	203.0
	500.0
	500.0
	500.0
	500.0
	90.0
	500.0
	500.0
	500.0
	500.0
	271.0
	349.0
	152.0
	498.0
	295.0
	500.0
	500.0
	484.0
	474.0
	386.0
	500.0
	147.0
	497.0
	500.0
	500.0
	500.0
	160.0
	500.0
	500.0
	500.0
	500.0
	500.0
	394.0
	57.0
	292.0
	169.0
	500.0
	500.0
	500.0
	500.0
	377.0
	500.0
	500.0
	383.0
	500.0
	437.0
	402.0
	212.0
	443.0
	24.0
	84.0
	314.0
	500.0
	245.0
	500.0
	500.0
	463.0
	333.0
	345.0
	56.0
	293.0
	500.0
	500.0
	500.0
	79.0
	68.0
	500.0
	500.0
	500.0
	500.0
	499.0
	500.0
	324.0
	401.0
	351.0
	237.0
	500.0
	207.0
	500.0
	500.0
	232.0
	500.0
	500.0
	500.0
	500.0
	500.0
	500.0
	390.0
	365.0
	376.0
	500.0
	500.0
	286.0
	177.0
	500.0
	388.0
	500.0
	248.0
	243.0
	344.0
	131.0
	500.0
	500.0
	197.0
	364.0
	500.0
	500.0
	500.0
	500.0
	500.0
	440.0
	14.0
	500.0
	500.0
	293.0
	500.0
	132.0
	401.0
	500.0
	405.0
	240.0
	154.0
	113.0
	500.0
	271.0
	470.0
	264.0
	500.0
	500.0
	500.0
	500.0
	80.0
	363.0
	80.0
	500.0
	500.0
	490.0
	321.0
	500.0
	500.0
	500.0
	479.0
	500.0
	124.0
	500.0
	471.0
	500.0
	500.0
	500.0
	500.0
	264.0
	500.0
	500.0
	121.0
	500.0
	500.0
	500.0
	500.0
	500.0
	203.0
	402.0
	500.0
	268.0
	354.0
	333.0
	183.0
	500.0
	353.0
	500.0
	500.0
	287.0
	485.0
	444.0
	500.0
	313.0
	364.0
	500.0
	500.0
	207.0
	500.0
	500.0
	500.0
	500.0
	500.0
	500.0
	500.0
	271.0
	202.0
	500.0
	58.0
	280.0
	324.0
	500.0
	166.0
	86.0
	500.0
	371.0
	481.0
	500.0
	500.0
	500.0
	380.0
	500.0
	322.0
	133.0
	500.0
	381.0
	133.0
	298.0
	500.0
	500.0
	279.0
	500.0
	419.0
	500.0
	384.0
	500.0
	297.0
	500.0
	441.0
	409.0
	466.0
	402.0
	500.0
	455.0
	500.0
	338.0
	500.0
	260.0
	89.0
	500.0
	500.0
	500.0
	500.0
	500.0
	500.0
	500.0
	192.0
	500.0
	339.0
	500.0
	479.0
	500.0
	500.0
	500.0
	500.0
	500.0
	210.0
	286.0
	500.0
	500.0
	142.0
	500.0
	500.0
	500.0
	154.0
	500.0
	500.0
	355.0
	500.0
	141.0
	500.0
	409.0
	500.0
	157.0
	500.0
	444.0
	500.0
	438.0
	500.0
	500.0
	219.0
	494.0
	500.0
	500.0
	214.0
	500.0
	412.0
	500.0
	500.0
	500.0
	500.0
	382.0
	211.0
	500.0
	500.0
	422.0
	500.0
	500.0
	458.0
	143.0
	500.0
	500.0
	448.0
	315.0
	500.0
	247.0
	500.0
	500.0
	500.0
	500.0
	367.0
	382.0
	367.0
	500.0
	287.0
	500.0
	140.0
	370.0
	500.0
	500.0
	306.0
	500.0
	500.0
	500.0
	500.0
	500.0
	476.0
	500.0
	500.0
	500.0
	487.0
	456.0
	200.0
	500.0
	500.0
	245.0
	95.0
	500.0
	439.0
	500.0
	471.0
	500.0
	500.0
	500.0
	500.0
	500.0
	337.0
	500.0
	500.0
	500.0
	72.0
	500.0
	500.0
	500.0
	500.0
	500.0
	15.0
	500.0
	500.0
	215.0
	500.0
	500.0
	480.0
	500.0
	123.0
	500.0
	216.0
	500.0
	500.0
	500.0
	500.0
	49.0
	500.0
	428.0
	41.0
	393.0
	500.0
	500.0
	500.0
	338.0
	500.0
	500.0
	92.0
	345.0
	500.0
	500.0
	381.0
	500.0
	500.0
	500.0
	500.0
	500.0
	240.0
	500.0
	149.0
	500.0
	500.0
	500.0
	500.0
	500.0
	420.0
	476.0
	500.0
	500.0
	185.0
	500.0
	225.0
	314.0
	500.0
	500.0
	480.0
	500.0
	500.0
	500.0
	500.0
	500.0
	58.0
	500.0
	500.0
	500.0
	500.0
	500.0
	500.0
	500.0
	500.0
	500.0
	500.0
	500.0
	448.0
	500.0
	451.0
	464.0
	311.0
	500.0
	421.0
	456.0
	137.0
	500.0
	500.0
	351.0
	500.0
	454.0
	500.0
	396.0
	393.0
	489.0
	315.0
	263.0
	403.0
	500.0
	419.0
	500.0
	489.0
	306.0
	500.0
	500.0
	101.0
	448.0
	500.0
	367.0
	500.0
	500.0
	500.0
	419.0
	445.0
	186.0
	500.0
	79.0
	500.0
	500.0
	288.0
	175.0
	116.0
	500.0
	459.0
	500.0
	500.0
	400.0
	500.0
	500.0
	500.0
	500.0
	115.0
	407.0
	203.0
	491.0
	500.0
	500.0
	500.0
	56.0
	500.0
	211.0
	229.0
	294.0
	500.0
	88.0
	321.0
	500.0
	500.0
	500.0
	222.0
	500.0
	477.0
	500.0
	44.0
	146.0
	500.0
	81.0
	500.0
	500.0
	337.0
	500.0
	500.0
	314.0
	359.0
	500.0
	487.0
	485.0
	500.0
	189.0
	430.0
	500.0
	500.0
	500.0
	308.0
	242.0
	303.0
	500.0
	500.0
	500.0
	500.0
	500.0
	405.0
	500.0
	183.0
	500.0
	500.0
	500.0
	500.0
	500.0
	500.0
	500.0
	324.0
	500.0
	500.0
	181.0
	500.0
	500.0
	500.0
	500.0
	500.0
	500.0
	500.0
	500.0
	500.0
	500.0
	410.0
	500.0
	500.0
	269.0
	500.0
	500.0
	500.0
	500.0
	193.0
	79.0
	500.0
	171.0
	207.0
	500.0
	500.0
	500.0
	500.0
	287.0
	500.0
	393.0
	52.0
	414.0
	500.0
	500.0
	500.0
	439.0
	500.0
	357.0
	500.0
	80.0
	500.0
	500.0
	500.0
	500.0
	500.0
	500.0
	490.0
	152.0
	500.0
	235.0
	500.0
	490.0
	500.0
	139.0
	319.0
	132.0
	298.0
	500.0
	500.0
	500.0
	73.0
	216.0
	500.0
	500.0
	278.0
	422.0
	500.0
	500.0
	500.0
	500.0
	500.0
	500.0
	500.0
	500.0
	317.0
	500.0
	500.0
	182.0
	500.0
	500.0
	118.0
	460.0
	500.0
	362.0
	133.0
	500.0
	500.0
	500.0
	500.0
	500.0
	500.0
	325.0
	202.0
	97.0
	500.0
	500.0
	500.0
	500.0
	449.0
	500.0
	500.0
	500.0
	500.0
	500.0
	136.0
	21.0
	500.0
	500.0
	500.0
	306.0
	500.0
	264.0
	433.0
	500.0
	231.0
	500.0
	253.0
	467.0
	386.0
	366.0
	500.0
	500.0
	380.0
	92.0
	500.0
	358.0
	373.0
	67.0
	334.0
	500.0
	47.0
	340.0
	500.0
	446.0
	198.0
	186.0
	445.0
	500.0
	500.0
	500.0
	486.0
	112.0
	348.0
	500.0
	18.0
	500.0
	200.0
	238.0
	261.0
	462.0
	500.0
	500.0
	500.0
	500.0
	500.0
	500.0
	500.0
	500.0
	95.0
	96.0
	128.0
	500.0
	292.0
	373.0
	500.0
	311.0
	500.0
	500.0
	295.0
	500.0
	468.0
	80.0
	84.0
	500.0
	262.0
	469.0
	212.0
	500.0
	163.0
	500.0
	500.0
	206.0
	369.0
	500.0
	500.0
	500.0
	500.0
	500.0
	415.0
	286.0
	500.0
	500.0
	477.0
	388.0
	275.0
	223.0
	500.0
	77.0
	136.0
	500.0
	500.0
	108.0
	136.0
	500.0
	337.0
	339.0
	500.0
	92.0
	37.0
	500.0
	500.0
	390.0
	83.0
	401.0
	500.0
	205.0
	193.0
	500.0
	500.0
	215.0
	500.0
	500.0
	500.0
	241.0
	500.0
	275.0
	198.0
	188.0
	500.0
	257.0
	186.0
	472.0
	500.0
	500.0
	167.0
	196.0
	500.0
	500.0
	500.0
	266.0
	500.0
	500.0
	500.0
	133.0
	473.0
	427.0
	104.0
	500.0
	500.0
	500.0
	185.0
	496.0
	422.0
	500.0
	212.0
	500.0
	500.0
	500.0
	99.0
	248.0
	500.0
	393.0
	478.0
	500.0
	386.0
	378.0
	500.0
	368.0
	337.0
	500.0
	500.0
	205.0
	243.0
	94.0
	500.0
	132.0
	500.0
	494.0
	500.0
	500.0
	500.0
	500.0
	500.0
	312.0
	206.0
	248.0
	500.0
	375.0
	500.0
	500.0
	500.0
	500.0
	500.0
	38.0
	107.0
	41.0
	255.0
	243.0
	353.0
	450.0
	500.0
	404.0
	251.0
	455.0
	500.0
	500.0
	100.0
	500.0
	500.0
	500.0
	500.0
	500.0
	309.0
	500.0
	334.0
	500.0
	500.0
	97.0
	500.0
	500.0
	444.0
	225.0
	34.0
	382.0
	500.0
	187.0
	307.0
	500.0
	500.0
	443.0
	500.0
	500.0
	334.0
	16.0
	206.0
	500.0
	500.0
	372.0
	500.0
	500.0
	399.0
	500.0
	500.0
	312.0
	500.0
	500.0
	240.0
	337.0
	500.0
	500.0
	144.0
	420.0
	39.0
	500.0
	500.0
	500.0
	500.0
	500.0
	311.0
	500.0
	459.0
	500.0
	500.0
	350.0
	22.0
	500.0
	323.0
	500.0
	293.0
	45.0
	500.0
	500.0
	500.0
	500.0
	500.0
	500.0
	231.0
	174.0
	432.0
	135.0
	500.0
	500.0
	500.0
	208.0
	500.0
	500.0
	430.0
	500.0
	500.0
	500.0
	500.0
	225.0
	471.0
	500.0
	500.0
	52.0
	500.0
	228.0
	500.0
	253.0
	500.0
	500.0
	367.0
	500.0
	326.0
	382.0
	500.0
	433.0
	500.0
	500.0
	448.0
	500.0
	500.0
	500.0
	500.0
	500.0
	500.0
	500.0
	279.0
	481.0
	500.0
	500.0
	500.0
	500.0
	500.0
	500.0
	406.0
	500.0
	500.0
	500.0
	500.0
	500.0
	500.0
	494.0
	232.0
	247.0
	500.0
	500.0
	173.0
	500.0
	500.0
	500.0
	500.0
	257.0
	500.0
	500.0
	500.0
	416.0
	486.0
	267.0
	428.0
	500.0
	500.0
	500.0
	500.0
	500.0
	213.0
	90.0
	207.0
	173.0
	500.0
	129.0
	500.0
	500.0
	37.0
	500.0
	500.0
	287.0
	246.0
	500.0
	500.0
	500.0
	500.0
	500.0
	500.0
	479.0
	308.0
	500.0
	500.0
	412.0
	500.0
	500.0
	500.0
	500.0
	500.0
	500.0
	500.0
	500.0
	500.0
	500.0
	500.0
	73.0
	500.0
	233.0
	500.0
	500.0
	161.0
	500.0
	304.0
	500.0
	500.0
	500.0
	383.0
	500.0
	340.0
	338.0
	294.0
	359.0
	500.0
	500.0
	500.0
	143.0
	258.0
	104.0
	500.0
	500.0
	500.0
	500.0
	500.0
	429.0
	311.0
	500.0
	44.0
	468.0
	359.0
	301.0
	82.0
	500.0
	500.0
	500.0
	500.0
	409.0
	500.0
	455.0
	500.0
	500.0
	500.0
	500.0
	500.0
	500.0
	500.0
	500.0
	279.0
	441.0
	500.0
	477.0
	500.0
	112.0
	500.0
	434.0
	500.0
	500.0
	500.0
	275.0
	489.0
	500.0
	338.0
	500.0
	500.0
	398.0
	392.0
	500.0
	453.0
	308.0
	500.0
	225.0
	500.0
	153.0
	500.0
	162.0
	500.0
	500.0
	490.0
	250.0
	500.0
	237.0
	308.0
	500.0
	500.0
	300.0
	90.0
	385.0
	500.0
	310.0
	307.0
	500.0
	500.0
	500.0
	500.0
	217.0
	472.0
	500.0
	500.0
	488.0
	500.0
	372.0
	500.0
	500.0
	500.0
	453.0
	500.0
	500.0
	500.0
	500.0
	500.0
	450.0
	500.0
	16.0
	500.0
	500.0
	420.0
	500.0
	500.0
	500.0
	367.0
	500.0
	500.0
	500.0
	500.0
	500.0
	483.0
	500.0
	500.0
	500.0
	40.0
	500.0
	500.0
	500.0
	500.0
	500.0
	500.0
	500.0
	500.0
	96.0
	500.0
	215.0
	500.0
	500.0
	500.0
	232.0
	500.0
	346.0
	500.0
	500.0
	500.0
	65.0
	500.0
	466.0
	394.0
	500.0
	500.0
	500.0
	500.0
	500.0
	500.0
	500.0
	500.0
	99.0
	500.0
	500.0
	395.0
	500.0
	500.0
	500.0
	500.0
	500.0
	500.0
	500.0
	500.0
	177.0
	500.0
	500.0
	500.0
	500.0
	263.0
	500.0
	500.0
	475.0
	157.0
	300.0
	500.0
	275.0
	500.0
	278.0
	500.0
	80.0
	500.0
	500.0
	500.0
	500.0
	500.0
	160.0
	236.0
	406.0
	464.0
	500.0
	500.0
	500.0
	362.0
	500.0
	500.0
	500.0
	412.0
	500.0
	500.0
	500.0
	500.0
	187.0
	500.0
	68.0
	500.0
	500.0
	500.0
	500.0
	477.0
	253.0
	348.0
	253.0
	500.0
	500.0
	500.0
	500.0
	500.0
	500.0
	500.0
	500.0
	500.0
	500.0
	500.0
	500.0
	500.0
	500.0
	500.0
	500.0
	500.0
	500.0
	432.0
	500.0
	294.0
	289.0
	500.0
	500.0
	480.0
	500.0
	500.0
	463.0
	500.0
	500.0
	212.0
	38.0
	500.0
	500.0
	233.0
	500.0
	500.0
	500.0
	500.0
	500.0
	315.0
	500.0
	500.0
	500.0
	500.0
	500.0
	184.0
	392.0
	500.0
	16.0
	500.0
	500.0
	500.0
	500.0
	492.0
	500.0
	500.0
	500.0
	289.0
	500.0
	500.0
	182.0
	500.0
	500.0
	267.0
	322.0
	414.0
	84.0
	500.0
	60.0
	38.0
	500.0
	500.0
	500.0
	159.0
	500.0
	500.0
	500.0
	371.0
	82.0
	485.0
	500.0
	500.0
	500.0
	500.0
	250.0
	500.0
	500.0
	143.0
	500.0
	500.0
	500.0
	500.0
	500.0
	500.0
	500.0
	500.0
	500.0
	500.0
	500.0
	500.0
	500.0
	500.0
	75.0
	500.0
	58.0
	500.0
	500.0
	500.0
	500.0
	500.0
	500.0
	500.0
	500.0
	440.0
	500.0
	291.0
	500.0
	21.0
	354.0
	500.0
	500.0
	500.0
	500.0
	500.0
	500.0
	500.0
	500.0
	277.0
	500.0
	500.0
	500.0
	500.0
	500.0
	438.0
	500.0
	500.0
	493.0
	51.0
	500.0
	500.0
	437.0
	500.0
	500.0
	205.0
	360.0
	500.0
	491.0
	500.0
	500.0
	500.0
	234.0
	500.0
	500.0
	500.0
	500.0
	500.0
	125.0
	500.0
	473.0
	377.0
	500.0
	500.0
	500.0
	500.0
	251.0
	500.0
	500.0
	485.0
	500.0
	500.0
	500.0
	283.0
	500.0
	500.0
	428.0
	500.0
	500.0
	500.0
	500.0
	293.0
	500.0
	348.0
	258.0
	500.0
	500.0
	500.0
	364.0
	500.0
	489.0
	500.0
	129.0
	500.0
	500.0
	500.0
	500.0
	282.0
	500.0
	500.0
	332.0
	434.0
	500.0
	500.0
	500.0
	340.0
	500.0
	500.0
	500.0
	500.0
	138.0
	500.0
	500.0
	438.0
	144.0
	324.0
	421.0
	307.0
	243.0
	500.0
	500.0
	500.0
	285.0
	500.0
	500.0
	448.0
	162.0
	500.0
	500.0
	500.0
	458.0
	483.0
	500.0
	500.0
	500.0
	500.0
	500.0
	293.0
	500.0
	464.0
	283.0
	500.0
	115.0
	500.0
	500.0
	170.0
	500.0
	211.0
	444.0
	500.0
	500.0
	500.0
	498.0
	440.0
	337.0
	500.0
	500.0
	377.0
	13.0
	500.0
	500.0
	500.0
	486.0
	500.0
	500.0
	500.0
	500.0
	500.0
	500.0
	500.0
	160.0
	500.0
	500.0
	500.0
	83.0
	412.0
	500.0
	288.0
	471.0
	500.0
	500.0
	215.0
	492.0
	500.0
	467.0
	500.0
	300.0
	500.0
	500.0
	336.0
	500.0
	116.0
	297.0
	348.0
	373.0
	500.0
	462.0
	500.0
	500.0
	500.0
	442.0
	500.0
	500.0
	500.0
	167.0
	500.0
	500.0
	500.0
	500.0
	500.0
	500.0
	500.0
	500.0
	500.0
	500.0
	500.0
	500.0
	500.0
	500.0
	500.0
	500.0
	500.0
	136.0
	399.0
	500.0
	397.0
	418.0
	500.0
	500.0
	405.0
	500.0
	486.0
	500.0
	157.0
	434.0
	500.0
	500.0
	494.0
	500.0
	500.0
	238.0
	500.0
	500.0
	500.0
	170.0
	500.0
	500.0
	282.0
	218.0
	500.0
	500.0
	500.0
	500.0
	500.0
	500.0
	251.0
	500.0
	500.0
	493.0
	109.0
	79.0
	258.0
	500.0
	450.0
	354.0
	500.0
	500.0
	500.0
	45.0
	500.0
	500.0
	500.0
	500.0
	500.0
	500.0
	287.0
	500.0
	253.0
	488.0
	165.0
	500.0
	500.0
	91.0
	500.0
	246.0
	500.0
	470.0
	500.0
	500.0
	500.0
	500.0
	500.0
	404.0
	500.0
	500.0
	394.0
	194.0
	500.0
	201.0
	193.0
	359.0
	300.0
	424.0
	500.0
	500.0
	304.0
	500.0
	500.0
	500.0
	500.0
	500.0
	500.0
	500.0
	500.0
	130.0
	500.0
	500.0
	500.0
	500.0
	474.0
	500.0
	500.0
	500.0
	500.0
	500.0
	500.0
	500.0
	500.0
	154.0
	500.0
	500.0
	500.0
	500.0
	500.0
	500.0
	500.0
	500.0
	337.0
	500.0
	500.0
	333.0
	500.0
	500.0
	500.0
	500.0
	161.0
	500.0
	169.0
	500.0
	500.0
	500.0
	500.0
	309.0
	500.0
	500.0
	500.0
	500.0
	500.0
	500.0
	500.0
	500.0
	500.0
	500.0
	500.0
	500.0
	500.0
	500.0
	420.0
	500.0
	500.0
	407.0
	179.0
	500.0
	500.0
	500.0
	215.0
	76.0
	500.0
	500.0
	500.0
	500.0
	500.0
	500.0
	500.0
	500.0
	500.0
	195.0
	500.0
	263.0
	500.0
	500.0
	433.0
	500.0
	117.0
	174.0
	500.0
	500.0
	146.0
	138.0
	500.0
	500.0
	500.0
	434.0
	500.0
	399.0
	500.0
	357.0
	500.0
	500.0
	500.0
	500.0
	500.0
	253.0
	333.0
	101.0
	500.0
	500.0
	500.0
	500.0
	460.0
	500.0
	500.0
	500.0
	500.0
	500.0
	500.0
	108.0
	500.0
	500.0
	500.0
	500.0
	500.0
	79.0
	428.0
	500.0
	500.0
	500.0
	500.0
	500.0
	500.0
	500.0
	500.0
	41.0
	169.0
	500.0
	500.0
	500.0
	319.0
	500.0
	434.0
	500.0
	150.0
	500.0
	500.0
	382.0
	500.0
	292.0
	469.0
	500.0
	471.0
	500.0
	500.0
	500.0
	500.0
	500.0
	500.0
	500.0
	500.0
	500.0
	223.0
	326.0
	340.0
	143.0
	500.0
	287.0
	500.0
	500.0
	500.0
	500.0
	500.0
	500.0
	390.0
	500.0
	405.0
	500.0
	456.0
	101.0
	337.0
	500.0
	500.0
	500.0
	500.0
	500.0
	500.0
	500.0
	220.0
	500.0
	295.0
	500.0
	500.0
	139.0
	500.0
	318.0
	133.0
	500.0
	439.0
	452.0
	500.0
	500.0
	276.0
	500.0
	500.0
	225.0
	271.0
	500.0
	500.0
	500.0
	500.0
	500.0
	360.0
	500.0
	500.0
	170.0
	27.0
	446.0
	113.0
	289.0
	363.0
	429.0
	423.0
	500.0
	166.0
	500.0
	500.0
	370.0
	233.0
	500.0
	500.0
	500.0
	259.0
	378.0
	500.0
	458.0
	500.0
	500.0
	500.0
	500.0
	500.0
	500.0
	500.0
	500.0
	412.0
	500.0
	500.0
	500.0
	500.0
	75.0
	500.0
	36.0
	256.0
	500.0
	500.0
	500.0
	458.0
	500.0
	199.0
	500.0
	500.0
	500.0
	228.0
	115.0
	474.0
	500.0
	83.0
	146.0
	500.0
	242.0
	219.0
	500.0
	115.0
	132.0
	171.0
	500.0
	299.0
	500.0
	500.0
	94.0
	290.0
	430.0
	500.0
	344.0
	247.0
	500.0
	38.0
	500.0
	293.0
	500.0
	500.0
	311.0
	500.0
	500.0
	500.0
	500.0
	500.0
	500.0
	293.0
	370.0
	500.0
	353.0
	500.0
	140.0
	500.0
	500.0
	500.0
	500.0
	500.0
	234.0
	500.0
	500.0
	500.0
	500.0
	500.0
	500.0
	127.0
	237.0
	162.0
	269.0
	500.0
	500.0
	500.0
	500.0
	500.0
	401.0
	500.0
	104.0
	500.0
	430.0
	500.0
	500.0
	148.0
	500.0
	500.0
	500.0
	500.0
	500.0
	500.0
	500.0
	142.0
	436.0
	500.0
	464.0
	500.0
	500.0
	500.0
	500.0
	500.0
	500.0
	500.0
	500.0
	500.0
	482.0
	500.0
	500.0
	500.0
	103.0
	500.0
	500.0
	500.0
	490.0
	480.0
	500.0
	57.0
	258.0
	500.0
	330.0
	288.0
	484.0
	269.0
	500.0
	500.0
	500.0
	500.0
	500.0
	500.0
	225.0
	500.0
	500.0
	214.0
	62.0
	97.0
	389.0
	500.0
	460.0
	500.0
	470.0
	51.0
	90.0
	238.0
	242.0
	20.0
	260.0
	177.0
	500.0
	500.0
	443.0
	491.0
	391.0
	500.0
	435.0
	500.0
	387.0
	315.0
	500.0
	500.0
	500.0
	298.0
	330.0
	414.0
	280.0
	500.0
	500.0
	64.0
	500.0
	135.0
	500.0
	154.0
	500.0
	351.0
	418.0
	500.0
	418.0
	213.0
	86.0
	500.0
	500.0
	500.0
	500.0
	228.0
	168.0
	340.0
	381.0
	159.0
	500.0
	500.0
	500.0
	304.0
	364.0
	239.0
	371.0
	500.0
	143.0
	208.0
	500.0
	500.0
	380.0
	500.0
	500.0
	240.0
	216.0
	500.0
	249.0
	500.0
	500.0
	500.0
	500.0
	392.0
	500.0
	500.0
	500.0
	468.0
	153.0
	186.0
	500.0
	500.0
	350.0
	409.0
	292.0
	292.0
	500.0
	497.0
	392.0
	489.0
	139.0
	341.0
	269.0
	54.0
	231.0
	500.0
	500.0
	202.0
	500.0
	231.0
	500.0
	500.0
	500.0
	500.0
	500.0
	427.0
	500.0
	69.0
	386.0
	500.0
	465.0
	296.0
	154.0
	500.0
	500.0
	500.0
	88.0
	500.0
	500.0
	500.0
	410.0
	352.0
	500.0
	165.0
	500.0
	500.0
	420.0
	379.0
	500.0
	500.0
	500.0
	500.0
	500.0
	500.0
	203.0
	107.0
	113.0
	112.0
	500.0
	331.0
	399.0
	500.0
	500.0
	500.0
	500.0
	331.0
	500.0
	175.0
	500.0
	55.0
	477.0
	500.0
	225.0
	500.0
	193.0
	500.0
	124.0
	230.0
	99.0
	500.0
	194.0
	80.0
	500.0
	184.0
	500.0
	500.0
	500.0
	115.0
	173.0
	275.0
	500.0
	411.0
	500.0
	500.0
	500.0
	122.0
	500.0
	500.0
	190.0
	500.0
	145.0
	500.0
	500.0
	459.0
	500.0
	500.0
	484.0
	280.0
	258.0
	247.0
	458.0
	409.0
	108.0
	500.0
	500.0
	474.0
	500.0
	500.0
	446.0
	500.0
	500.0
	500.0
	500.0
	500.0
	500.0
	500.0
	388.0
	65.0
	500.0
	222.0
	500.0
	500.0
	500.0
	500.0
	500.0
	308.0
	500.0
	500.0
	500.0
	500.0
	327.0
	350.0
	500.0
	500.0
	500.0
	317.0
	500.0
	116.0
	352.0
	500.0
	395.0
	374.0
	81.0
	500.0
	500.0
	457.0
	500.0
	500.0
	500.0
	500.0
	500.0
	500.0
	500.0
	500.0
	500.0
	325.0
	500.0
	500.0
	117.0
	500.0
	500.0
	500.0
	500.0
	326.0
	384.0
	500.0
	500.0
	500.0
	500.0
	500.0
	500.0
	382.0
	89.0
	171.0
	500.0
	388.0
	500.0
	500.0
	258.0
	500.0
	500.0
	373.0
	500.0
	500.0
	500.0
	373.0
	490.0
	468.0
	242.0
	500.0
	500.0
	158.0
	500.0
	253.0
	500.0
	153.0
	202.0
	309.0
	413.0
	500.0
	500.0
	500.0
	500.0
	500.0
	500.0
	500.0
	500.0
	357.0
	79.0
	337.0
	500.0
	436.0
	500.0
	500.0
	500.0
	500.0
	500.0
	500.0
	500.0
	498.0
	22.0
	500.0
	314.0
	500.0
	238.0
	476.0
	500.0
	500.0
	500.0
	500.0
	500.0
	500.0
	399.0
	266.0
	500.0
	500.0
	249.0
	500.0
	266.0
	259.0
	371.0
	500.0
	500.0
	500.0
	104.0
	500.0
	500.0
	500.0
	369.0
	500.0
	386.0
	500.0
	500.0
	500.0
	203.0
	500.0
	107.0
	500.0
	500.0
	500.0
	466.0
	500.0
	365.0
	223.0
	500.0
	500.0
	223.0
	500.0
	180.0
	500.0
	500.0
	500.0
	461.0
	500.0
	217.0
	117.0
	500.0
	262.0
	500.0
	500.0
	163.0
	408.0
	500.0
	500.0
	500.0
	500.0
	500.0
	37.0
	500.0
	500.0
	242.0
	98.0
	500.0
	500.0
	500.0
	147.0
	400.0
	55.0
	436.0
	500.0
	500.0
	500.0
	500.0
	342.0
	500.0
	136.0
	90.0
	500.0
	500.0
	500.0
	500.0
	325.0
	500.0
	62.0
	500.0
	500.0
	500.0
	66.0
	107.0
	246.0
	136.0
	500.0
	500.0
	500.0
	500.0
	214.0
	66.0
	500.0
	362.0
	500.0
	500.0
	500.0
	330.0
	500.0
	500.0
	500.0
	500.0
	384.0
	500.0
	79.0
	176.0
	500.0
	278.0
	405.0
	500.0
	500.0
	409.0
	58.0
	30.0
	111.0
	500.0
	500.0
	55.0
	151.0
	286.0
	500.0
	107.0
	261.0
	459.0
	88.0
	500.0
	68.0
	500.0
	353.0
	215.0
	500.0
	500.0
	500.0
	500.0
	500.0
	500.0
	500.0
	500.0
	500.0
	322.0
	500.0
	500.0
	261.0
	386.0
	450.0
	485.0
	496.0
	371.0
	425.0
	97.0
	500.0
	500.0
	213.0
	375.0
	329.0
	500.0
	446.0
	500.0
	500.0
	177.0
	500.0
	500.0
	72.0
	452.0
	235.0
	173.0
	199.0
	500.0
	171.0
	186.0
	260.0
	282.0
	500.0
	500.0
	500.0
	500.0
	121.0
	500.0
	405.0
	500.0
	500.0
	500.0
	365.0
	500.0
	500.0
	500.0
	500.0
	500.0
	293.0
	500.0
	442.0
	500.0
	500.0
	362.0
	500.0
	500.0
	138.0
	52.0
	394.0
	500.0
	14.0
	305.0
	104.0
	500.0
	500.0
	85.0
	500.0
	320.0
	500.0
	500.0
	201.0
	500.0
	491.0
	500.0
	383.0
	488.0
	500.0
	65.0
	102.0
	500.0
	500.0
	500.0
	99.0
	58.0
	500.0
	259.0
	248.0
	500.0
	500.0
	500.0
	178.0
	500.0
	500.0
	267.0
	440.0
	300.0
	500.0
	500.0
	500.0
	412.0
	385.0
	500.0
	500.0
	500.0
	500.0
	500.0
	500.0
	500.0
	500.0
	500.0
	471.0
	191.0
	276.0
	500.0
	363.0
	311.0
	197.0
	500.0
	500.0
	172.0
	500.0
	500.0
	500.0
	475.0
	176.0
	387.0
	500.0
	462.0
	190.0
	372.0
	500.0
	500.0
	500.0
	500.0
	500.0
	35.0
	305.0
	500.0
	415.0
	500.0
	62.0
	92.0
	301.0
	500.0
	299.0
	61.0
	500.0
	494.0
	404.0
	312.0
	500.0
	500.0
	500.0
	500.0
	500.0
	425.0
	294.0
	500.0
	500.0
	500.0
	500.0
	500.0
	233.0
	187.0
	220.0
	500.0
	500.0
	500.0
	404.0
	500.0
	288.0
	483.0
	287.0
	148.0
	500.0
	500.0
	500.0
	500.0
	500.0
	144.0
	497.0
	500.0
	500.0
	217.0
	269.0
	500.0
	63.0
	500.0
	372.0
	240.0
	385.0
	500.0
	434.0
	500.0
	423.0
	500.0
	500.0
	483.0
	500.0
	441.0
	48.0
	500.0
	121.0
	500.0
	500.0
	500.0
	497.0
	500.0
	121.0
	500.0
	500.0
	500.0
	500.0
	500.0
	500.0
	298.0
	500.0
	500.0
	500.0
	500.0
	453.0
	260.0
	76.0
	500.0
	500.0
	249.0
	379.0
	500.0
	500.0
	500.0
	484.0
	413.0
	500.0
	499.0
	231.0
	324.0
	476.0
	312.0
	500.0
	210.0
	500.0
	183.0
	148.0
	500.0
	180.0
	500.0
	500.0
	414.0
	500.0
	500.0
	182.0
	500.0
	14.0
	500.0
	500.0
	500.0
	500.0
	269.0
	122.0
	500.0
	500.0
	291.0
	493.0
	500.0
	500.0
	500.0
	500.0
	500.0
	500.0
	500.0
	500.0
	500.0
	190.0
	500.0
	500.0
	101.0
	281.0
	500.0
	500.0
	271.0
	500.0
	243.0
	500.0
	140.0
	500.0
	275.0
	500.0
	158.0
	500.0
	206.0
	500.0
	420.0
	500.0
	500.0
	121.0
	500.0
	262.0
	266.0
	500.0
	500.0
	500.0
	500.0
	500.0
	191.0
	500.0
	500.0
	164.0
	500.0
	500.0
	66.0
	500.0
	500.0
	500.0
	500.0
	312.0
	413.0
	315.0
	500.0
	500.0
	500.0
	500.0
	500.0
	500.0
	500.0
	500.0
	500.0
	500.0
	500.0
	500.0
	89.0
	500.0
	500.0
	500.0
	500.0
	500.0
	500.0
	158.0
	500.0
	500.0
	145.0
	466.0
	242.0
	352.0
	393.0
	467.0
	237.0
	392.0
	274.0
	500.0
	500.0
	324.0
	105.0
	131.0
	334.0
	500.0
	333.0
	499.0
	340.0
	158.0
	500.0
	229.0
	500.0
	500.0
	500.0
	362.0
	500.0
	500.0
	500.0
	500.0
	500.0
	436.0
	500.0
	500.0
	500.0
	431.0
	325.0
	406.0
	500.0
	422.0
	500.0
	500.0
	500.0
	500.0
	299.0
	457.0
	379.0
	327.0
	500.0
	81.0
	500.0
	500.0
	500.0
	162.0
	500.0
	500.0
	195.0
	493.0
	273.0
	435.0
	412.0
	121.0
	500.0
	500.0
	373.0
	500.0
	395.0
	500.0
	500.0
	500.0
	322.0
	86.0
	500.0
	432.0
	355.0
	212.0
	500.0
	500.0
	180.0
	18.0
	500.0
	95.0
	231.0
	410.0
	139.0
	500.0
	420.0
	500.0
	500.0
	500.0
	500.0
	347.0
	500.0
	500.0
	500.0
	428.0
	500.0
	500.0
	476.0
	338.0
	500.0
	500.0
	500.0
	326.0
	500.0
	90.0
	145.0
	500.0
	500.0
	19.0
	500.0
	500.0
	500.0
	500.0
	500.0
	500.0
	500.0
	155.0
	500.0
	500.0
	500.0
	133.0
	500.0
	101.0
	500.0
	435.0
	500.0
	500.0
	500.0
	500.0
	124.0
	500.0
	500.0
	500.0
	500.0
	500.0
	500.0
	500.0
	82.0
	500.0
	418.0
	500.0
	500.0
	500.0
	391.0
	500.0
	245.0
	77.0
	233.0
	500.0
	500.0
	500.0
	500.0
	500.0
	500.0
	500.0
	500.0
	361.0
	440.0
	500.0
	42.0
	500.0
	160.0
	500.0
	500.0
	500.0
	500.0
	500.0
	270.0
	500.0
	72.0
	500.0
	375.0
	500.0
	138.0
	500.0
	500.0
	500.0
	384.0
	247.0
	500.0
	68.0
	500.0
	500.0
	355.0
	500.0
	500.0
	500.0
	341.0
	52.0
	200.0
	500.0
	159.0
	104.0
	340.0
	500.0
	500.0
	406.0
	290.0
	500.0
	154.0
	276.0
	366.0
	500.0
	500.0
	500.0
	500.0
	500.0
	368.0
	500.0
	356.0
	500.0
	500.0
	437.0
	500.0
	500.0
	500.0
	360.0
	245.0
	409.0
	105.0
	35.0
	92.0
	500.0
	500.0
	500.0
	500.0
	102.0
	500.0
	228.0
	500.0
	500.0
	230.0
	500.0
	225.0
	500.0
	500.0
	445.0
	500.0
	500.0
	500.0
	406.0
	500.0
	500.0
	500.0
	70.0
	456.0
	500.0
	500.0
	278.0
	500.0
	475.0
	336.0
	500.0
	240.0
	500.0
	471.0
	500.0
	197.0
	500.0
	500.0
	500.0
	500.0
	500.0
	244.0
	74.0
	500.0
	500.0
	500.0
	310.0
	260.0
	500.0
	348.0
	363.0
	86.0
	500.0
	500.0
	500.0
	500.0
	500.0
	500.0
	500.0
	500.0
	500.0
	133.0
	500.0
	500.0
	124.0
	500.0
	500.0
	500.0
	14.0
	500.0
	500.0
	500.0
	500.0
	500.0
	367.0
	500.0
	444.0
	134.0
	500.0
	42.0
	500.0
	201.0
	35.0
	500.0
	500.0
	420.0
	500.0
	214.0
	500.0
	500.0
	500.0
	500.0
	500.0
	500.0
	492.0
	321.0
	256.0
	500.0
	500.0
	500.0
	154.0
	500.0
	500.0
	500.0
	500.0
	500.0
	27.0
	370.0
	500.0
	500.0
	500.0
	500.0
	500.0
	217.0
	500.0
	500.0
	500.0
	280.0
	500.0
	131.0
	83.0
	500.0
	500.0
	500.0
	64.0
	215.0
	500.0
	500.0
	167.0
	500.0
	490.0
	500.0
	500.0
	293.0
	500.0
	346.0
	500.0
	500.0
	500.0
	117.0
	500.0
	500.0
	303.0
	141.0
	500.0
	500.0
	500.0
	500.0
	500.0
	359.0
	500.0
	500.0
	244.0
	500.0
	325.0
	220.0
	500.0
	293.0
	500.0
	500.0
	202.0
	430.0
	500.0
	412.0
	458.0
	500.0
	152.0
	77.0
	259.0
	500.0
	500.0
	248.0
	500.0
	166.0
	243.0
	427.0
	414.0
	500.0
	437.0
	500.0
	500.0
	500.0
	500.0
	500.0
	287.0
	164.0
	75.0
	126.0
	148.0
	35.0
	500.0
	419.0
	271.0
	245.0
	178.0
	500.0
	500.0
	380.0
	109.0
	500.0
	500.0
	500.0
	500.0
	500.0
	500.0
	27.0
	500.0
	500.0
	500.0
	500.0
	500.0
	500.0
	500.0
	269.0
	137.0
	500.0
	500.0
	219.0
	500.0
	500.0
	500.0
	90.0
	224.0
	55.0
	86.0
	150.0
	500.0
	135.0
	56.0
	500.0
	500.0
	500.0
	500.0
	500.0
	458.0
	458.0
	332.0
	361.0
	500.0
	500.0
	500.0
	500.0
	399.0
	412.0
	281.0
	500.0
	224.0
	413.0
	500.0
	80.0
	231.0
	108.0
	500.0
	500.0
	500.0
	500.0
	500.0
	500.0
	500.0
	273.0
	341.0
	320.0
	339.0
	372.0
	500.0
	500.0
	34.0
	73.0
	371.0
	500.0
	130.0
	162.0
	500.0
	141.0
	500.0
	500.0
	444.0
	500.0
	500.0
	500.0
	500.0
	301.0
	378.0
	42.0
	500.0
	302.0
	500.0
	139.0
	500.0
	500.0
	500.0
	500.0
	500.0
	500.0
	500.0
	430.0
	500.0
	500.0
	475.0
	216.0
	388.0
	441.0
	96.0
	500.0
	500.0
	500.0
	211.0
	500.0
	500.0
	437.0
	457.0
	500.0
	500.0
	500.0
	500.0
	500.0
	332.0
	500.0
	469.0
	500.0
	500.0
	500.0
	275.0
	500.0
	188.0
	280.0
	437.0
	331.0
	500.0
	500.0
	500.0
	258.0
	500.0
	500.0
	500.0
	500.0
	500.0
	500.0
	200.0
	500.0
	106.0
	363.0
	212.0
	500.0
	224.0
	500.0
	338.0
	500.0
	500.0
	209.0
	500.0
	500.0
	500.0
	500.0
	364.0
	500.0
	500.0
	261.0
	500.0
	500.0
	500.0
	122.0
	500.0
	197.0
	500.0
	212.0
	500.0
	282.0
	500.0
	500.0
	187.0
	221.0
	489.0
	500.0
	500.0
	331.0
	500.0
	83.0
	500.0
	308.0
	236.0
	213.0
	500.0
	500.0
	500.0
	500.0
	500.0
	95.0
	500.0
	500.0
	500.0
	500.0
	493.0
	500.0
	479.0
	145.0
	500.0
	500.0
	378.0
	243.0
	500.0
	500.0
	500.0
	500.0
	500.0
	500.0
	500.0
	302.0
	500.0
	500.0
	272.0
	500.0
	500.0
	500.0
	500.0
	500.0
	500.0
	233.0
	305.0
	500.0
	500.0
	500.0
	500.0
	500.0
	500.0
	373.0
	43.0
	63.0
	496.0
	500.0
	500.0
	500.0
	337.0
	500.0
	495.0
	500.0
	141.0
	500.0
	176.0
	500.0
	500.0
	500.0
	500.0
	500.0
	359.0
	344.0
	50.0
	500.0
	500.0
	342.0
	500.0
	135.0
	354.0
	500.0
	500.0
	318.0
	500.0
	335.0
	500.0
	500.0
	107.0
	431.0
	87.0
	500.0
	213.0
	363.0
	500.0
	327.0
	233.0
	73.0
	500.0
	142.0
	500.0
	500.0
	500.0
	500.0
	500.0
	500.0
	500.0
	500.0
	99.0
	171.0
	500.0
	500.0
	404.0
	500.0
	359.0
	495.0
	500.0
	500.0
	500.0
	67.0
	84.0
	244.0
	209.0
	52.0
	500.0
	190.0
	456.0
	500.0
	500.0
	500.0
	500.0
	500.0
	500.0
	500.0
	500.0
	345.0
	80.0
	500.0
	500.0
	262.0
	500.0
	500.0
	484.0
	500.0
	500.0
	500.0
	500.0
	500.0
	182.0
	500.0
	500.0
	500.0
	118.0
	500.0
	360.0
	134.0
	500.0
	404.0
	68.0
	500.0
	500.0
	500.0
	500.0
	500.0
	500.0
	500.0
	243.0
	330.0
	474.0
	500.0
	265.0
	263.0
	443.0
	95.0
	500.0
	229.0
	273.0
	144.0
	72.0
	500.0
	370.0
	15.0
	42.0
	468.0
	500.0
	500.0
	500.0
	429.0
	203.0
	500.0
	104.0
	340.0
	178.0
	500.0
	500.0
	452.0
	204.0
	239.0
	500.0
	122.0
	500.0
	318.0
	322.0
	500.0
	500.0
	500.0
	500.0
	274.0
	430.0
	500.0
	212.0
	500.0
	296.0
	500.0
	500.0
	103.0
	500.0
	500.0
	500.0
	466.0
	484.0
	500.0
	500.0
	500.0
	160.0
	500.0
	359.0
	500.0
	500.0
	378.0
	238.0
	500.0
	268.0
	500.0
	500.0
	370.0
	133.0
	500.0
	500.0
	487.0
	500.0
	500.0
	500.0
	500.0
	101.0
	364.0
	467.0
	180.0
	500.0
	446.0
	488.0
	500.0
	191.0
	500.0
	285.0
	12.0
	500.0
	500.0
	500.0
	184.0
	158.0
	306.0
	500.0
	273.0
	386.0
	500.0
	500.0
	500.0
	500.0
	377.0
	500.0
	500.0
	500.0
	500.0
	189.0
	500.0
	500.0
	500.0
	500.0
	393.0
	290.0
	500.0
	500.0
	334.0
	133.0
	58.0
	500.0
	500.0
	500.0
	500.0
	500.0
	500.0
	177.0
	311.0
	227.0
	370.0
	487.0
	500.0
	500.0
	329.0
	500.0
	97.0
	70.0
	500.0
	494.0
	500.0
	433.0
	500.0
	500.0
	500.0
	195.0
	500.0
	278.0
	500.0
	329.0
	226.0
	467.0
	346.0
	160.0
	500.0
	59.0
	235.0
	500.0
	500.0
	413.0
	500.0
	500.0
	500.0
	420.0
	500.0
	214.0
	500.0
	500.0
	500.0
	500.0
	500.0
	500.0
	317.0
	193.0
	500.0
	225.0
	500.0
	500.0
	500.0
	500.0
	487.0
	500.0
	500.0
	500.0
	205.0
	500.0
	500.0
	500.0
	500.0
	382.0
	500.0
	500.0
	500.0
	500.0
	500.0
	500.0
	355.0
	500.0
	500.0
	403.0
	500.0
	491.0
	111.0
	146.0
	500.0
	491.0
	500.0
	118.0
	341.0
	438.0
	407.0
	500.0
	500.0
	398.0
	500.0
	500.0
	500.0
	394.0
	306.0
	47.0
	262.0
	500.0
	500.0
	500.0
	500.0
	255.0
	111.0
	500.0
	500.0
	217.0
	346.0
	153.0
	385.0
	500.0
	500.0
	98.0
	380.0
	500.0
	402.0
	500.0
	328.0
	500.0
	500.0
	500.0
	500.0
	239.0
	54.0
	500.0
	500.0
	500.0
	106.0
	500.0
	307.0
	500.0
	500.0
	449.0
	500.0
	497.0
	500.0
	500.0
	480.0
	500.0
	500.0
	409.0
	500.0
	500.0
	418.0
	500.0
	500.0
	500.0
	500.0
	216.0
	500.0
	500.0
	14.0
	500.0
	500.0
	500.0
	361.0
	500.0
	104.0
	54.0
	53.0
	500.0
	500.0
	500.0
	178.0
	395.0
	500.0
	124.0
	258.0
	48.0
	346.0
	500.0
	312.0
	269.0
	144.0
	91.0
	500.0
	93.0
	500.0
	500.0
	500.0
	495.0
	500.0
	500.0
	309.0
	231.0
	343.0
	83.0
	466.0
	57.0
	175.0
	268.0
	500.0
	500.0
	352.0
	247.0
	251.0
	500.0
	500.0
	500.0
	500.0
	500.0
	500.0
	500.0
	500.0
	500.0
	155.0
	274.0
	33.0
	500.0
	500.0
	424.0
	500.0
	24.0
	500.0
	500.0
	387.0
	339.0
	500.0
	500.0
	500.0
	300.0
	500.0
	500.0
	264.0
	500.0
	275.0
	444.0
	304.0
	500.0
	333.0
	500.0
	122.0
	500.0
	500.0
	98.0
	386.0
	464.0
	500.0
	500.0
	500.0
	205.0
	500.0
	500.0
	500.0
	500.0
	381.0
	230.0
	500.0
	342.0
	352.0
	500.0
	500.0
	150.0
	385.0
	500.0
	500.0
	500.0
	500.0
	140.0
	11.0
	38.0
	210.0
	500.0
	500.0
	229.0
	500.0
	31.0
	79.0
	500.0
	250.0
	233.0
	500.0
	500.0
	500.0
	168.0
	52.0
	434.0
	500.0
	418.0
	198.0
	82.0
	75.0
	500.0
	263.0
	484.0
	500.0
	124.0
	500.0
	167.0
	272.0
	62.0
	267.0
	136.0
	451.0
	140.0
	256.0
	118.0
	194.0
	264.0
	117.0
	108.0
	13.0
	384.0
	500.0
	320.0
	189.0
	69.0
	462.0
	60.0
	97.0
	500.0
	314.0
	383.0
	500.0
	500.0
	251.0
	18.0
	346.0
	433.0
	214.0
	342.0
	500.0
	500.0
	216.0
	500.0
	393.0
	339.0
	174.0
	200.0
	500.0
	258.0
	500.0
	500.0
	211.0
	253.0
	16.0
	500.0
	17.0
	364.0
	400.0
	309.0
	265.0
	75.0
	88.0
	348.0
	402.0
	162.0
	302.0
	142.0
	497.0
	52.0
	369.0
	500.0
	109.0
	107.0
	94.0
	329.0
	500.0
	350.0
	132.0
	166.0
	384.0
	227.0
	499.0
	29.0
	500.0
	242.0
	500.0
	13.0
	500.0
	500.0
	500.0
	354.0
	102.0
	161.0
	500.0
	358.0
	500.0
	500.0
	500.0
	346.0
	206.0
	13.0
	265.0
	221.0
	500.0
	214.0
	372.0
	500.0
	500.0
	293.0
	90.0
	220.0
	500.0
	500.0
	500.0
	93.0
	500.0
	276.0
	500.0
	309.0
	500.0
	500.0
	102.0
	118.0
	118.0
	500.0
	390.0
	115.0
	410.0
	405.0
	500.0
	500.0
	258.0
	500.0
	396.0
	18.0
	60.0
	115.0
	172.0
	273.0
	500.0
	224.0
	481.0
	500.0
	141.0
	281.0
	421.0
	187.0
	384.0
	267.0
	500.0
	500.0
	288.0
	280.0
	153.0
	373.0
	500.0
	500.0
	500.0
	500.0
	234.0
	500.0
	500.0
	332.0
	150.0
	140.0
	182.0
	316.0
	500.0
	500.0
	291.0
	28.0
	500.0
	313.0
	238.0
	114.0
	48.0
	241.0
	159.0
	58.0
	500.0
	333.0
	12.0
	84.0
	500.0
	273.0
	500.0
	327.0
	500.0
	224.0
	123.0
	78.0
	282.0
	500.0
	500.0
	245.0
	439.0
	500.0
	500.0
	358.0
	165.0
	500.0
	500.0
	87.0
	500.0
	62.0
	388.0
	500.0
	500.0
	307.0
	58.0
	500.0
	299.0
	416.0
	168.0
	85.0
	96.0
	158.0
	494.0
	207.0
	500.0
	215.0
	314.0
	38.0
	377.0
	500.0
	77.0
	447.0
	309.0
	251.0
	500.0
	500.0
	500.0
	158.0
	500.0
	500.0
	132.0
	266.0
	500.0
	268.0
	319.0
	500.0
	278.0
	500.0
	500.0
	500.0
	500.0
	500.0
	161.0
	219.0
	423.0
	500.0
	496.0
	500.0
	500.0
	500.0
	500.0
	500.0
	381.0
	500.0
	216.0
	304.0
	88.0
	500.0
	500.0
	98.0
	81.0
	500.0
	313.0
	173.0
	266.0
	500.0
	500.0
	301.0
	500.0
	500.0
	239.0
	500.0
	500.0
	362.0
	463.0
	500.0
	500.0
	461.0
	175.0
	56.0
	423.0
	500.0
	297.0
	500.0
	500.0
	82.0
	500.0
	333.0
	500.0
	500.0
	419.0
	500.0
	500.0
	500.0
	332.0
	366.0
	500.0
	279.0
	500.0
	500.0
	500.0
	256.0
	500.0
	500.0
	500.0
	500.0
	500.0
	500.0
	172.0
	70.0
	500.0
	500.0
	13.0
	181.0
	151.0
	277.0
	500.0
	129.0
	39.0
	109.0
	500.0
	500.0
	127.0
	500.0
	329.0
	500.0
	500.0
	291.0
	12.0
	500.0
	301.0
	500.0
	500.0
	500.0
	500.0
	500.0
	99.0
	251.0
	222.0
	260.0
	500.0
	500.0
	72.0
	494.0
	103.0
	500.0
	500.0
	160.0
	500.0
	500.0
	500.0
	135.0
	500.0
	500.0
	500.0
	500.0
	500.0
	500.0
	385.0
	258.0
	500.0
	500.0
	500.0
	500.0
	247.0
	358.0
	200.0
	234.0
	215.0
	94.0
	300.0
	500.0
	304.0
	500.0
	154.0
	500.0
	500.0
	500.0
	289.0
	500.0
	183.0
	500.0
	500.0
	461.0
	500.0
	500.0
	500.0
	384.0
	500.0
	500.0
	454.0
	500.0
	250.0
	147.0
	500.0
	500.0
	500.0
	500.0
	161.0
	29.0
	500.0
	377.0
	119.0
	500.0
	49.0
	500.0
	453.0
	197.0
	500.0
	500.0
	500.0
	500.0
	408.0
	10.0
	500.0
	123.0
	500.0
	500.0
	13.0
	500.0
	500.0
	500.0
	317.0
	175.0
	153.0
	455.0
	329.0
	500.0
	500.0
	500.0
	488.0
	500.0
	500.0
	500.0
	500.0
	500.0
	420.0
	500.0
	454.0
	348.0
	77.0
	242.0
	124.0
	500.0
	250.0
	500.0
	337.0
	500.0
	405.0
	500.0
	500.0
	500.0
	500.0
	332.0
	444.0
	10.0
	188.0
	417.0
	500.0
	166.0
	500.0
	379.0
	48.0
	500.0
	500.0
	500.0
	310.0
	500.0
	500.0
	500.0
	153.0
	483.0
	401.0
	397.0
	500.0
	319.0
	500.0
	500.0
	314.0
	500.0
	500.0
	500.0
	500.0
	500.0
	91.0
	500.0
	500.0
	500.0
	380.0
	89.0
	233.0
	500.0
	500.0
	13.0
	331.0
	227.0
	369.0
	295.0
	500.0
	383.0
	500.0
	500.0
	378.0
	100.0
	500.0
	158.0
	500.0
	500.0
	328.0
	500.0
	453.0
	500.0
	500.0
	59.0
	86.0
	500.0
	500.0
	500.0
	500.0
	143.0
	500.0
	500.0
	325.0
	500.0
	500.0
	101.0
	43.0
	70.0
	478.0
	500.0
	500.0
	500.0
	500.0
	91.0
	210.0
	448.0
	500.0
	500.0
	271.0
	500.0
	286.0
	189.0
	110.0
	500.0
	139.0
	39.0
	71.0
	500.0
	500.0
	188.0
	79.0
	242.0
	500.0
	500.0
	352.0
	500.0
	500.0
	214.0
	81.0
	442.0
	86.0
	500.0
	500.0
	500.0
	500.0
	486.0
	331.0
	195.0
	500.0
	167.0
	491.0
	43.0
	421.0
	500.0
	500.0
	500.0
	500.0
	142.0
	500.0
	500.0
	500.0
	435.0
	444.0
	500.0
	121.0
	116.0
	200.0
	500.0
	262.0
	500.0
	100.0
	500.0
	500.0
	500.0
	214.0
	479.0
	473.0
	286.0
	259.0
	294.0
	500.0
	39.0
	259.0
	418.0
	500.0
	500.0
	379.0
	362.0
	500.0
	430.0
	500.0
	500.0
	168.0
	500.0
	93.0
	458.0
	274.0
	500.0
	308.0
	500.0
	500.0
	500.0
	459.0
	296.0
	320.0
	500.0
	312.0
	56.0
	500.0
	500.0
	500.0
	500.0
	346.0
	188.0
	500.0
	379.0
	500.0
	500.0
	500.0
	500.0
	208.0
	362.0
	500.0
	500.0
	341.0
	500.0
	500.0
	123.0
	500.0
	500.0
	362.0
	458.0
	367.0
	85.0
	395.0
	83.0
	500.0
	500.0
	11.0
	316.0
	380.0
	277.0
	500.0
	425.0
	454.0
	500.0
	132.0
	97.0
	500.0
	309.0
	369.0
	500.0
	500.0
	500.0
	84.0
	500.0
	500.0
	106.0
	500.0
	500.0
	500.0
	500.0
	388.0
	500.0
	500.0
	500.0
	415.0
	500.0
	500.0
	500.0
	500.0
	347.0
	319.0
	34.0
	500.0
	194.0
	500.0
	148.0
	87.0
	422.0
	500.0
	309.0
	413.0
	17.0
	500.0
	84.0
	223.0
	500.0
	500.0
	490.0
	210.0
	246.0
	500.0
	500.0
	500.0
	449.0
	209.0
	160.0
	421.0
	357.0
	500.0
	461.0
	331.0
	220.0
	100.0
	500.0
	230.0
	500.0
	221.0
	84.0
	500.0
	249.0
	500.0
	500.0
	280.0
	500.0
	216.0
	230.0
	500.0
	500.0
	258.0
	500.0
	500.0
	212.0
	500.0
	500.0
	500.0
	157.0
	500.0
	500.0
	500.0
	150.0
	500.0
	75.0
	500.0
	21.0
	500.0
	500.0
	278.0
	40.0
	500.0
	500.0
	123.0
	138.0
	343.0
	305.0
	500.0
	272.0
	168.0
	500.0
	500.0
	16.0
	113.0
	74.0
	310.0
	500.0
	357.0
	133.0
	311.0
	48.0
	491.0
	159.0
	343.0
	315.0
	254.0
	341.0
	500.0
	500.0
	500.0
	118.0
	91.0
	500.0
	298.0
	500.0
	500.0
	500.0
	289.0
	238.0
	78.0
	500.0
	205.0
	500.0
	251.0
	468.0
	462.0
	500.0
	500.0
	500.0
	500.0
	500.0
	376.0
	500.0
	500.0
	500.0
	155.0
	500.0
	500.0
	55.0
	500.0
	60.0
	470.0
	81.0
	98.0
	472.0
	153.0
	500.0
	163.0
	500.0
	500.0
	349.0
	52.0
	363.0
	485.0
	500.0
	165.0
	500.0
	500.0
	500.0
	500.0
	205.0
	121.0
	500.0
	49.0
	441.0
	176.0
	500.0
	500.0
	500.0
	500.0
	429.0
	500.0
	215.0
	500.0
	174.0
	145.0
	500.0
	362.0
	431.0
	27.0
	401.0
	193.0
	500.0
	368.0
	357.0
	287.0
	500.0
	398.0
	500.0
	500.0
	500.0
	500.0
	369.0
	500.0
	500.0
	185.0
	500.0
	500.0
	500.0
	500.0
	500.0
	500.0
	500.0
	200.0
	500.0
	82.0
	385.0
	69.0
	129.0
	194.0
	500.0
	500.0
	386.0
	500.0
	500.0
	463.0
	152.0
	499.0
	500.0
	500.0
	217.0
	276.0
	500.0
	130.0
	142.0
	500.0
	500.0
	500.0
	500.0
	112.0
	359.0
	500.0
	29.0
	130.0
	500.0
	500.0
	500.0
	500.0
	500.0
	500.0
	500.0
	500.0
	500.0
	500.0
	81.0
	297.0
	366.0
	500.0
	168.0
	295.0
	500.0
	500.0
	242.0
	493.0
	500.0
	500.0
	178.0
	500.0
	348.0
	61.0
	500.0
	500.0
	44.0
	467.0
	317.0
	154.0
	500.0
	394.0
	500.0
	500.0
	378.0
	477.0
	500.0
	266.0
	490.0
	176.0
	293.0
	295.0
	500.0
	138.0
	500.0
	500.0
	500.0
	500.0
	13.0
	500.0
	500.0
	500.0
	500.0
	216.0
	500.0
	327.0
	271.0
	500.0
	500.0
	255.0
	500.0
	500.0
	500.0
	224.0
	500.0
	500.0
	500.0
	138.0
	500.0
	500.0
	173.0
	13.0
	500.0
	500.0
	391.0
	394.0
	132.0
	320.0
	422.0
	366.0
	222.0
	429.0
	500.0
	447.0
	500.0
	469.0
	213.0
	500.0
	500.0
	500.0
	119.0
	476.0
	363.0
	500.0
	500.0
	149.0
	500.0
	500.0
	500.0
	500.0
	462.0
	500.0
	500.0
	500.0
	500.0
	500.0
	116.0
	500.0
	500.0
	419.0
	500.0
	500.0
	175.0
	500.0
	234.0
	13.0
	55.0
	500.0
	68.0
	500.0
	500.0
	66.0
	500.0
	500.0
	500.0
	287.0
	500.0
	500.0
	500.0
	500.0
	97.0
	28.0
	500.0
	500.0
	423.0
	500.0
	500.0
	500.0
	500.0
	500.0
	145.0
	480.0
	97.0
	500.0
	11.0
	500.0
	47.0
	500.0
	500.0
	421.0
	385.0
	500.0
	500.0
	500.0
	366.0
	500.0
	500.0
	500.0
	500.0
	320.0
	500.0
	500.0
	500.0
	479.0
	500.0
	500.0
	500.0
	441.0
	500.0
	376.0
	500.0
	56.0
	500.0
	500.0
	134.0
	161.0
	251.0
	217.0
	120.0
	222.0
	500.0
	213.0
	500.0
	116.0
	500.0
	500.0
	84.0
	460.0
	466.0
	500.0
	73.0
	500.0
	87.0
	500.0
	500.0
	500.0
	103.0
	500.0
	500.0
	474.0
	77.0
	500.0
	500.0
	54.0
	94.0
	500.0
	114.0
	379.0
	250.0
	500.0
	500.0
	202.0
	500.0
	500.0
	500.0
	500.0
	500.0
	500.0
	443.0
	500.0
	500.0
	500.0
	331.0
	500.0
	344.0
	449.0
	500.0
	421.0
	500.0
	500.0
	500.0
	392.0
	251.0
	500.0
	500.0
	130.0
	500.0
	500.0
	500.0
	500.0
	398.0
	305.0
	347.0
	500.0
	418.0
	137.0
	500.0
	500.0
	465.0
	247.0
	500.0
	500.0
	500.0
	316.0
	11.0
	500.0
	210.0
	500.0
	385.0
	500.0
	259.0
	171.0
	500.0
	500.0
	500.0
	500.0
	500.0
	500.0
	500.0
	500.0
	500.0
	394.0
	500.0
	500.0
	500.0
	477.0
	500.0
	500.0
	140.0
	500.0
	300.0
	500.0
	500.0
	141.0
	107.0
	369.0
	500.0
	500.0
	490.0
	500.0
	500.0
	500.0
	155.0
	268.0
	500.0
	144.0
	169.0
	10.0
	303.0
	261.0
	500.0
	30.0
	500.0
	487.0
	500.0
	402.0
	500.0
	500.0
	500.0
	396.0
	245.0
	500.0
	260.0
	500.0
	500.0
	212.0
	500.0
	500.0
	500.0
	500.0
	500.0
	500.0
	500.0
	263.0
	71.0
	48.0
	500.0
	374.0
	500.0
	115.0
	133.0
	290.0
	13.0
	317.0
	63.0
	500.0
	500.0
	408.0
	500.0
	500.0
	500.0
	500.0
	500.0
	500.0
	163.0
	11.0
	500.0
	301.0
	500.0
	500.0
	39.0
	500.0
	500.0
	500.0
	500.0
	500.0
	201.0
	177.0
	500.0
	500.0
	500.0
	482.0
	500.0
	15.0
	500.0
	389.0
	280.0
	500.0
	500.0
	500.0
	218.0
	500.0
	500.0
	500.0
	500.0
	500.0
	500.0
	500.0
	500.0
	429.0
	500.0
	32.0
	500.0
	323.0
	113.0
	172.0
	452.0
	500.0
	500.0
	429.0
	116.0
	374.0
	500.0
	299.0
	290.0
	317.0
	71.0
	185.0
	138.0
	92.0
	334.0
	500.0
	114.0
	365.0
	394.0
	211.0
	176.0
	170.0
	183.0
	289.0
	56.0
	147.0
	500.0
	388.0
	159.0
	183.0
	469.0
	127.0
	488.0
	500.0
	255.0
	500.0
	500.0
	45.0
	500.0
	500.0
	176.0
	500.0
	391.0
	500.0
	353.0
	500.0
	437.0
	500.0
	128.0
	500.0
	143.0
	141.0
	497.0
	413.0
	285.0
	500.0
	500.0
	126.0
	500.0
	500.0
	500.0
	500.0
	53.0
	500.0
	500.0
	500.0
	188.0
	140.0
	500.0
	71.0
	343.0
	500.0
	342.0
	500.0
	183.0
	204.0
	294.0
	442.0
	500.0
	238.0
	294.0
	16.0
	181.0
	257.0
	426.0
	232.0
	56.0
	500.0
	147.0
	333.0
	290.0
	500.0
	500.0
	218.0
	500.0
	500.0
	94.0
	380.0
	500.0
	359.0
	251.0
	500.0
	500.0
	500.0
	416.0
	466.0
	181.0
	216.0
	315.0
	500.0
	500.0
	309.0
	500.0
	44.0
	383.0
	500.0
	192.0
	51.0
	500.0
	500.0
	500.0
	482.0
	500.0
	500.0
	228.0
	500.0
	89.0
	500.0
	343.0
	500.0
	418.0
	500.0
	500.0
	500.0
	269.0
	389.0
	242.0
	500.0
	163.0
	416.0
	452.0
	149.0
	500.0
	500.0
	458.0
	500.0
	500.0
	500.0
	309.0
	500.0
	105.0
	275.0
	500.0
	500.0
	26.0
	500.0
	445.0
	500.0
	500.0
	500.0
	500.0
	202.0
	490.0
	490.0
	500.0
	500.0
	472.0
	500.0
	302.0
	464.0
	500.0
	83.0
	500.0
	79.0
	500.0
	500.0
	413.0
	500.0
	16.0
	500.0
	500.0
	500.0
	424.0
	500.0
	77.0
	271.0
	500.0
	500.0
	500.0
	500.0
	500.0
	500.0
	419.0
	500.0
	383.0
	426.0
	136.0
	500.0
	344.0
	500.0
	500.0
	457.0
	500.0
	445.0
	336.0
	214.0
	500.0
	500.0
	500.0
	99.0
	500.0
	500.0
	500.0
	172.0
	500.0
	304.0
	500.0
	489.0
	162.0
	500.0
	444.0
	284.0
	500.0
	343.0
	365.0
	500.0
	500.0
	259.0
	500.0
	500.0
	500.0
	500.0
	500.0
	500.0
	281.0
	199.0
	500.0
	500.0
	237.0
	339.0
	500.0
	202.0
	500.0
	356.0
	500.0
	500.0
	205.0
	372.0
	500.0
	500.0
	500.0
	500.0
	115.0
	154.0
	500.0
	157.0
	500.0
	500.0
	500.0
	500.0
	500.0
	63.0
	500.0
	500.0
	500.0
	500.0
	149.0
	76.0
	450.0
	121.0
	500.0
	500.0
	500.0
	148.0
	141.0
	500.0
	500.0
	78.0
	346.0
	369.0
	500.0
	500.0
	500.0
	101.0
	500.0
	435.0
	13.0
	194.0
	482.0
	500.0
	500.0
	381.0
	500.0
	171.0
	359.0
	360.0
	500.0
	500.0
	478.0
	379.0
	249.0
	18.0
	500.0
	305.0
	500.0
	500.0
	500.0
	500.0
	187.0
	485.0
	500.0
	325.0
	500.0
	238.0
	171.0
	381.0
	161.0
	500.0
	500.0
	500.0
	83.0
	500.0
	500.0
	500.0
	500.0
	500.0
	332.0
	449.0
	500.0
	500.0
	388.0
	500.0
	294.0
	500.0
	500.0
	500.0
	297.0
	495.0
	500.0
	500.0
	492.0
	147.0
	500.0
	500.0
	500.0
	500.0
	500.0
	500.0
	500.0
	500.0
	500.0
	357.0
	500.0
	500.0
	500.0
	378.0
	178.0
	342.0
	500.0
	500.0
	500.0
	183.0
	500.0
	71.0
	335.0
	500.0
	500.0
	266.0
	87.0
	500.0
	500.0
	500.0
	500.0
	500.0
	500.0
	500.0
	500.0
	500.0
	500.0
	337.0
	141.0
	456.0
	500.0
	500.0
	170.0
	18.0
	500.0
	500.0
	500.0
	461.0
	92.0
	500.0
	496.0
	500.0
	297.0
	496.0
	500.0
	256.0
	500.0
	385.0
	500.0
	500.0
	337.0
	500.0
	97.0
	486.0
	500.0
	500.0
	500.0
	500.0
	500.0
	159.0
	500.0
	500.0
	463.0
	500.0
	500.0
	500.0
	500.0
	500.0
	500.0
	402.0
	310.0
	367.0
	67.0
	500.0
	500.0
	500.0
	500.0
	500.0
	500.0
	500.0
	500.0
	500.0
	310.0
	500.0
	383.0
	500.0
	500.0
	500.0
	500.0
	125.0
	500.0
	500.0
	500.0
	485.0
	500.0
	500.0
	500.0
	191.0
	366.0
	500.0
	500.0
	50.0
	500.0
	500.0
	136.0
	417.0
	500.0
	488.0
	500.0
	445.0
	500.0
	500.0
	321.0
	500.0
	500.0
	500.0
	90.0
	105.0
	487.0
	500.0
	500.0
	500.0
	500.0
	500.0
	67.0
	500.0
	346.0
	500.0
	251.0
	500.0
	246.0
	401.0
	500.0
	189.0
	406.0
	201.0
	388.0
	500.0
	500.0
	500.0
	500.0
	265.0
	294.0
	238.0
	500.0
	500.0
	500.0
	500.0
	500.0
	500.0
	500.0
	500.0
	500.0
	500.0
	500.0
	500.0
	500.0
	459.0
	13.0
	500.0
	175.0
	500.0
	500.0
	500.0
	415.0
	500.0
	500.0
	430.0
	500.0
	500.0
	283.0
	500.0
	376.0
	436.0
	500.0
	461.0
	141.0
	336.0
	500.0
	500.0
	211.0
	243.0
	500.0
	500.0
	500.0
	500.0
	500.0
	500.0
	500.0
	500.0
	154.0
	500.0
	500.0
	500.0
	389.0
	500.0
	500.0
	196.0
	449.0
	378.0
	500.0
	418.0
	76.0
	40.0
	84.0
	280.0
	500.0
	500.0
	500.0
	500.0
	201.0
	124.0
	500.0
	209.0
	466.0
	500.0
	500.0
	117.0
	500.0
	500.0
	242.0
	500.0
	500.0
	335.0
	405.0
	500.0
	20.0
	500.0
	500.0
	374.0
	500.0
	235.0
	151.0
	208.0
	500.0
	331.0
	111.0
	450.0
	227.0
	500.0
	500.0
	500.0
	432.0
	500.0
	500.0
	410.0
	500.0
	107.0
	162.0
	500.0
	236.0
	500.0
	467.0
	500.0
	378.0
	500.0
	461.0
	67.0
	500.0
	500.0
	198.0
	500.0
	500.0
	500.0
	500.0
	500.0
	500.0
	265.0
	342.0
	500.0
	500.0
	500.0
	250.0
	372.0
	500.0
	500.0
	500.0
	500.0
	500.0
	204.0
	500.0
	500.0
	138.0
	500.0
	500.0
	500.0
	500.0
	255.0
	500.0
	97.0
	157.0
	500.0
	500.0
	500.0
	500.0
	500.0
	102.0
	500.0
	500.0
	500.0
	500.0
	500.0
	405.0
	492.0
	443.0
	500.0
	277.0
	500.0
	500.0
	500.0
	236.0
	500.0
	342.0
	440.0
	500.0
	420.0
	500.0
	500.0
	283.0
	500.0
	380.0
	500.0
	324.0
	500.0
	500.0
	325.0
	500.0
	148.0
	500.0
	267.0
	500.0
	290.0
	500.0
	500.0
	500.0
	500.0
	473.0
	382.0
	500.0
	500.0
	198.0
	500.0
	481.0
	97.0
	181.0
	358.0
	500.0
	500.0
	500.0
	500.0
	500.0
	500.0
	500.0
	500.0
	500.0
	483.0
	500.0
	500.0
	226.0
	500.0
	500.0
	21.0
	500.0
	500.0
	500.0
	500.0
	500.0
	351.0
	144.0
	274.0
	348.0
	500.0
	175.0
	453.0
	500.0
	414.0
	500.0
	159.0
	213.0
	164.0
	438.0
	248.0
	92.0
	500.0
	287.0
	146.0
	363.0
	500.0
	168.0
	500.0
	135.0
	500.0
	500.0
	313.0
	500.0
	500.0
	289.0
	101.0
	155.0
	500.0
	500.0
	251.0
	500.0
	179.0
	500.0
	500.0
	500.0
	369.0
	470.0
	403.0
	406.0
	500.0
	71.0
	86.0
	266.0
	500.0
	328.0
	500.0
	112.0
	74.0
	184.0
	365.0
	435.0
	500.0
	500.0
	500.0
	500.0
	261.0
	500.0
	462.0
	500.0
	500.0
	500.0
	120.0
	408.0
	500.0
	500.0
	500.0
	139.0
	500.0
	500.0
	500.0
	500.0
	500.0
	500.0
	475.0
	500.0
	500.0
	500.0
	62.0
	355.0
	210.0
	421.0
	230.0
	500.0
	263.0
	330.0
	500.0
	500.0
	500.0
	500.0
	500.0
	500.0
	404.0
	500.0
	500.0
	500.0
	294.0
	500.0
	283.0
	500.0
	198.0
	500.0
	500.0
	500.0
	500.0
	500.0
	500.0
	500.0
	500.0
	401.0
	445.0
	281.0
	381.0
	500.0
	500.0
	500.0
	190.0
	500.0
	500.0
	370.0
	500.0
	500.0
	378.0
	206.0
	500.0
	500.0
	500.0
	500.0
	38.0
	500.0
	23.0
	500.0
	29.0
	363.0
	500.0
	135.0
	500.0
	500.0
	398.0
	403.0
	500.0
	247.0
	500.0
	500.0
	500.0
	500.0
	500.0
	500.0
	500.0
	500.0
	500.0
	70.0
	500.0
	500.0
	500.0
	308.0
	289.0
	500.0
	500.0
	500.0
	419.0
	362.0
	489.0
	500.0
	430.0
	500.0
	500.0
	500.0
	500.0
	500.0
	138.0
	500.0
	398.0
	175.0
	500.0
	176.0
	500.0
	500.0
	500.0
	423.0
	500.0
	500.0
	500.0
	419.0
	500.0
	287.0
	500.0
	500.0
	246.0
	87.0
	500.0
	323.0
	500.0
	500.0
	500.0
	500.0
	360.0
	462.0
	416.0
	500.0
	500.0
	500.0
	500.0
	500.0
	500.0
	500.0
	110.0
	402.0
	500.0
	500.0
	500.0
	500.0
	452.0
	500.0
	295.0
	356.0
	500.0
	500.0
	245.0
	500.0
	500.0
	202.0
	500.0
	442.0
	500.0
	404.0
	227.0
	500.0
	297.0
	500.0
	500.0
	327.0
	500.0
	500.0
	500.0
	500.0
	500.0
	253.0
	500.0
	500.0
	500.0
	500.0
	500.0
	449.0
	461.0
	500.0
	467.0
	466.0
	500.0
	370.0
	500.0
	500.0
	204.0
	500.0
	500.0
	384.0
	500.0
	500.0
	383.0
	500.0
	65.0
	500.0
	500.0
	500.0
	500.0
	398.0
	500.0
	500.0
	500.0
	500.0
	500.0
	200.0
	359.0
	500.0
	500.0
	500.0
	345.0
	500.0
	500.0
	500.0
	359.0
	500.0
	500.0
	500.0
	32.0
	500.0
	461.0
	427.0
	232.0
	489.0
	500.0
	385.0
	500.0
	500.0
	460.0
	500.0
	500.0
	456.0
	500.0
	500.0
	356.0
	316.0
	500.0
	500.0
	500.0
	500.0
	303.0
	500.0
	500.0
	500.0
	477.0
	500.0
	500.0
	288.0
	127.0
	348.0
	320.0
	500.0
	500.0
	500.0
	500.0
	500.0
	484.0
	384.0
	500.0
	266.0
	500.0
	192.0
	456.0
	414.0
	500.0
	500.0
	172.0
	500.0
	500.0
	29.0
	500.0
	445.0
	405.0
	230.0
	294.0
	230.0
	500.0
	500.0
	285.0
	403.0
	500.0
	500.0
	500.0
	268.0
	500.0
	160.0
	110.0
	500.0
	500.0
	500.0
	500.0
	500.0
	500.0
	500.0
	438.0
	354.0
	500.0
	500.0
	500.0
	281.0
	500.0
	500.0
	299.0
	500.0
	114.0
	500.0
	500.0
	482.0
	346.0
	102.0
	500.0
	479.0
	500.0
	227.0
	267.0
	500.0
	500.0
	96.0
	436.0
	70.0
	500.0
	500.0
	250.0
	500.0
	500.0
	42.0
	500.0
	500.0
	354.0
	432.0
	500.0
	500.0
	30.0
	500.0
	500.0
	500.0
	500.0
	500.0
	211.0
	500.0
	337.0
	500.0
	500.0
	146.0
	373.0
	426.0
	325.0
	197.0
	500.0
	215.0
	409.0
	121.0
	500.0
	500.0
	500.0
	500.0
	500.0
	316.0
	308.0
	210.0
	500.0
	500.0
	24.0
	352.0
	350.0
	361.0
	490.0
	500.0
	500.0
	500.0
	500.0
	500.0
	434.0
	406.0
	459.0
	500.0
	251.0
	500.0
	246.0
	500.0
	105.0
	500.0
	448.0
	11.0
	359.0
	500.0
	500.0
	357.0
	500.0
	292.0
	500.0
	224.0
	500.0
	500.0
	388.0
	201.0
	500.0
	383.0
	479.0
	465.0
	500.0
	500.0
	500.0
	500.0
	500.0
	500.0
	500.0
	467.0
	500.0
	500.0
	487.0
	493.0
	500.0
	412.0
	500.0
	168.0
	69.0
	290.0
	432.0
	500.0
	248.0
	500.0
	500.0
	500.0
	500.0
	350.0
	132.0
	301.0
	195.0
	356.0
	500.0
	500.0
	500.0
	187.0
	500.0
	215.0
	500.0
	360.0
	500.0
	463.0
	500.0
	500.0
	440.0
	500.0
	500.0
	500.0
	500.0
	500.0
	500.0
	500.0
	500.0
	500.0
	500.0
	500.0
	406.0
	356.0
	470.0
	500.0
	500.0
	500.0
	500.0
	86.0
	266.0
	500.0
	500.0
	500.0
	500.0
	412.0
	360.0
	500.0
	500.0
	500.0
	25.0
	140.0
	328.0
	500.0
	466.0
	321.0
	500.0
	360.0
	318.0
	500.0
	500.0
	349.0
	445.0
	271.0
	371.0
	500.0
	62.0
	39.0
	211.0
	500.0
	500.0
	263.0
	59.0
	422.0
	500.0
	98.0
	500.0
	275.0
	500.0
	500.0
	500.0
	500.0
	500.0
	500.0
	500.0
	500.0
	204.0
	220.0
	500.0
	500.0
	500.0
	330.0
	500.0
	179.0
	500.0
	500.0
	427.0
	500.0
	500.0
	500.0
	362.0
	462.0
	277.0
	500.0
	452.0
	194.0
	206.0
	500.0
	500.0
	453.0
	494.0
	147.0
	500.0
	500.0
	500.0
	500.0
	500.0
	74.0
	173.0
	484.0
	350.0
	500.0
	85.0
	492.0
	485.0
	96.0
	500.0
	500.0
	500.0
	364.0
	480.0
	500.0
	500.0
	500.0
	391.0
	500.0
	500.0
	391.0
	500.0
	500.0
	342.0
	500.0
	268.0
	234.0
	199.0
	361.0
	399.0
	500.0
	482.0
	500.0
	315.0
	500.0
	500.0
	500.0
	500.0
	500.0
	500.0
	492.0
	460.0
	500.0
	500.0
	500.0
	352.0
	500.0
	465.0
	500.0
	414.0
	466.0
	500.0
	387.0
	500.0
	500.0
	287.0
	500.0
	297.0
	500.0
	500.0
	419.0
	140.0
	500.0
	306.0
	500.0
	500.0
	500.0
	500.0
	500.0
	277.0
	500.0
	500.0
	500.0
	187.0
	384.0
	500.0
	500.0
	379.0
	103.0
	500.0
	188.0
	110.0
	500.0
	500.0
	500.0
	500.0
	329.0
	430.0
	500.0
	500.0
	500.0
	500.0
	500.0
	446.0
	500.0
	216.0
	500.0
	248.0
	500.0
	500.0
	41.0
	500.0
	500.0
	500.0
	46.0
	500.0
	500.0
	500.0
	500.0
	419.0
	500.0
	500.0
	500.0
	500.0
	441.0
	189.0
	208.0
	281.0
	500.0
	500.0
	500.0
	313.0
	500.0
	309.0
	121.0
	500.0
	361.0
	500.0
	119.0
	500.0
	268.0
	500.0
	500.0
	500.0
	500.0
	500.0
	155.0
	300.0
	500.0
	378.0
	500.0
	500.0
	500.0
	500.0
	500.0
	500.0
	500.0
	500.0
	500.0
	500.0
	500.0
	500.0
	336.0
	500.0
	500.0
	500.0
	500.0
	500.0
	500.0
	500.0
	500.0
	500.0
	249.0
	500.0
	500.0
	500.0
	345.0
	500.0
	500.0
	392.0
	500.0
	500.0
	109.0
	500.0
	500.0
	500.0
	500.0
	487.0
	500.0
	287.0
	500.0
	500.0
	500.0
	500.0
	372.0
	500.0
	500.0
	500.0
	500.0
	500.0
	500.0
	191.0
	500.0
	500.0
	500.0
	222.0
	322.0
	500.0
	500.0
	428.0
	500.0
	500.0
	500.0
	500.0
	500.0
	500.0
	500.0
	500.0
	500.0
	371.0
	500.0
	224.0
	500.0
	500.0
	500.0
	500.0
	500.0
	500.0
	368.0
	500.0
	500.0
	500.0
	455.0
	500.0
	500.0
	485.0
	500.0
	500.0
	130.0
	500.0
	123.0
	500.0
	140.0
	500.0
	500.0
	500.0
	288.0
	500.0
	358.0
	472.0
	500.0
	500.0
	500.0
	500.0
	500.0
	241.0
	307.0
	430.0
	500.0
	500.0
	500.0
	500.0
	500.0
	464.0
	500.0
	500.0
	500.0
	500.0
	500.0
	500.0
	500.0
	109.0
	500.0
	500.0
	500.0
	500.0
	61.0
	500.0
	500.0
	500.0
	500.0
	500.0
	422.0
	182.0
	273.0
	500.0
	313.0
	500.0
	500.0
	500.0
	88.0
	191.0
	500.0
	78.0
	456.0
	266.0
	500.0
	500.0
	500.0
	500.0
	500.0
	139.0
	397.0
	500.0
	280.0
	500.0
	431.0
	500.0
	500.0
	500.0
	500.0
	265.0
	500.0
	500.0
	500.0
	500.0
	500.0
	138.0
	500.0
	500.0
	472.0
	500.0
	500.0
	500.0
	500.0
	500.0
	197.0
	500.0
	500.0
	302.0
	500.0
	500.0
	500.0
	500.0
	273.0
	500.0
	500.0
	500.0
	500.0
	500.0
	124.0
	500.0
	500.0
	500.0
	303.0
	500.0
	500.0
	500.0
	500.0
	243.0
	500.0
	500.0
	500.0
	500.0
	294.0
	500.0
	181.0
	500.0
	500.0
	500.0
	500.0
	144.0
	500.0
	67.0
	289.0
	500.0
	291.0
	500.0
	290.0
	294.0
	445.0
	239.0
	500.0
	500.0
	500.0
	500.0
	500.0
	500.0
	500.0
	500.0
	314.0
	500.0
	490.0
	500.0
	500.0
	111.0
	500.0
	500.0
	375.0
	289.0
	500.0
	500.0
	497.0
	393.0
	500.0
	436.0
	144.0
	500.0
	500.0
	500.0
	500.0
	500.0
	500.0
	258.0
	409.0
	500.0
	500.0
	500.0
	314.0
	408.0
	231.0
	500.0
	500.0
	500.0
	500.0
	219.0
	500.0
	419.0
	246.0
	293.0
	278.0
	36.0
	268.0
	500.0
	121.0
	500.0
	266.0
	500.0
	252.0
	500.0
	500.0
	500.0
	500.0
	437.0
	500.0
	500.0
	255.0
	500.0
	500.0
	398.0
	477.0
	469.0
	500.0
	433.0
	372.0
	93.0
	354.0
	217.0
	389.0
	500.0
	500.0
	500.0
	500.0
	467.0
	500.0
	500.0
	500.0
	138.0
	500.0
	500.0
	211.0
	500.0
	500.0
	500.0
	500.0
	245.0
	500.0
	111.0
	500.0
	177.0
	500.0
	362.0
	500.0
	500.0
	349.0
	245.0
	500.0
	500.0
	500.0
	205.0
	490.0
	500.0
	500.0
	500.0
	500.0
	500.0
	500.0
	500.0
	500.0
	500.0
	500.0
	500.0
	272.0
	500.0
	213.0
	500.0
	500.0
	500.0
	363.0
	500.0
	500.0
	278.0
	128.0
	413.0
	500.0
	470.0
	302.0
	500.0
	269.0
	500.0
	280.0
	500.0
	500.0
	500.0
	500.0
	500.0
	406.0
	500.0
	500.0
	500.0
	364.0
	495.0
	344.0
	500.0
	500.0
	500.0
	500.0
	500.0
	500.0
	189.0
	500.0
	500.0
	393.0
	416.0
	500.0
	500.0
	500.0
	500.0
	176.0
	500.0
	500.0
	500.0
	404.0
	500.0
	500.0
	500.0
	500.0
	500.0
	500.0
	500.0
	500.0
	500.0
	371.0
	500.0
	294.0
	289.0
	171.0
	500.0
	500.0
	339.0
	338.0
	500.0
	500.0
	500.0
	500.0
	104.0
	252.0
	169.0
	290.0
	466.0
	500.0
	475.0
	500.0
	107.0
	481.0
	488.0
	500.0
	129.0
	347.0
	495.0
	500.0
	500.0
	464.0
	104.0
	500.0
	500.0
	500.0
	500.0
	500.0
	328.0
	500.0
	500.0
	315.0
	173.0
	500.0
	337.0
	500.0
	500.0
	500.0
	500.0
	500.0
	448.0
	500.0
	361.0
	500.0
	489.0
	500.0
	500.0
	210.0
	500.0
	177.0
	92.0
	213.0
	500.0
	500.0
	500.0
	500.0
	500.0
	412.0
	315.0
	327.0
	372.0
	307.0
	500.0
	109.0
	500.0
	500.0
	500.0
	500.0
	500.0
	442.0
	141.0
	500.0
	169.0
	500.0
	298.0
	500.0
	198.0
	500.0
	500.0
	386.0
	500.0
	500.0
	500.0
	500.0
	450.0
	500.0
	500.0
	500.0
	500.0
	500.0
	500.0
	500.0
	500.0
	500.0
	500.0
	500.0
	500.0
	500.0
	75.0
	421.0
	500.0
	500.0
	481.0
	500.0
	283.0
	500.0
	500.0
	480.0
	500.0
	372.0
	500.0
	500.0
	500.0
	442.0
	500.0
	500.0
	273.0
	271.0
	500.0
	500.0
	500.0
	500.0
	500.0
	500.0
	500.0
	500.0
	258.0
	113.0
	500.0
	367.0
	500.0
	500.0
	500.0
	330.0
	500.0
	410.0
	500.0
	500.0
	500.0
	500.0
	187.0
	500.0
	500.0
	265.0
	500.0
	500.0
	500.0
	500.0
	500.0
	500.0
	483.0
	500.0
	500.0
	211.0
	500.0
	500.0
	110.0
	500.0
	312.0
	500.0
	138.0
	72.0
	500.0
	500.0
	500.0
	500.0
	500.0
	500.0
	500.0
	500.0
	500.0
	347.0
	500.0
	500.0
	500.0
	500.0
	107.0
	11.0
	219.0
	500.0
	500.0
	447.0
	500.0
	500.0
	500.0
	239.0
	500.0
	143.0
	500.0
	500.0
	418.0
	500.0
	500.0
	81.0
	500.0
	500.0
	408.0
	500.0
	500.0
	500.0
	124.0
	500.0
	500.0
	500.0
	500.0
	500.0
	249.0
	500.0
	500.0
	97.0
	289.0
	500.0
	211.0
	122.0
	500.0
	500.0
	500.0
	500.0
	500.0
	500.0
	129.0
	500.0
	500.0
	329.0
	500.0
	439.0
	449.0
	305.0
	500.0
	500.0
	500.0
	500.0
	500.0
	500.0
	237.0
	88.0
	221.0
	500.0
	500.0
	500.0
	500.0
	500.0
	394.0
	500.0
	500.0
	500.0
	132.0
	321.0
	500.0
	500.0
	397.0
	415.0
	500.0
	500.0
	500.0
	500.0
	500.0
	500.0
	500.0
	500.0
	494.0
	500.0
	500.0
	239.0
	260.0
	84.0
	247.0
	490.0
	500.0
	500.0
	273.0
	500.0
	364.0
	48.0
	500.0
	404.0
	456.0
	500.0
	500.0
	235.0
	448.0
	474.0
	500.0
	353.0
	500.0
	500.0
	463.0
	500.0
	500.0
	386.0
	500.0
	500.0
	259.0
	500.0
	500.0
	500.0
	500.0
	500.0
	500.0
	463.0
	500.0
	500.0
	500.0
	484.0
	500.0
	482.0
	500.0
	500.0
	500.0
	500.0
	500.0
	500.0
	500.0
	500.0
	500.0
	500.0
	500.0
	500.0
	500.0
	500.0
	500.0
	393.0
	500.0
	108.0
	320.0
	500.0
	223.0
	500.0
	500.0
	500.0
	500.0
	500.0
	500.0
	500.0
	500.0
	383.0
	500.0
	500.0
	339.0
	402.0
	500.0
	172.0
	500.0
	306.0
	500.0
	500.0
	500.0
	270.0
	500.0
	500.0
	500.0
	155.0
	302.0
	500.0
	337.0
	171.0
	375.0
	500.0
	500.0
	486.0
	500.0
	500.0
	500.0
	500.0
	239.0
	500.0
	500.0
	500.0
	184.0
	170.0
	388.0
	500.0
	500.0
	500.0
	488.0
	500.0
	500.0
	230.0
	312.0
	500.0
	447.0
	500.0
	500.0
	42.0
	500.0
	500.0
	89.0
	500.0
	500.0
	500.0
	320.0
	324.0
	421.0
	500.0
	262.0
	500.0
	500.0
	500.0
	500.0
	208.0
	500.0
	477.0
	500.0
	341.0
	230.0
	500.0
	500.0
	500.0
	500.0
	141.0
	500.0
	185.0
	500.0
	500.0
	131.0
	500.0
	500.0
	500.0
	500.0
	308.0
	500.0
	500.0
	500.0
	500.0
	500.0
	415.0
	195.0
	500.0
	122.0
	500.0
	500.0
	294.0
	37.0
	253.0
	500.0
	128.0
	500.0
	148.0
	500.0
	414.0
	500.0
	500.0
	500.0
	500.0
	500.0
	500.0
	500.0
	500.0
	26.0
	500.0
	500.0
	500.0
	500.0
	395.0
	500.0
	105.0
	280.0
	408.0
	396.0
	500.0
	206.0
	177.0
	461.0
	500.0
	373.0
	500.0
	402.0
	500.0
	242.0
	349.0
	295.0
	343.0
	304.0
	500.0
	500.0
	500.0
	500.0
	500.0
	500.0
	500.0
	500.0
	500.0
	500.0
	390.0
	442.0
	500.0
	500.0
	447.0
	500.0
	500.0
	500.0
	500.0
	500.0
	500.0
	500.0
	500.0
	62.0
	500.0
	133.0
	500.0
	486.0
	500.0
	89.0
	500.0
	500.0
	500.0
	191.0
	500.0
	500.0
	500.0
	211.0
	500.0
	500.0
	500.0
	500.0
	500.0
	240.0
	500.0
	500.0
	77.0
	500.0
	452.0
	111.0
	168.0
	500.0
	500.0
	500.0
	500.0
	500.0
	500.0
	500.0
	500.0
	500.0
	500.0
	500.0
	500.0
	500.0
	248.0
	418.0
	500.0
	288.0
	500.0
	500.0
	500.0
	500.0
	500.0
	500.0
	500.0
	246.0
	500.0
	500.0
	311.0
	500.0
	500.0
	179.0
	500.0
	447.0
	500.0
	237.0
	123.0
	33.0
	500.0
	500.0
	500.0
	85.0
	99.0
	500.0
	500.0
	500.0
	304.0
	500.0
	500.0
	317.0
	500.0
	500.0
	500.0
	500.0
	500.0
	500.0
	500.0
	471.0
	357.0
	500.0
	500.0
	500.0
	500.0
	500.0
	500.0
	500.0
	500.0
	169.0
	208.0
	500.0
	500.0
	500.0
	291.0
	500.0
	205.0
	497.0
	500.0
	500.0
	500.0
	32.0
	63.0
	218.0
	315.0
	138.0
	500.0
	35.0
	37.0
	500.0
	65.0
	151.0
	500.0
	500.0
	500.0
	500.0
	500.0
	439.0
	500.0
	118.0
	494.0
	500.0
	500.0
	500.0
	130.0
	500.0
	500.0
	500.0
	500.0
	500.0
	436.0
	500.0
	500.0
	390.0
	500.0
	500.0
	500.0
	500.0
	500.0
	500.0
	37.0
	500.0
	500.0
	500.0
	500.0
	313.0
	495.0
	500.0
	455.0
	394.0
	500.0
	500.0
	291.0
	500.0
	500.0
	500.0
	500.0
	344.0
	500.0
	500.0
	500.0
	500.0
	500.0
	389.0
	500.0
	500.0
	500.0
	500.0
	401.0
	500.0
	374.0
	500.0
	500.0
	500.0
	500.0
	500.0
	500.0
	500.0
	500.0
	500.0
	119.0
	500.0
	334.0
	500.0
	223.0
	500.0
	211.0
	500.0
	500.0
	500.0
	500.0
	500.0
	500.0
	500.0
	500.0
	500.0
	500.0
	500.0
	500.0
	62.0
	500.0
	495.0
	133.0
	159.0
	494.0
	500.0
	500.0
	500.0
	500.0
	500.0
	500.0
	411.0
	397.0
	500.0
	500.0
	434.0
	321.0
	500.0
	500.0
	500.0
	472.0
	500.0
	500.0
	376.0
	500.0
	390.0
	500.0
	500.0
	316.0
	194.0
	389.0
	500.0
	500.0
	500.0
	163.0
	500.0
	81.0
	500.0
	36.0
	500.0
	61.0
	282.0
	61.0
	145.0
	273.0
	500.0
	500.0
	500.0
	500.0
	500.0
	500.0
	500.0
	500.0
	500.0
	500.0
	458.0
	354.0
	132.0
	451.0
	377.0
	370.0
	500.0
	500.0
	500.0
	500.0
	459.0
	500.0
	332.0
	500.0
	500.0
	322.0
	500.0
	500.0
	500.0
	500.0
	500.0
	294.0
	500.0
	500.0
	415.0
	293.0
	295.0
	114.0
	266.0
	19.0
	241.0
	326.0
	500.0
	247.0
	500.0
	432.0
	500.0
	500.0
	500.0
	268.0
	125.0
	500.0
	500.0
	500.0
	500.0
	323.0
	398.0
	500.0
	500.0
	500.0
	500.0
	446.0
	63.0
	70.0
	500.0
	498.0
	331.0
	500.0
	500.0
	308.0
	500.0
	107.0
	500.0
	492.0
	500.0
	500.0
	228.0
	500.0
	230.0
	238.0
	285.0
	500.0
	43.0
	311.0
	426.0
	500.0
	129.0
	113.0
	500.0
	230.0
	500.0
	271.0
	295.0
	130.0
	168.0
	424.0
	290.0
	500.0
	134.0
	129.0
	38.0
	282.0
	183.0
	492.0
	500.0
	500.0
	500.0
	401.0
	399.0
	220.0
	500.0
	329.0
	478.0
	500.0
	327.0
	500.0
	500.0
	351.0
	417.0
	500.0
	113.0
	132.0
	500.0
	500.0
	193.0
	344.0
	500.0
	500.0
	500.0
	149.0
	264.0
	500.0
	270.0
	500.0
	474.0
	500.0
	500.0
	500.0
	500.0
	211.0
	86.0
	256.0
	419.0
	500.0
	78.0
	453.0
	500.0
	204.0
	100.0
	500.0
	339.0
	298.0
	500.0
	500.0
	144.0
	134.0
	182.0
	500.0
	263.0
	500.0
	459.0
	500.0
	500.0
	500.0
	500.0
	145.0
	326.0
	500.0
	371.0
	500.0
	110.0
	500.0
	419.0
	500.0
	131.0
	500.0
	397.0
	500.0
	186.0
	500.0
	500.0
	272.0
	341.0
	500.0
	275.0
	500.0
	500.0
	128.0
	500.0
	500.0
	497.0
	500.0
	397.0
	457.0
	500.0
	500.0
	128.0
	355.0
	500.0
	500.0
	500.0
	63.0
	500.0
	156.0
	259.0
	500.0
	500.0
	500.0
	500.0
	262.0
	500.0
	500.0
	500.0
	500.0
	500.0
	500.0
	500.0
	500.0
	355.0
	260.0
	500.0
	500.0
	500.0
	341.0
	500.0
	302.0
	119.0
	412.0
	500.0
	257.0
	104.0
	300.0
	235.0
	417.0
	500.0
	500.0
	500.0
	241.0
	500.0
	500.0
	323.0
	457.0
	500.0
	500.0
	500.0
	475.0
	500.0
	314.0
	500.0
	393.0
	500.0
	500.0
	258.0
	460.0
	500.0
	362.0
	500.0
	500.0
	452.0
	54.0
	500.0
	191.0
	500.0
	500.0
	500.0
	310.0
	346.0
	277.0
	500.0
	434.0
	122.0
	500.0
	500.0
	220.0
	500.0
	250.0
	141.0
	500.0
	500.0
	500.0
	500.0
	465.0
	500.0
	335.0
	311.0
	500.0
	256.0
	500.0
	225.0
	395.0
	500.0
	500.0
	282.0
	500.0
	124.0
	357.0
	500.0
	369.0
	500.0
	95.0
	433.0
	94.0
	500.0
	108.0
	247.0
	445.0
	32.0
	500.0
	500.0
	365.0
	500.0
	322.0
	500.0
	500.0
	500.0
	354.0
	500.0
	499.0
	500.0
	398.0
	455.0
	90.0
	236.0
	353.0
	500.0
	105.0
	500.0
	500.0
	500.0
	500.0
	278.0
	333.0
	500.0
	500.0
	500.0
	500.0
	500.0
	204.0
	461.0
	500.0
	489.0
	474.0
	500.0
	57.0
	500.0
	500.0
	500.0
	259.0
	500.0
	500.0
	298.0
	315.0
	500.0
	500.0
	500.0
	312.0
	500.0
	278.0
	500.0
	500.0
	398.0
	500.0
	500.0
	483.0
	500.0
	500.0
	500.0
	500.0
	427.0
	137.0
	271.0
	500.0
	357.0
	500.0
	441.0
	346.0
	500.0
	121.0
	235.0
	189.0
	500.0
	500.0
	500.0
	500.0
	500.0
	500.0
	500.0
	500.0
	500.0
	500.0
	500.0
	115.0
	500.0
	390.0
	386.0
	490.0
	500.0
	500.0
	437.0
	195.0
	500.0
	500.0
	406.0
	321.0
	500.0
	500.0
	500.0
	356.0
	347.0
	500.0
	500.0
	500.0
	500.0
	393.0
	447.0
	377.0
	500.0
	500.0
	500.0
	500.0
	500.0
	500.0
	500.0
	500.0
	500.0
	472.0
	500.0
	500.0
	41.0
	500.0
	500.0
	260.0
	270.0
	312.0
	442.0
	500.0
	275.0
	500.0
	442.0
	86.0
	167.0
	500.0
	500.0
	500.0
	500.0
	500.0
	500.0
	500.0
	324.0
	500.0
	500.0
	500.0
	500.0
	500.0
	359.0
	500.0
	500.0
	328.0
	500.0
	500.0
	500.0
	466.0
	500.0
	500.0
	500.0
	500.0
	230.0
	215.0
	151.0
	500.0
	142.0
	500.0
	500.0
	399.0
	442.0
	455.0
	500.0
	112.0
	500.0
	500.0
	500.0
	500.0
	500.0
	500.0
	116.0
	500.0
	196.0
	500.0
	500.0
	314.0
	500.0
	500.0
	500.0
	500.0
	225.0
	147.0
	237.0
	500.0
	500.0
	500.0
	500.0
	248.0
	16.0
	500.0
	500.0
	500.0
	241.0
	500.0
	500.0
	500.0
	500.0
	500.0
	500.0
	500.0
	500.0
	412.0
	500.0
	246.0
	409.0
	500.0
	91.0
	500.0
	500.0
	500.0
	336.0
	167.0
	500.0
	500.0
	398.0
	132.0
	118.0
	500.0
	240.0
	500.0
	500.0
	500.0
	200.0
	500.0
	500.0
	500.0
	267.0
	348.0
	500.0
	500.0
	500.0
	500.0
	440.0
	500.0
	181.0
	434.0
	359.0
	500.0
	500.0
	500.0
	500.0
	500.0
	500.0
	500.0
	303.0
	139.0
	255.0
	500.0
	500.0
	328.0
	500.0
	416.0
	500.0
	130.0
	497.0
	208.0
	456.0
	500.0
	352.0
	188.0
	500.0
	59.0
	11.0
	463.0
	416.0
	465.0
	424.0
	235.0
	471.0
	500.0
	201.0
	500.0
	500.0
	272.0
	500.0
	258.0
	479.0
	209.0
	500.0
	114.0
	74.0
	500.0
	500.0
	303.0
	500.0
	500.0
	86.0
	500.0
	500.0
	500.0
	500.0
	496.0
	500.0
	408.0
	500.0
	439.0
	500.0
	500.0
	148.0
	500.0
	317.0
	500.0
	500.0
	500.0
	484.0
	500.0
	500.0
	492.0
	500.0
	500.0
	249.0
	302.0
	500.0
	220.0
	500.0
	219.0
	196.0
	500.0
	449.0
	265.0
	375.0
	500.0
	500.0
	500.0
	381.0
	500.0
	418.0
	467.0
	500.0
	134.0
	500.0
	349.0
	500.0
	500.0
	500.0
	500.0
	500.0
	500.0
	354.0
	272.0
	500.0
	184.0
	500.0
	500.0
	253.0
	500.0
	500.0
	500.0
	500.0
	500.0
	500.0
	500.0
	500.0
	500.0
	500.0
	500.0
	500.0
	344.0
	73.0
	389.0
	500.0
	500.0
	313.0
	500.0
	488.0
	303.0
	202.0
	220.0
	500.0
	375.0
	13.0
	500.0
	365.0
	500.0
	388.0
	287.0
	500.0
	481.0
	312.0
	45.0
	98.0
	500.0
	175.0
	419.0
	269.0
	500.0
	479.0
	500.0
	500.0
	500.0
	500.0
	500.0
	500.0
	228.0
	500.0
	500.0
	369.0
	280.0
	409.0
	195.0
	215.0
	500.0
	242.0
	500.0
	372.0
	428.0
	455.0
	500.0
	500.0
	500.0
	500.0
	500.0
	500.0
	500.0
	500.0
	222.0
	500.0
	500.0
	107.0
	500.0
	500.0
	323.0
	203.0
	460.0
	452.0
	500.0
	500.0
	441.0
	500.0
	383.0
	43.0
	500.0
	488.0
	387.0
	229.0
	500.0
	281.0
	500.0
	202.0
	118.0
	233.0
	324.0
	121.0
	357.0
	300.0
	283.0
	500.0
	500.0
	121.0
	500.0
	500.0
	500.0
	500.0
	370.0
	143.0
	500.0
	422.0
	500.0
	500.0
	371.0
	500.0
	500.0
	500.0
	251.0
	500.0
	500.0
	21.0
	333.0
	390.0
	500.0
	500.0
	172.0
	89.0
	500.0
	203.0
	500.0
	500.0
	500.0
	416.0
	273.0
	380.0
	500.0
	500.0
	500.0
	500.0
	202.0
	104.0
	500.0
	500.0
	500.0
	300.0
	371.0
	152.0
	161.0
	198.0
	88.0
	500.0
	217.0
	500.0
	500.0
	231.0
	277.0
	500.0
	104.0
	414.0
	459.0
	500.0
	494.0
	333.0
	500.0
	42.0
	329.0
	225.0
	194.0
	259.0
	71.0
	500.0
	404.0
	175.0
	500.0
	472.0
	500.0
	500.0
	395.0
	500.0
	500.0
	68.0
	354.0
	484.0
	500.0
	466.0
	56.0
	422.0
	500.0
	116.0
	186.0
	500.0
	122.0
	500.0
	310.0
	500.0
	358.0
	87.0
	497.0
	500.0
	500.0
	196.0
	321.0
	325.0
	500.0
	190.0
	161.0
	273.0
	312.0
	115.0
	500.0
	457.0
	500.0
	249.0
	500.0
	335.0
	284.0
	500.0
	500.0
	422.0
	347.0
	500.0
	149.0
	500.0
	500.0
	500.0
	500.0
	500.0
	500.0
	500.0
	176.0
	500.0
	132.0
	242.0
	435.0
	154.0
	500.0
	95.0
	222.0
	121.0
	500.0
	216.0
	500.0
	222.0
	500.0
	500.0
	210.0
	52.0
	500.0
	326.0
	329.0
	500.0
	500.0
	500.0
	500.0
	71.0
	187.0
	136.0
	481.0
	500.0
	500.0
	500.0
	430.0
	257.0
	500.0
	500.0
	310.0
	500.0
	500.0
	188.0
	500.0
	500.0
	384.0
	476.0
	147.0
	292.0
	371.0
	104.0
	500.0
	500.0
	500.0
	500.0
	500.0
	500.0
	500.0
	59.0
	102.0
	297.0
	48.0
	50.0
	500.0
	500.0
	500.0
	500.0
	344.0
	271.0
	435.0
	486.0
	500.0
	355.0
	500.0
	500.0
	334.0
	500.0
	321.0
	312.0
	158.0
	500.0
	500.0
	280.0
	251.0
	500.0
	188.0
	500.0
	500.0
	500.0
	500.0
	500.0
	500.0
	486.0
	281.0
	500.0
	500.0
