1	34.0	31.1	11.0	48.0	8.439339576307127
1	28.0	30.2	14.0	49.0	8.434756314955793
1	27.5	30.6	13.0	65.0	8.415759742071579
1	24.5	25.9	10.0	43.0	8.412246775025462
1	25.5	29.1	16.0	59.0	8.413002999329368
1	41.5	36.9	11.0	72.0	8.420068186342608
1	23.5	27.4	16.0	68.0	8.421615514282058
1	29.0	32.7	17.0	49.0	8.429253855155169
1	21.0	21.8	15.0	30.0	8.43534268001316
1	24.5	29.7	18.0	65.0	8.424431894251885
1	28.5	29.6	14.0	50.0	8.436255490302853
1	25.0	26.2	12.0	52.0	8.437571498680228
1	26.0	29.3	15.0	57.0	8.430304129742925
1	26.0	28.3	13.0	49.0	8.419725799597337
1	28.0	30.8	13.0	66.0	8.419211716103879
1	35.0	39.5	13.0	81.0	8.416297291393162
1	38.0	39.7	20.0	72.0	8.425877567228357
1	32.5	31.6	12.0	51.0	8.418529118474789
1	25.0	31.5	16.0	64.0	8.41958570546895
1	31.0	33.9	18.0	61.0	8.416783874680554
1	27.0	27.4	11.0	42.0	8.414044588915129
1	23.5	30.2	11.0	82.0	8.423121538183832
1	34.5	36.2	25.0	57.0	8.423205700124667
1	30.5	29.7	18.0	41.0	8.436989338714302
1	45.0	47.9	31.0	85.0	8.44611427783142
1	34.5	33.4	17.0	62.0	8.45460705203662
1	31.0	30.7	14.0	44.0	8.454305688091484
1	46.0	42.7	18.0	66.0	8.458547256886991
1	26.0	25.2	14.0	35.0	8.459377607240658
1	26.0	30.7	14.0	89.0	8.448517361808921
1	27.5	35.1	16.0	78.0	8.445503132132227
1	28.0	27.9	10.0	46.0	8.443309073057645
1	28.0	33.4	13.0	62.0	8.460176201241755
1	25.5	26.2	15.0	48.0	8.460395390165077
1	28.5	32.4	14.0	80.0	8.459045241396153
1	34.0	36.4	21.0	74.0	8.45894841325479
1	34.5	33.5	16.0	50.0	8.454126233911943
1	31.0	37.5	18.0	72.0	8.456995736930041
1	34.5	35.4	13.0	68.0	8.449264283920208
1	42.0	41.7	16.0	77.0	8.454927318542545
1	17.5	22.4	13.0	49.0	8.441328644741542
1	26.5	26.3	11.0	39.0	8.45464214653135
1	29.0	35.2	10.0	110.0	8.46201334881285
1	26.5	30.6	19.0	66.0	8.463448420092329
1	38.0	40.8	28.0	57.0	8.455897266367362
1	34.5	32.4	17.0	52.0	8.462463429257888
1	31.5	32.3	12.0	53.0	8.471171362813516
1	36.5	36.9	25.0	55.0	8.465536551876909
1	33.5	35.3	16.0	76.0	8.47528219297032
1	36.5	41.5	9.0	109.0	8.46777735047376
1	27.0	27.6	11.0	40.0	8.469739542985673
1	23.5	28.8	21.0	50.0	8.465202475748434
1	35.0	35.8	22.0	58.0	8.468804889850993
1	29.0	37.2	15.0	83.0	8.457705596017908
1	31.5	32.0	18.0	46.0	8.458045316633541
1	34.0	34.3	11.0	56.0	8.470156654555813
1	30.5	34.5	18.0	79.0	8.459308925537693
1	35.5	35.5	9.0	70.0	8.446882806907167
1	32.5	33.4	17.0	66.0	8.454604349687566
1	26.0	32.2	18.0	76.0	8.440920125776843
1	32.0	31.9	23.0	46.0	8.438867457732597
1	25.5	27.1	11.0	43.0	8.445066559475967
1	28.0	28.1	9.0	48.0	8.440988511574595
1	23.0	28.3	15.0	64.0	8.44038548653517
1	31.5	33.2	13.0	59.0	8.449251717867554
1	37.0	36.4	19.0	51.0	8.44720684333257
1	34.0	39.9	26.0	59.0	8.445969435625235
1	33.5	39.8	19.0	79.0	8.45070954458074
1	28.5	28.3	13.0	45.0	8.444262400798781
1	27.0	35.6	21.0	72.0	8.441521726680085
1	33.5	34.8	11.0	70.0	8.450276299092463
1	27.5	30.7	18.0	61.0	8.458662527524767
1	33.5	34.9	16.0	55.0	8.455701918099308
1	35.0	35.3	21.0	59.0	8.451561051947758
1	39.0	40.4	13.0	71.0	8.446114564689928
1	26.5	28.6	11.0	51.0	8.44194708920842
1	32.5	37.0	10.0	65.0	8.432780707057077
1	23.5	28.6	17.0	52.0	8.42588169939167
1	21.0	31.4	13.0	116.0	8.41876764446496
1	23.0	32.7	16.0	73.0	8.4201544170459
1	29.0	31.2	21.0	50.0	8.427081907716866
1	24.0	28.0	15.0	47.0	8.427559218521013
1	39.0	35.9	23.0	60.0	8.426830183022293
1	23.5	26.4	14.0	47.0	8.413008390477273
1	28.5	28.0	17.0	40.0	8.4134407607992
1	22.0	26.7	15.0	49.0	8.412884272426682
1	25.5	25.6	14.0	39.0	8.423521531747115
1	42.5	42.6	25.0	67.0	8.419638260644602
1	30.5	33.6	14.0	62.0	8.425659885200792
1	28.5	30.5	21.0	48.0	8.405243272680014
1	31.5	33.9	12.0	73.0	8.396142421175393
1	22.5	27.8	18.0	49.0	8.395293325888364
1	28.0	29.7	18.0	51.0	8.38866191027457
1	30.0	26.1	12.0	36.0	8.390444375059634
1	32.5	37.8	14.0	72.0	8.40622792325718
1	29.0	31.3	16.0	51.0	8.405600262861853
1	48.0	45.8	14.0	71.0	8.401043281697582
1	32.0	31.8	10.0	57.0	8.40018949162539
1	28.0	29.9	18.0	44.0	8.401530920447122
1	31.0	33.0	15.0	76.0	8.392649088897723
1	23.0	26.6	17.0	51.0	8.38624739833713
1	32.5	32.4	16.0	55.0	8.393178532223592
1	33.5	41.6	13.0	83.0	8.394158244051775
1	23.0	25.1	11.0	54.0	8.388412585805096
1	40.0	36.6	17.0	66.0	8.386457618719824
1	27.0	36.6	16.0	107.0	8.378352665702678
1	31.5	33.2	18.0	47.0	8.376720416449192
1	32.5	34.9	16.0	56.0	8.379580866459518
1	38.5	36.0	13.0	53.0	8.374863350368942
1	26.0	32.6	16.0	90.0	8.374976518744395
1	29.0	34.5	11.0	66.0	8.371955417681814
1	32.0	36.0	10.0	71.0	8.372600967773778
1	25.0	27.3	15.0	62.0	8.37105129387822
1	34.0	43.8	16.0	102.0	8.361674672309828
1	25.0	34.9	13.0	64.0	8.36075335425102
1	34.5	39.8	20.0	96.0	8.361088624378047
1	42.0	45.0	27.0	66.0	8.36622349645806
1	39.5	42.5	14.0	80.0	8.36821766244452
1	29.5	32.6	18.0	57.0	8.369141107172895
1	28.0	32.1	9.0	71.0	8.36286650603572
1	35.5	39.4	18.0	72.0	8.369984653844663
1	25.0	33.4	18.0	95.0	8.373634718938543
1	37.0	39.7	23.0	65.0	8.368993570760212
1	32.0	37.3	13.0	91.0	8.364004357277633
1	42.5	44.1	13.0	86.0	8.36162751556499
1	30.0	35.3	12.0	67.0	8.363695522211028
1	36.5	40.2	18.0	79.0	8.36918825634094
1	56.5	49.8	22.0	68.0	8.379325784059784
1	40.5	42.4	19.0	71.0	8.385557466001
1	31.5	40.4	17.0	113.0	8.387563772965908
1	42.5	43.4	20.0	64.0	8.386964514771266
1	23.5	32.9	17.0	78.0	8.379410522294597
1	35.5	38.9	16.0	67.0	8.378759706909241
1	28.0	30.1	13.0	68.0	8.383630155930009
1	42.0	46.5	28.0	72.0	8.383699482275876
1	42.0	43.7	20.0	82.0	8.37405551022565
1	44.5	43.7	16.0	95.0	8.364155210900556
1	30.5	32.0	13.0	53.0	8.372573651870173
1	44.5	44.6	21.0	61.0	8.373554638444997
1	36.5	40.0	12.0	70.0	8.384010613335743
1	29.0	36.7	14.0	65.0	8.382952675553916
1	44.0	47.5	35.0	68.0	8.379009502084095
1	28.5	37.5	14.0	88.0	8.37093663068678
1	41.5	43.3	19.0	89.0	8.368142193895002
1	39.0	44.0	13.0	77.0	8.358099588158545
1	46.5	43.5	20.0	65.0	8.34740410655684
1	39.0	35.6	13.0	63.0	8.35232567736188
1	40.0	38.2	14.0	55.0	8.342916770649852
1	32.5	39.9	22.0	94.0	8.340045989631985
1	35.0	39.2	19.0	76.0	8.3357538129154
1	23.5	30.6	13.0	62.0	8.341614564473181
1	35.0	42.3	15.0	78.0	8.340644445965342
1	44.5	48.5	28.0	82.0	8.341036478047503
1	34.5	35.3	13.0	53.0	8.333966256757543
1	42.0	42.8	15.0	76.0	8.328880389213872
1	32.0	36.3	15.0	76.0	8.330555041535053
1	37.5	42.7	14.0	76.0	8.326215892218782
1	48.5	48.9	15.0	92.0	8.327212569837284
1	28.0	29.3	15.0	45.0	8.328110792808701
1	65.5	69.2	23.0	163.0	8.334217570208065
1	47.5	46.0	14.0	86.0	8.350459876288348
1	37.0	37.7	16.0	59.0	8.34199123451883
1	41.0	47.7	11.0	99.0	8.336576585980989
1	36.5	41.6	27.0	68.0	8.35217152544808
1	47.0	48.0	16.0	78.0	8.348979088709852
1	26.5	31.8	11.0	83.0	8.340266400554098
1	45.0	46.0	29.0	63.0	8.33248671766119
1	42.5	44.3	18.0	75.0	8.336716150214071
1	32.0	39.3	15.0	99.0	8.340010570755458
1	34.5	35.5	17.0	55.0	8.342407241203286
1	34.5	49.2	26.0	110.0	8.340347371523748
1	40.0	40.0	19.0	60.0	8.34537910338651
1	30.0	31.1	12.0	76.0	8.3378433144938
1	37.0	38.6	25.0	59.0	8.353946667192902
1	40.0	49.7	21.0	95.0	8.348360501480869
1	56.5	57.9	21.0	95.0	8.352008835858312
1	27.0	31.6	15.0	56.0	8.341500942973974
1	41.5	47.1	18.0	87.0	8.33586261941181
1	39.0	41.3	21.0	87.0	8.344278835569181
1	40.0	42.4	25.0	71.0	8.343927531424772
1	41.5	41.9	19.0	66.0	8.344699841609643
1	43.0	47.4	36.0	75.0	8.341494293828237
1	31.0	31.7	9.0	61.0	8.354823295037342
1	31.0	36.9	21.0	88.0	8.341171571555327
1	32.0	36.2	19.0	80.0	8.34578554807882
1	38.5	38.6	24.0	54.0	8.339867192037957
1	26.5	31.0	20.0	55.0	8.340760837208943
1	44.0	48.8	14.0	91.0	8.34364368047614
1	39.0	40.0	18.0	68.0	8.341801389387381
1	28.0	29.3	11.0	64.0	8.349939714574704
1	36.0	41.5	23.0	83.0	8.353788429618241
1	24.0	28.6	13.0	51.0	8.343068999269764
1	36.0	42.7	18.0	81.0	8.327773130734359
1	30.0	41.2	18.0	92.0	8.335143099866805
1	35.5	39.7	24.0	92.0	8.346556623152374
1	47.0	55.4	10.0	119.0	8.342419452587425
1	31.5	39.1	15.0	84.0	8.351132092540361
1	40.5	43.4	17.0	71.0	8.346242262070884
1	27.5	29.7	12.0	56.0	8.341044998823893
1	32.0	34.7	10.0	62.0	8.348866520697525
1	39.5	41.6	20.0	61.0	8.340695011501353
1	38.0	38.1	20.0	64.0	8.343359413618572
1	37.5	36.3	19.0	47.0	8.351334604735904
1	39.0	47.3	11.0	100.0	8.336977632854342
1	42.0	48.7	18.0	106.0	8.346045368530328
1	36.0	32.2	11.0	49.0	8.337956072583975
1	31.0	43.5	16.0	133.0	8.351973103286564
1	45.5	44.8	10.0	72.0	8.35772670062629
1	43.5	44.0	21.0	66.0	8.357162750147529
1	30.0	37.5	19.0	89.0	8.35632721590482
1	43.5	49.1	16.0	100.0	8.364216386454192
1	50.5	48.8	12.0	93.0	8.362927428444335
1	42.5	39.0	12.0	83.0	8.363925289404476
1	38.5	39.4	16.0	67.0	8.358566746123039
1	42.5	52.1	23.0	126.0	8.348618127471992
1	43.0	42.2	19.0	69.0	8.351597160167275
1	47.0	48.6	32.0	94.0	8.348787789530443
1	30.5	36.6	20.0	69.0	8.351174401848041
1	42.5	46.4	27.0	75.0	8.355058182520882
1	28.0	30.8	13.0	58.0	8.351732647042954
1	35.0	45.2	15.0	83.0	8.359929555982541
1	32.5	36.1	20.0	82.0	8.381518942384092
1	35.5	41.3	18.0	90.0	8.380703155204989
1	33.5	36.4	17.0	56.0	8.37848476752875
1	60.0	62.4	30.0	99.0	8.379424316101687
1	36.5	46.6	20.0	119.0	8.381473201699833
1	29.5	42.3	11.0	110.0	8.384629041131932
1	30.5	41.9	19.0	98.0	8.376475183357721
1	49.5	56.2	14.0	105.0	8.365972988816907
1	26.5	33.4	18.0	63.0	8.35557739036789
1	49.5	54.2	25.0	109.0	8.353782588693495
1	38.5	46.6	27.0	78.0	8.344244915798303
1	30.5	35.0	12.0	66.0	8.34053967945182
1	30.0	31.1	14.0	54.0	8.335079123940389
1	43.5	44.5	10.0	88.0	8.343536402570289
1	32.5	31.4	13.0	53.0	8.335351705854967
1	43.5	37.9	17.0	60.0	8.334492382182301
1	32.5	36.4	14.0	72.0	8.339580510881435
1	36.0	42.8	16.0	93.0	8.343620517837726
1	43.0	38.2	18.0	53.0	8.349621953564935
1	43.0	42.2	21.0	64.0	8.35368058156664
1	29.5	33.1	12.0	77.0	8.345730860853449
1	32.5	34.1	21.0	59.0	8.347566669752329
1	36.0	40.0	16.0	80.0	8.35413475428672
1	46.0	46.7	18.0	83.0	8.349829473345691
1	27.5	34.2	11.0	71.0	8.349235007132469
1	49.0	53.8	29.0	104.0	8.347710815894674
1	32.5	36.2	15.0	63.0	8.349126380672965
1	31.5	39.0	21.0	70.0	8.348341751977529
1	39.0	45.0	15.0	118.0	8.355488435197787
1	40.0	43.3	16.0	98.0	8.357255853150527
1	35.0	38.3	17.0	86.0	8.356303639401519
1	30.0	31.0	11.0	51.0	8.365594939422024
1	37.0	35.8	19.0	50.0	8.364542476867832
1	42.0	55.2	15.0	124.0	8.364380241145259
1	39.0	43.5	12.0	85.0	8.361150856407358
1	30.5	29.1	11.0	41.0	8.34967382898165
1	31.5	47.7	15.0	93.0	8.347517213682151
1	41.0	43.6	19.0	76.0	8.344000347086178
1	50.0	46.3	18.0	70.0	8.330565002850301
1	40.5	42.3	18.0	87.0	8.346753210079754
1	40.0	41.5	14.0	73.0	8.35095637734489
1	33.5	37.5	19.0	68.0	8.346708693085946
1	29.5	36.1	17.0	63.0	8.334217900119025
1	28.0	33.1	11.0	70.0	8.323068994017948
1	47.5	46.1	18.0	77.0	8.314525348444214
1	33.5	37.0	17.0	59.0	8.320132044547016
1	51.0	48.3	13.0	86.0	8.325518020991279
1	35.5	43.9	22.0	101.0	8.33379949280521
1	28.5	34.4	14.0	61.0	8.312252605237454
1	30.0	32.1	13.0	58.0	8.313360477928969
1	30.0	38.5	18.0	89.0	8.308098648859586
1	26.5	36.3	12.0	99.0	8.308443160129203
1	52.5	47.8	18.0	66.0	8.313279389797758
1	41.5	42.9	14.0	73.0	8.307086228244186
1	37.0	36.1	9.0	72.0	8.308571323445873
1	33.5	33.7	13.0	55.0	8.319210959665087
1	42.0	37.9	16.0	52.0	8.308025033304203
1	31.0	33.8	17.0	70.0	8.300082825972776
1	33.5	43.2	17.0	88.0	8.30631011927892
1	37.0	40.1	20.0	82.0	8.304205408166156
1	25.5	36.8	17.0	95.0	8.29909792107833
1	33.0	32.2	15.0	46.0	8.306192623042822
1	35.5	43.5	15.0	96.0	8.311844136717063
1	31.5	40.2	15.0	108.0	8.310071967852519
1	27.0	38.0	14.0	97.0	8.30622195567298
1	31.0	44.4	13.0	129.0	8.307864814327454
1	45.0	41.2	14.0	59.0	8.30958681249464
1	43.5	51.0	17.0	121.0	8.310791980047492
1	34.0	30.6	14.0	42.0	8.321480826704907
1	37.0	51.7	20.0	152.0	8.31677006902968
1	33.5	37.4	18.0	78.0	8.323856144970199
1	47.0	55.7	25.0	107.0	8.319550396035448
1	30.0	41.7	17.0	83.0	8.321105735760609
1	50.0	48.3	12.0	85.0	8.32162661621261
1	26.5	35.2	15.0	72.0	8.318739713948903
1	37.5	42.1	17.0	99.0	8.319715417553356
1	34.0	47.5	10.0	125.0	8.327602312050391
1	37.5	37.8	17.0	82.0	8.319185411887212
1	38.5	39.0	23.0	53.0	8.322392122170147
1	29.5	34.5	10.0	66.0	8.316625790719888
1	31.0	34.0	13.0	85.0	8.336011969413937
1	24.0	31.2	15.0	61.0	8.337317136873603
1	37.5	40.4	16.0	68.0	8.32793377661969
1	23.0	27.9	14.0	55.0	8.335541224036911
1	44.0	44.6	15.0	122.0	8.349446919776433
1	25.0	33.0	17.0	58.0	8.342843898075431
1	43.5	41.5	20.0	70.0	8.332066765090437
1	37.5	49.2	16.0	130.0	8.321631977147083
1	39.0	41.2	18.0	75.0	8.333172498561307
1	32.0	39.8	16.0	85.0	8.322425605417921
1	44.5	56.2	27.0	123.0	8.323456866294407
1	32.5	33.5	18.0	50.0	8.33610590095275
1	32.0	35.0	23.0	53.0	8.333297425672304
1	25.5	36.1	13.0	89.0	8.332520623733439
1	38.0	41.1	17.0	90.0	8.331698161133481
1	24.0	26.4	10.0	46.0	8.32559277173335
1	32.5	34.3	18.0	63.0	8.328545002795792
1	37.5	42.3	16.0	83.0	8.330080189214938
1	49.5	45.3	16.0	86.0	8.33240204447556
1	46.5	46.9	23.0	79.0	8.340051215180859
1	37.0	40.7	21.0	76.0	8.353143757666201
1	36.5	37.2	21.0	55.0	8.355084879535585
1	25.0	26.1	17.0	48.0	8.342003878101222
1	34.5	38.3	14.0	98.0	8.342754618112421
1	34.0	37.9	11.0	88.0	8.323104581292313
1	34.0	46.7	18.0	88.0	8.324217529914774
1	32.5	41.2	11.0	133.0	8.3182923153061
1	29.0	35.2	12.0	116.0	8.313640975968474
1	32.5	30.5	17.0	42.0	8.31708702716519
1	36.0	36.8	26.0	62.0	8.31874093394592
1	37.5	42.9	16.0	91.0	8.318901018335694
1	26.0	33.1	13.0	75.0	8.314094862962252
1	32.5	40.8	22.0	89.0	8.322044600246114
1	31.5	46.1	23.0	83.0	8.322450767292647
1	34.5	40.4	13.0	83.0	8.326079752261766
1	33.0	37.6	20.0	68.0	8.327909994764642
1	26.5	36.6	16.0	84.0	8.34010525179251
1	30.5	30.9	18.0	51.0	8.33692696767198
1	28.5	33.2	19.0	72.0	8.320995504064406
1	33.5	45.6	15.0	132.0	8.32125687568778
1	32.5	36.6	20.0	62.0	8.31590797111195
1	26.0	31.4	16.0	54.0	8.312389506755162
1	34.0	40.8	30.0	80.0	8.309911305325896
1	30.0	32.2	9.0	64.0	8.303536514288846
1	44.0	47.6	20.0	86.0	8.312907819429393
1	23.0	28.1	13.0	65.0	8.320059283926408
1	45.5	47.8	15.0	100.0	8.325802553193023
1	30.0	33.8	18.0	69.0	8.315130960034585
1	43.5	40.3	18.0	76.0	8.326474487285678
1	28.0	36.7	16.0	68.0	8.320813577332355
1	32.0	34.4	21.0	50.0	8.314342252573878
1	25.5	32.9	14.0	80.0	8.317519848463897
1	43.0	47.9	17.0	83.0	8.323585323457898
1	30.0	37.7	20.0	69.0	8.324164439709227
1	28.0	42.2	17.0	104.0	8.324655364350141
1	31.5	46.5	19.0	123.0	8.31890116346891
1	27.5	39.5	17.0	113.0	8.330049681625836
1	48.0	55.0	32.0	92.0	8.336895044952863
1	46.5	45.9	12.0	99.0	8.338257070423158
1	40.0	44.9	20.0	85.0	8.343846365732436
1	34.0	51.2	21.0	119.0	8.330666170098354
1	31.0	42.1	22.0	92.0	8.3240413988879
1	37.0	39.0	12.0	71.0	8.321045923291974
1	35.0	33.4	14.0	53.0	8.314416622778024
1	48.5	53.8	13.0	154.0	8.317611482363333
1	39.5	40.6	12.0	61.0	8.313950437728632
1	27.5	38.0	13.0	91.0	8.302761008340674
1	31.5	39.4	14.0	92.0	8.303377013568937
1	35.0	37.9	20.0	73.0	8.315601436958
1	34.0	35.9	14.0	71.0	8.310182869146134
1	39.5	44.7	17.0	90.0	8.311645795690064
1	59.0	57.8	18.0	103.0	8.315378968899518
1	34.5	36.9	12.0	63.0	8.287875166942351
1	40.5	43.9	13.0	92.0	8.291878005971887
1	27.0	33.2	16.0	80.0	8.287092519980716
1	48.0	51.3	14.0	94.0	8.284414102452851
1	33.0	33.2	14.0	50.0	8.277583537241808
1	45.0	49.8	21.0	98.0	8.26853123789269
1	32.5	36.7	14.0	62.0	8.282783799298235
1	53.0	55.5	23.0	90.0	8.287109488099388
1	31.0	46.4	20.0	129.0	8.297540919487098
1	56.0	52.2	19.0	85.0	8.276687552570738
1	53.5	54.1	20.0	113.0	8.269926778656183
1	59.0	54.8	19.0	77.0	8.27858775505206
1	42.0	52.1	16.0	110.0	8.281909049752752
1	44.0	50.8	19.0	94.0	8.271814653652223
1	29.5	36.2	17.0	70.0	8.284512154412988
1	49.5	59.6	13.0	158.0	8.28710829078286
1	42.5	55.0	11.0	169.0	8.289836523665281
1	43.5	42.8	13.0	71.0	8.29473126289633
1	33.0	39.8	13.0	86.0	8.28818885721344
1	43.0	50.6	29.0	105.0	8.277529738390122
1	38.0	44.8	19.0	80.0	8.262540331670811
1	41.0	40.6	11.0	75.0	8.266708151888652
1	48.0	45.9	18.0	66.0	8.2699430116945
1	36.0	46.4	17.0	97.0	8.265154610241934
1	23.5	35.5	13.0	82.0	8.265893302764585
1	32.0	35.8	13.0	62.0	8.272716839970384
1	50.0	52.4	17.0	96.0	8.27108326770789
1	47.0	49.7	12.0	123.0	8.287968635772136
1	50.5	56.9	27.0	104.0	8.277500613922756
1	52.5	62.4	14.0	130.0	8.274084076801161
1	29.0	34.5	14.0	61.0	8.266954294123524
1	39.5	40.8	18.0	72.0	8.280794955333876
1	37.0	45.2	12.0	75.0	8.268168226578542
1	31.5	40.4	13.0	101.0	8.260214472613836
1	42.0	45.1	12.0	77.0	8.272667793328672
1	44.0	45.0	13.0	95.0	8.268458891466938
1	37.0	58.9	16.0	122.0	8.280942529723692
1	32.0	30.7	16.0	49.0	8.273663813878347
1	50.0	52.1	21.0	89.0	8.275724922383237
1	36.0	38.9	19.0	78.0	8.26806095342804
1	43.5	39.1	13.0	56.0	8.268853260330674
1	43.0	52.8	22.0	123.0	8.266835233011939
1	41.5	49.5	29.0	88.0	8.266043548112433
1	46.0	47.8	15.0	103.0	8.260114296115493
1	35.5	36.9	14.0	59.0	8.257913074231546
1	31.5	40.6	18.0	92.0	8.264088677128418
1	40.0	47.3	15.0	91.0	8.271740716240075
1	36.5	36.0	14.0	54.0	8.259908424546692
1	46.0	46.4	17.0	80.0	8.250490805679386
1	38.0	43.3	12.0	87.0	8.24969084846942
1	41.5	49.8	16.0	104.0	8.244840820700444
1	39.5	42.8	22.0	80.0	8.24179466645913
1	37.5	41.5	18.0	84.0	8.246876513847635
1	45.5	42.9	11.0	86.0	8.246361673537638
1	43.0	48.3	24.0	79.0	8.254227271659904
1	45.0	56.5	18.0	135.0	8.257134256370572
1	45.0	42.1	14.0	60.0	8.252428100260165
1	34.5	37.7	10.0	67.0	8.272449067711634
1	38.0	37.8	9.0	70.0	8.277350540182667
1	47.0	48.9	27.0	83.0	8.279917443143397
1	54.5	50.2	10.0	105.0	8.286896409103935
1	35.0	46.1	17.0	89.0	8.291601598854916
1	39.0	51.6	16.0	129.0	8.30440888466758
1	35.0	44.7	18.0	102.0	8.307608798530245
1	31.0	46.1	11.0	122.0	8.310876371203506
1	45.5	53.7	18.0	106.0	8.310977520177024
1	38.5	42.9	32.0	71.0	8.317940218983725
1	39.0	41.3	18.0	97.0	8.317102631421383
1	41.0	44.5	14.0	97.0	8.31967988991619
1	45.5	51.8	10.0	126.0	8.325517858053644
1	41.0	51.1	21.0	150.0	8.32908719527859
1	35.0	40.8	11.0	80.0	8.323556514224757
1	34.5	33.1	18.0	51.0	8.323407767372817
1	37.0	42.4	12.0	72.0	8.309075901969063
1	38.5	45.0	14.0	97.0	8.296383853863624
1	32.5	34.7	17.0	66.0	8.296206911272508
1	28.5	37.3	13.0	85.0	8.295748538757856
1	43.0	48.1	14.0	88.0	8.292670444510227
1	45.0	42.4	16.0	75.0	8.287467517744101
1	40.0	45.3	14.0	101.0	8.301579813008061
1	40.5	37.5	14.0	62.0	8.304990241333696
1	31.0	38.8	15.0	77.0	8.303174260534771
1	32.0	36.3	10.0	76.0	8.317410182662604
1	53.0	59.3	28.0	97.0	8.323892583051881
1	38.5	37.1	18.0	58.0	8.333604358598807
1	35.0	39.8	15.0	74.0	8.339770010866134
1	39.5	45.4	23.0	70.0	8.328967854902938
1	41.5	49.6	17.0	113.0	8.306879474572252
1	40.0	44.5	21.0	78.0	8.301591362843446
1	46.5	42.4	10.0	71.0	8.32345917546778
1	44.0	46.2	22.0	78.0	8.32071428833585
1	43.0	46.3	22.0	107.0	8.331287162782413
1	36.0	47.2	10.0	108.0	8.330557223102035
1	52.0	58.2	20.0	107.0	8.33535788198966
1	41.5	41.0	14.0	60.0	8.338862192586701
1	43.5	44.5	11.0	95.0	8.323848483990448
1	30.5	32.6	16.0	53.0	8.328246093224195
1	49.0	49.2	13.0	89.0	8.327467775689271
1	37.5	49.5	17.0	144.0	8.31505701725753
1	27.5	29.8	14.0	62.0	8.320341076964464
1	28.5	36.8	23.0	77.0	8.331681379708195
1	47.5	46.4	9.0	87.0	8.32947679777347
1	43.0	51.7	27.0	99.0	8.330607988388584
1	46.0	46.9	25.0	75.0	8.335773384538282
1	36.5	43.5	17.0	78.0	8.351217027021109
1	37.5	44.5	21.0	94.0	8.353989355798932
1	56.0	61.4	20.0	111.0	8.338761330852845
1	43.5	54.7	20.0	143.0	8.343507975472809
1	78.5	70.2	16.0	130.0	8.343905920104765
1	34.5	41.6	18.0	87.0	8.329513052514859
1	41.0	45.7	24.0	74.0	8.323192317538691
1	57.5	59.1	32.0	107.0	8.328258624065338
1	47.5	49.5	25.0	70.0	8.322678352291707
1	41.0	50.6	10.0	133.0	8.329889179080435
1	38.5	54.6	10.0	128.0	8.33184719386798
1	46.5	47.3	18.0	83.0	8.334886296117714
1	41.5	48.1	18.0	80.0	8.340356846804008
1	76.5	71.5	34.0	109.0	8.326438719049671
1	47.0	50.7	21.0	88.0	8.353531632419974
1	36.0	52.0	21.0	135.0	8.343401780557736
1	38.0	47.0	15.0	99.0	8.340682552814018
1	38.5	54.7	14.0	115.0	8.336401483070354
1	52.5	59.0	34.0	101.0	8.338931593370946
1	44.5	43.4	12.0	84.0	8.336254574337728
1	32.0	34.1	24.0	53.0	8.347038784026902
1	35.0	36.7	22.0	67.0	8.354703263173796
1	70.0	62.2	31.0	89.0	8.352393846443793
1	43.0	44.8	24.0	77.0	8.350053672176529
1	34.0	48.5	18.0	127.0	8.333461138116773
1	33.0	43.9	13.0	95.0	8.33263056991814
1	41.0	37.2	15.0	55.0	8.32927605523587
1	43.0	55.7	15.0	157.0	8.326519784848932
1	38.0	42.4	26.0	73.0	8.332229464187067
1	41.0	44.3	15.0	75.0	8.32653459041337
1	45.5	44.8	12.0	87.0	8.330241104273327
1	38.5	44.2	13.0	82.0	8.317251091571904
1	38.5	43.7	26.0	74.0	8.315208191784082
1	34.5	47.3	11.0	123.0	8.321238025466736
1	36.5	36.7	14.0	67.0	8.319908688319032
1	36.5	40.6	18.0	70.0	8.319860818438663
1	45.5	54.5	29.0	148.0	8.314281382659695
1	38.0	43.1	30.0	70.0	8.316075643823673
1	44.5	54.1	24.0	111.0	8.323305169195818
1	51.0	54.2	16.0	91.0	8.31996368733505
1	41.5	47.5	18.0	73.0	8.32731869333056
1	61.5	57.8	24.0	115.0	8.329297716709474
1	55.5	56.7	31.0	110.0	8.323339417441998
1	40.5	43.7	15.0	99.0	8.324268199393964
1	32.5	39.7	22.0	65.0	8.330538854405114
1	73.5	69.2	13.0	128.0	8.34550119749596
1	49.5	50.0	15.0	77.0	8.353199560916599
1	40.5	46.9	16.0	111.0	8.347511085471105
1	40.5	46.8	21.0	84.0	8.347955141314777
1	58.5	58.0	33.0	104.0	8.334294617582957
1	45.5	53.1	18.0	159.0	8.326333720291002
1	36.5	43.7	15.0	95.0	8.327216071749858
1	43.0	43.4	9.0	82.0	8.329326112648971
1	47.0	50.3	13.0	90.0	8.344616123280348
1	37.5	46.5	18.0	122.0	8.335454084311861
1	43.5	48.3	20.0	81.0	8.326684411346717
1	58.5	60.6	17.0	106.0	8.322689549842904
1	52.0	60.9	19.0	141.0	8.32050905084703
1	49.0	47.5	12.0	77.0	8.332151798401386
1	48.5	48.9	19.0	76.0	8.352567926017414
1	58.0	57.7	16.0	109.0	8.358768745290972
1	62.5	60.0	25.0	109.0	8.354403130767192
1	35.5	48.6	12.0	164.0	8.346978209127288
1	63.0	75.5	35.0	166.0	8.342888814180805
1	38.0	41.2	15.0	78.0	8.335576989693
1	41.0	52.2	23.0	126.0	8.330516394629335
1	40.5	49.1	19.0	99.0	8.333989848831688
1	57.5	62.0	16.0	130.0	8.358030487749996
1	60.0	55.1	13.0	88.0	8.367569810516667
1	26.5	34.9	16.0	69.0	8.366083254176479
1	50.0	59.7	33.0	127.0	8.364143489822908
1	35.5	43.1	21.0	90.0	8.3593781432858
1	47.5	59.8	21.0	114.0	8.359798832636812
1	64.0	64.7	27.0	108.0	8.354491388196259
1	55.0	69.0	37.0	147.0	8.353351931552272
1	50.5	51.7	35.0	85.0	8.357989490325023
1	59.0	74.6	18.0	249.0	8.359901120220643
1	39.0	35.9	17.0	54.0	8.369707510627718
1	47.5	51.9	27.0	92.0	8.378027979630593
1	69.5	89.6	21.0	181.0	8.365726253462503
1	50.5	58.9	16.0	140.0	8.356161595245842
1	54.0	60.6	22.0	141.0	8.353243749691663
1	44.5	53.3	28.0	129.0	8.364730423550439
1	38.5	42.8	20.0	74.0	8.383136644711644
1	36.5	41.7	11.0	99.0	8.393413333293473
1	53.5	53.4	17.0	106.0	8.411055004817953
1	55.5	56.4	29.0	107.0	8.42053089716071
1	40.0	43.1	20.0	80.0	8.413130669897031
1	39.5	41.9	13.0	96.0	8.41595991620461
1	38.0	43.3	15.0	91.0	8.428841773134783
1	45.5	53.8	16.0	114.0	8.438907885318851
1	38.5	40.9	15.0	71.0	8.440889241572995
1	49.0	65.0	20.0	223.0	8.461371080276816
1	42.0	45.6	21.0	73.0	8.453069473121928
1	42.0	41.9	18.0	80.0	8.467931058580714
1	44.5	59.8	23.0	117.0	8.460638119829085
1	37.0	44.9	16.0	99.0	8.467447465390027
1	42.0	47.2	18.0	115.0	8.476581441134673
1	30.5	44.8	18.0	97.0	8.456311592145552
1	35.0	40.7	25.0	75.0	8.47069421907278
1	34.0	44.3	15.0	109.0	8.480741984092985
1	42.5	42.4	14.0	76.0	8.474148525298949
1	38.0	41.2	22.0	72.0	8.480066248136977
1	36.0	44.4	14.0	125.0	8.475859825442281
1	30.0	37.3	15.0	77.0	8.485251735753716
1	59.0	59.5	24.0	115.0	8.49098761346747
1	36.0	38.1	15.0	59.0	8.49191267139829
1	33.5	44.4	22.0	118.0	8.490097469135833
1	44.0	45.5	17.0	81.0	8.480312881840467
1	41.5	41.4	12.0	70.0	8.475928130484077
1	40.0	41.1	19.0	75.0	8.479271567317198
1	24.0	30.2	15.0	62.0	8.472896222135358
1	42.0	44.7	15.0	96.0	8.461148568454776
1	31.0	38.7	18.0	78.0	8.447421509054525
1	43.0	49.6	16.0	99.0	8.45128145710647
1	52.5	49.7	17.0	74.0	8.449538661898726
1	59.0	54.6	17.0	96.0	8.441951318056052
1	46.0	47.8	12.0	81.0	8.448662464054113
1	48.5	47.8	26.0	77.0	8.4439078167235
1	35.5	39.6	17.0	66.0	8.438377002721383
1	42.5	48.6	28.0	89.0	8.43474368478515
1	59.5	49.1	15.0	77.0	8.43542043898842
1	57.0	50.7	24.0	78.0	8.452999958334367
1	42.0	47.4	24.0	114.0	8.449133086982133
1	23.5	30.4	13.0	61.0	8.44307799133268
1	29.5	32.1	11.0	64.0	8.442445177733276
1	33.0	36.0	18.0	56.0	8.440073348739638
1	29.5	36.5	14.0	77.0	8.461268956075493
1	28.5	38.7	20.0	78.0	8.458795732610664
1	30.5	38.8	20.0	72.0	8.450507045975266
1	37.5	46.2	20.0	96.0	8.44952573241144
1	39.5	47.4	22.0	104.0	8.461251026027238
1	28.5	35.8	19.0	107.0	8.451443914882015
1	42.0	41.2	15.0	69.0	8.458812941048416
1	40.0	53.3	27.0	101.0	8.46384200516521
1	38.0	49.2	21.0	101.0	8.45348056102677
1	40.0	44.3	17.0	82.0	8.451462444467678
1	45.0	44.0	17.0	90.0	8.465018339854458
1	48.5	51.5	25.0	100.0	8.471649845258618
1	52.5	54.9	18.0	87.0	8.46375008402118
1	36.0	33.2	13.0	55.0	8.453950198044046
1	45.5	52.6	17.0	128.0	8.455832262520994
1	47.0	49.8	16.0	77.0	8.45147227101941
1	41.5	39.2	11.0	63.0	8.442854928107243
1	38.0	43.0	27.0	96.0	8.451726927675297
1	37.5	38.7	19.0	80.0	8.45191802262127
1	31.0	37.4	24.0	90.0	8.47177469107246
1	41.5	49.1	14.0	102.0	8.454348824176671
1	51.5	58.9	14.0	134.0	8.458363651425223
1	35.5	47.0	19.0	124.0	8.455976543611365
1	39.0	43.1	13.0	95.0	8.451918756370583
1	42.5	51.6	28.0	98.0	8.44161574925522
1	38.0	44.8	15.0	89.0	8.431329319252189
1	41.5	43.8	17.0	78.0	8.425435257891618
1	40.5	42.8	26.0	65.0	8.43107787563261
1	52.0	60.2	25.0	126.0	8.449877758306975
1	33.5	34.3	11.0	67.0	8.444175841212731
1	43.5	54.9	26.0	104.0	8.461595434947496
1	37.0	43.7	12.0	79.0	8.460360667333854
1	35.0	41.8	23.0	73.0	8.459457658422474
1	49.5	48.2	21.0	73.0	8.463382728510098
1	39.5	55.2	29.0	114.0	8.456649419012539
1	48.5	52.1	24.0	82.0	8.452093959983877
1	38.0	44.2	10.0	88.0	8.46272793314858
1	39.0	38.0	18.0	67.0	8.462500806919037
1	38.0	41.7	19.0	78.0	8.465706441897343
1	39.5	44.8	21.0	98.0	8.456441537408018
1	49.0	62.4	31.0	122.0	8.443335815315775
1	43.5	46.9	24.0	90.0	8.451054251509014
1	38.0	46.0	19.0	108.0	8.448587626804741
1	32.5	52.4	26.0	131.0	8.458822810071222
1	33.5	45.6	16.0	143.0	8.450994824932831
1	42.5	48.4	21.0	88.0	8.453996509740382
1	38.5	41.0	17.0	73.0	8.455322059646441
1	43.0	41.1	23.0	60.0	8.455755210552052
1	52.5	50.4	23.0	85.0	8.466076739316462
1	43.5	48.4	23.0	127.0	8.45870436245658
1	31.5	36.6	14.0	61.0	8.43682180650473
1	46.0	48.6	24.0	70.0	8.424153442245473
1	43.0	46.0	19.0	76.0	8.429903121321658
1	45.5	44.4	10.0	71.0	8.422044941365936
1	37.5	43.9	16.0	80.0	8.42258498375263
1	44.5	45.7	19.0	70.0	8.412052810481216
1	41.0	45.3	22.0	81.0	8.425203237372717
1	32.0	43.9	17.0	87.0	8.43375238865072
1	40.0	48.2	21.0	84.0	8.449367650953336
1	37.0	36.5	14.0	53.0	8.44218261362013
1	48.5	55.2	25.0	106.0	8.439514311053092
1	48.5	49.4	14.0	101.0	8.439276623515239
1	59.5	64.2	21.0	116.0	8.442411487428325
1	44.5	48.8	18.0	119.0	8.445604631079126
1	47.0	47.3	20.0	76.0	8.454902009676978
1	42.5	45.9	16.0	108.0	8.453764941024522
1	41.0	54.1	22.0	163.0	8.480598383448383
1	38.0	38.1	18.0	66.0	8.473050776468
1	54.5	50.6	13.0	85.0	8.475969907274521
1	37.5	39.9	21.0	70.0	8.477413779161102
1	34.5	40.4	17.0	59.0	8.473164017509824
1	40.0	37.0	18.0	54.0	8.466967941840338
1	40.0	50.8	19.0	124.0	8.464954245163435
1	66.0	56.5	28.0	89.0	8.455121215936037
1	38.5	41.6	15.0	92.0	8.456767186826987
1	36.0	37.1	12.0	67.0	8.4475247101797
1	36.0	41.5	26.0	63.0	8.468234907121198
1	36.5	40.8	15.0	83.0	8.468170119680662
1	46.5	45.2	13.0	77.0	8.473308663379937
1	34.5	37.8	14.0	67.0	8.485226119607384
1	41.5	39.4	12.0	68.0	8.490264933257663
1	37.5	46.8	30.0	91.0	8.48387352403345
1	43.5	49.8	24.0	95.0	8.476914344394368
1	38.0	36.3	14.0	61.0	8.469689142137236
1	40.5	41.0	14.0	73.0	8.492929998283666
1	39.5	41.5	9.0	70.0	8.465641243442327
1	61.0	56.6	14.0	77.0	8.47859615239955
1	43.5	48.0	13.0	83.0	8.486427581001475
1	34.0	36.1	23.0	73.0	8.48628059517004
1	56.0	57.4	14.0	99.0	8.487925797204847
1	55.0	58.7	12.0	111.0	8.484559452699305
1	33.5	44.9	17.0	91.0	8.47180759980194
1	43.5	41.0	16.0	71.0	8.4617871282582
1	35.0	36.9	15.0	74.0	8.45541694330461
1	37.0	40.4	18.0	79.0	8.448847357857963
1	49.5	55.6	16.0	112.0	8.459826025282371
1	52.0	58.2	37.0	89.0	8.470359169921176
1	46.0	45.4	18.0	72.0	8.481937966236318
1	51.5	54.6	31.0	109.0	8.479536991758053
1	65.0	65.2	30.0	103.0	8.478828233277419
1	39.5	46.8	21.0	85.0	8.488952122762077
1	55.5	66.3	17.0	140.0	8.481757148206231
1	40.5	46.2	21.0	113.0	8.47987926981018
1	60.0	62.8	20.0	131.0	8.498990380153986
1	43.5	44.1	12.0	80.0	8.513593351239763
1	59.5	54.4	12.0	120.0	8.503774183968284
1	54.5	58.8	28.0	101.0	8.495334926341863
1	34.0	45.2	15.0	140.0	8.496009064429684
1	53.0	59.1	30.0	117.0	8.489793673525167
1	56.0	63.0	20.0	115.0	8.4685829325811
1	40.0	52.4	22.0	108.0	8.461017357283758
1	61.0	66.6	17.0	136.0	8.47784043195381
1	48.0	56.1	31.0	147.0	8.486874834503514
1	58.0	58.5	22.0	102.0	8.493303504482444
1	37.5	53.1	17.0	138.0	8.507969643017471
1	58.0	60.7	31.0	99.0	8.53195746036884
1	57.0	63.8	32.0	115.0	8.528522937597524
1	42.0	53.2	27.0	148.0	8.534773631295392
1	58.5	73.1	20.0	222.0	8.542365814654243
1	41.5	44.6	21.0	74.0	8.543398741305538
1	52.5	66.8	26.0	128.0	8.526330706622927
1	40.0	59.1	25.0	145.0	8.52802515523161
1	48.0	51.7	21.0	91.0	8.545716482560303
1	62.0	62.0	30.0	86.0	8.544304543060557
1	59.5	57.7	21.0	96.0	8.53436124168334
1	41.5	55.8	33.0	136.0	8.518942864898175
1	61.0	62.9	13.0	135.0	8.512107509403307
1	62.0	65.0	19.0	148.0	8.518171183047219
1	31.5	36.7	11.0	72.0	8.524419041669363
1	40.5	61.0	21.0	140.0	8.52645143382804
1	72.5	69.2	15.0	120.0	8.547542398720248
1	50.0	62.0	24.0	132.0	8.534818674383192
1	44.0	63.6	22.0	230.0	8.532551803714597
1	51.0	56.8	14.0	99.0	8.53662651524647
1	60.5	63.1	29.0	105.0	8.517012097133827
1	45.5	59.0	20.0	142.0	8.533252756685696
1	53.5	56.6	30.0	83.0	8.532854198304726
1	40.5	47.1	16.0	99.0	8.525537118499198
1	44.5	39.4	11.0	63.0	8.51938365267249
1	63.5	57.3	24.0	84.0	8.515034226904744
1	59.0	59.6	15.0	113.0	8.501299007015865
1	58.5	60.9	26.0	104.0	8.499793048028819
1	49.5	47.7	13.0	89.0	8.497782408114306
1	54.5	57.9	23.0	126.0	8.501492613824697
1	47.0	48.1	23.0	75.0	8.501445756341228
1	51.5	67.7	26.0	187.0	8.50521586708733
1	50.0	56.1	24.0	121.0	8.500195652088376
1	57.0	59.3	22.0	124.0	8.514510988894465
1	68.5	76.1	38.0	191.0	8.5260559029196
1	55.0	59.1	19.0	122.0	8.513418571027996
1	58.5	66.8	24.0	117.0	8.519967382073284
1	44.0	57.9	22.0	140.0	8.531798970527142
1	63.0	71.4	36.0	160.0	8.528937681587301
1	44.5	52.9	21.0	121.0	8.532109060599407
1	47.5	52.1	15.0	105.0	8.526591658815393
1	57.0	70.5	20.0	164.0	8.511586091906324
1	76.0	82.0	27.0	198.0	8.499620395297958
1	49.5	54.8	30.0	101.0	8.490680250141677
1	27.5	42.1	16.0	121.0	8.480226499592971
1	79.0	88.8	37.0	162.0	8.493008839035285
1	70.0	90.0	32.0	254.0	8.478942450337808
1	66.5	70.0	25.0	148.0	8.478940700564491
1	92.5	83.5	21.0	150.0	8.48671522314729
1	74.0	80.6	21.0	147.0	8.493876992301669
1	37.0	48.4	15.0	101.0	8.496092896060752
1	101.0	99.1	32.0	175.0	8.485565335544546
1	68.5	68.6	17.0	140.0	8.479334680258786
1	76.5	85.7	38.0	146.0	8.479593100960697
1	81.0	87.3	31.0	160.0	8.474012545678855
1	83.5	74.4	16.0	123.0	8.469877570460527
1	76.5	80.6	23.0	208.0	8.469898699569097
1	125.5	105.4	18.0	163.0	8.480789950597815
1	77.0	74.6	24.0	113.0	8.478410368202193
1	55.0	71.9	22.0	181.0	8.480476701420438
1	80.0	68.7	25.0	101.0	8.47232484952923
1	84.5	83.0	14.0	193.0	8.485927564685657
1	122.0	105.5	38.0	202.0	8.50115177524055
1	74.0	78.1	40.0	133.0	8.490025778498735
1	70.5	69.2	12.0	122.0	8.48998682449547
1	74.0	77.6	25.0	172.0	8.49800058861547
1	86.5	76.8	16.0	134.0	8.492747241856534
1	39.0	62.6	15.0	143.0	8.489994717660535
1	57.0	74.3	30.0	190.0	8.493461620557227
1	67.5	71.7	19.0	142.0	8.503043419038072
1	66.5	66.8	26.0	102.0	8.499765364359785
1	51.5	58.0	14.0	148.0	8.502028752300628
1	84.0	83.1	17.0	174.0	8.495741090927112
1	79.0	91.4	62.0	165.0	8.512815730780876
1	75.0	82.0	25.0	142.0	8.513113872538957
1	66.0	76.8	24.0	139.0	8.515801306009804
1	71.0	76.6	29.0	140.0	8.519898909915302
1	70.5	72.1	20.0	142.0	8.510269521141737
1	61.0	73.6	27.0	143.0	8.51390293859092
1	64.0	75.2	15.0	193.0	8.50386362478642
1	67.5	82.1	24.0	188.0	8.476367305114307
1	63.5	78.2	23.0	194.0	8.463925858934754
1	65.0	71.2	19.0	134.0	8.468145939433528
1	55.5	83.7	32.0	168.0	8.478680115379225
1	69.5	76.3	40.0	130.0	8.494223752048116
1	78.5	76.1	17.0	130.0	8.487814873323247
1	84.5	74.5	19.0	130.0	8.483325184627311
1	74.0	84.3	18.0	197.0	8.487237127455073
1	62.5	73.4	27.0	214.0	8.492489090897445
1	55.5	63.5	42.0	116.0	8.476107774397473
1	88.0	87.3	22.0	159.0	8.464834099093185
1	64.0	93.0	30.0	302.0	8.442175830765624
1	69.5	75.9	22.0	162.0	8.443813938823185
1	81.5	100.6	48.0	190.0	8.433122131711345
1	90.0	96.0	48.0	193.0	8.428702266759078
1	65.5	74.2	40.0	121.0	8.42952788883739
1	79.5	89.6	36.0	155.0	8.422105620872527
1	72.5	75.7	33.0	148.0	8.420730693678324
1	89.0	87.6	44.0	159.0	8.415427474598857
1	54.0	74.8	19.0	158.0	8.440714218878343
1	75.5	76.6	44.0	122.0	8.44213935026154
1	92.5	88.5	17.0	173.0	8.441305685938874
1	43.5	69.2	28.0	179.0	8.459714976332922
1	100.0	109.8	36.0	210.0	8.46383497483682
1	63.0	92.7	33.0	334.0	8.463485264813
1	109.5	124.4	27.0	265.0	8.47816448070429
1	132.5	131.2	57.0	256.0	8.462368824774275
1	77.0	94.7	33.0	239.0	8.444181051799783
1	89.0	97.9	19.0	202.0	8.455485099188905
1	69.0	90.8	23.0	166.0	8.449389338233189
1	79.0	93.1	35.0	183.0	8.450306283015225
1	82.5	91.3	39.0	161.0	8.446295674081929
1	64.0	75.2	13.0	191.0	8.43597352365526
1	87.5	81.3	34.0	125.0	8.427687699316667
1	47.5	86.4	21.0	254.0	8.4206478870123
1	87.0	107.3	17.0	256.0	8.43991000871807
1	83.0	95.9	41.0	167.0	8.44004095834537
1	71.5	75.4	27.0	132.0	8.458356381386269
1	83.5	89.0	40.0	152.0	8.450697329092863
1	50.0	86.7	13.0	380.0	8.454364257993124
1	50.5	59.1	20.0	108.0	8.43874256146542
1	79.0	85.3	31.0	173.0	8.460276965857286
1	69.5	68.2	20.0	134.0	8.45661624798331
1	72.5	73.0	22.0	146.0	8.457993053699605
1	66.0	74.7	38.0	147.0	8.47375556623072
1	78.0	81.5	21.0	196.0	8.475175685930656
1	79.5	79.1	22.0	211.0	8.479730194943423
1	61.0	86.1	20.0	243.0	8.483937346881282
1	80.0	79.5	43.0	122.0	8.500461350313632
1	52.5	57.8	14.0	122.0	8.504381385192888
1	66.5	92.7	23.0	264.0	8.521204521026611
1	58.0	79.6	18.0	226.0	8.53028342426531
1	49.0	94.3	30.0	350.0	8.541713920789883
1	86.5	89.2	19.0	172.0	8.531682960626645
1	69.0	77.7	28.0	144.0	8.530346255196838
1	61.5	68.8	20.0	182.0	8.528810162462454
1	77.5	103.9	41.0	340.0	8.528550569136216
1	82.5	85.2	12.0	203.0	8.531248525192348
1	66.0	68.4	25.0	115.0	8.513459501578357
1	78.5	91.2	27.0	237.0	8.512586793113643
1	59.5	92.4	32.0	350.0	8.524613653788597
1	75.5	78.2	19.0	148.0	8.51830883115911
1	92.5	88.6	53.0	123.0	8.530947211046822
1	74.0	67.9	16.0	118.0	8.544099313784445
1	59.0	61.8	40.0	90.0	8.563667213350213
1	80.5	101.0	37.0	245.0	8.554908870859673
1	67.0	71.8	23.0	162.0	8.549812700153584
1	83.0	84.3	19.0	161.0	8.557655958644876
1	55.0	74.4	35.0	135.0	8.564224852245774
1	61.5	73.6	21.0	188.0	8.587393907288464
1	58.0	77.8	19.0	176.0	8.585639112598116
1	78.0	79.1	50.0	119.0	8.599481151532919
1	35.0	58.5	18.0	170.0	8.579106060757239
1	39.0	53.0	17.0	142.0	8.57371310758638
1	63.5	71.4	23.0	163.0	8.57625687507562
1	49.5	57.7	29.0	107.0	8.601534087203849
1	45.0	48.3	25.0	103.0	8.603737492408388
1	46.0	61.6	20.0	118.0	8.598095063415183
1	65.0	62.5	21.0	148.0	8.590782538463776
1	75.0	73.5	17.0	144.0	8.576672968403434
1	40.5	57.9	25.0	119.0	8.60236880418408
1	97.5	90.8	19.0	152.0	8.605003740529481
1	65.5	69.4	28.0	112.0	8.602661964326094
1	61.0	59.2	47.0	65.0	8.604070272845801
1	62.0	61.7	19.0	86.0	8.613175141281776
1	67.0	83.3	31.0	210.0	8.62452269338281
1	47.0	51.1	27.0	80.0	8.605417517131666
1	68.5	83.4	26.0	142.0	8.58951659121606
1	52.0	55.7	14.0	92.0	8.597129153919274
1	54.5	67.6	15.0	177.0	8.59688083335691
1	44.5	56.4	17.0	133.0	8.602532454527653
1	78.0	71.6	30.0	119.0	8.615166237946461
1	62.0	77.6	26.0	151.0	8.611346561557543
1	56.5	62.7	23.0	120.0	8.610233622787081
1	47.0	49.4	23.0	119.0	8.617653466531483
1	64.5	77.1	31.0	161.0	8.630211381363234
1	76.5	91.8	36.0	152.0	8.612960792276965
1	69.5	100.6	27.0	338.0	8.604931501158513
1	56.5	63.0	29.0	129.0	8.602478706942264
1	64.0	61.3	36.0	84.0	8.598023454201604
1	82.0	94.4	45.0	157.0	8.604269358648558
1	87.0	84.2	18.0	134.0	8.604437313406653
1	61.5	72.2	29.0	150.0	8.627390372701122
1	56.5	64.5	30.0	142.0	8.623820135012858
1	56.0	66.7	15.0	154.0	8.600950512483688
1	50.0	69.5	19.0	161.0	8.584785953527662
1	57.0	61.4	20.0	150.0	8.578346671737073
1	62.5	70.4	33.0	115.0	8.572205511887166
1	74.0	80.3	36.0	129.0	8.577349861486182
1	60.0	69.0	19.0	151.0	8.571871786091366
1	56.5	62.0	19.0	121.0	8.574713267913499
1	58.5	58.2	12.0	156.0	8.585833563018532
1	50.0	67.6	17.0	194.0	8.565378564833843
1	82.0	91.2	30.0	214.0	8.566291150922575
1	57.5	67.0	19.0	151.0	8.58649112587363
1	91.0	87.6	25.0	163.0	8.561163042667106
1	63.5	88.0	31.0	251.0	8.581589900452064
1	76.5	83.1	50.0	131.0	8.583727553813432
1	88.0	98.6	33.0	180.0	8.571807290037365
1	68.0	74.4	18.0	190.0	8.58503487883969
1	69.5	70.1	43.0	153.0	8.575475028689963
1	63.5	86.4	24.0	221.0	8.566099513980287
1	57.5	68.0	18.0	156.0	8.562526240917528
1	77.5	89.4	52.0	154.0	8.559650028452996
1	77.0	71.5	18.0	122.0	8.561324980254254
1	60.5	69.8	26.0	134.0	8.575477829131987
1	48.0	56.3	12.0	193.0	8.55772917079446
1	54.0	56.2	14.0	114.0	8.550729798159335
1	78.5	86.2	16.0	162.0	8.542623665440663
1	69.5	82.7	21.0	200.0	8.54240544870979
1	73.0	85.0	20.0	212.0	8.557768025879785
1	46.5	51.4	25.0	99.0	8.560738857065855
1	42.5	46.2	17.0	84.0	8.562160667184889
1	48.5	62.4	20.0	205.0	8.564167148805671
1	60.0	75.1	29.0	148.0	8.583034442723166
1	58.0	56.4	19.0	103.0	8.562150805553475
1	58.0	75.3	15.0	174.0	8.557807708907177
1	41.5	49.6	23.0	115.0	8.570936935959503
1	48.5	50.4	19.0	108.0	8.560643654379428
1	62.5	72.2	19.0	168.0	8.57674660489364
1	41.5	52.6	16.0	110.0	8.579125614196107
1	30.5	33.8	12.0	74.0	8.575447565606048
1	50.0	67.5	16.0	174.0	8.541328071376457
1	78.0	80.2	30.0	154.0	8.55503867449553
1	78.5	81.6	22.0	179.0	8.552799280061663
1	49.0	56.0	18.0	126.0	8.559092445951686
1	58.0	55.8	15.0	102.0	8.569590668874795
1	65.0	64.7	22.0	126.0	8.590445062878768
1	44.0	43.0	13.0	77.0	8.582769527934856
1	69.5	60.7	19.0	110.0	8.599956635064181
1	59.5	64.4	12.0	121.0	8.633073831855322
1	53.0	55.6	13.0	99.0	8.634059551222965
1	46.0	59.5	17.0	134.0	8.607777739574077
1	24.5	43.3	11.0	170.0	8.591161671830392
1	59.0	66.5	22.0	152.0	8.595910622231695
1	60.5	62.0	15.0	156.0	8.603102597364211
1	63.0	69.6	17.0	167.0	8.613116338715827
1	61.0	65.1	18.0	107.0	8.638716720050752
1	50.0	62.3	14.0	118.0	8.63331161216852
1	52.5	59.9	17.0	141.0	8.651995234104103
1	67.0	60.4	10.0	106.0	8.648979246807391
1	58.5	62.5	19.0	106.0	8.654759654295711
1	55.0	59.0	16.0	122.0	8.656500848796542
1	57.0	68.1	24.0	173.0	8.639388759182006
1	59.0	63.5	14.0	130.0	8.648549107282513
1	43.0	69.3	16.0	205.0	8.653598182871516
1	35.0	45.5	19.0	87.0	8.666035471929852
1	57.0	68.6	19.0	148.0	8.663306485257282
1	49.0	58.9	13.0	141.0	8.658097553592038
1	43.5	52.6	15.0	129.0	8.668265951329902
1	50.0	52.6	28.0	71.0	8.67370257267677
1	55.5	56.5	12.0	94.0	8.68444798017927
1	80.5	76.7	16.0	148.0	8.672550764783374
1	63.0	66.3	22.0	125.0	8.678198006653615
1	55.5	52.0	19.0	90.0	8.68355767758774
1	77.5	78.3	21.0	147.0	8.707606828993228
1	56.5	54.3	19.0	86.0	8.698297805107854
1	80.5	82.9	13.0	144.0	8.689357142982528
1	51.0	59.7	28.0	117.0	8.702743402715528
1	65.5	56.7	14.0	86.0	8.703482617731224
1	62.5	65.2	17.0	134.0	8.69272392011202
1	74.0	74.3	28.0	145.0	8.695960859258157
1	45.0	45.0	18.0	79.0	8.697830339601987
1	82.0	85.2	10.0	159.0	8.699989202870192
1	67.0	67.1	13.0	118.0	8.686712240206088
1	51.5	47.8	11.0	82.0	8.700136393525334
1	46.5	54.2	29.0	112.0	8.703827576868104
1	44.0	48.3	15.0	107.0	8.690508918655285
1	69.5	78.7	20.0	174.0	8.703579359716764
1	41.5	44.2	21.0	79.0	8.707453571157245
1	73.0	77.9	29.0	126.0	8.703540252161588
1	61.0	75.2	17.0	148.0	8.710120661037513
1	66.5	73.5	34.0	121.0	8.712133886060418
1	89.0	82.8	26.0	151.0	8.708334381987365
1	83.0	81.7	27.0	136.0	8.731276919502179
1	59.5	74.4	20.0	172.0	8.744240478482052
1	79.0	86.5	22.0	154.0	8.731210758462783
1	88.5	103.1	13.0	198.0	8.722092394368149
1	62.0	72.3	14.0	182.0	8.701532784784078
1	86.0	88.5	36.0	192.0	8.687024428073599
1	65.0	78.3	19.0	155.0	8.677709487687709
1	81.5	83.9	16.0	176.0	8.668506957728066
1	60.0	73.7	21.0	146.0	8.656068041425542
1	88.0	82.1	15.0	117.0	8.667688005314925
1	64.0	60.6	20.0	86.0	8.675699681156603
1	59.5	62.3	11.0	128.0	8.691095110166591
1	73.0	81.8	15.0	184.0	8.688740393274111
1	111.0	103.0	23.0	171.0	8.696013430149163
1	65.5	82.6	29.0	171.0	8.701313488669603
1	66.5	69.4	30.0	118.0	8.691493289130646
1	70.0	70.8	22.0	120.0	8.700653730746499
1	70.0	69.7	24.0	127.0	8.701266509465045
1	51.0	75.6	23.0	161.0	8.696264021925654
1	66.0	63.6	21.0	113.0	8.69367346088567
1	110.0	104.0	29.0	173.0	8.684564640155035
1	128.0	119.1	60.0	181.0	8.690828537303716
1	81.5	91.2	31.0	242.0	8.683725716255958
1	90.0	102.2	21.0	255.0	8.688669400902032
1	51.5	56.4	13.0	103.0	8.687193859527603
1	84.5	86.5	25.0	166.0	8.684109500231905
1	64.5	85.7	44.0	150.0	8.694192211699452
1	67.0	79.8	26.0	170.0	8.699590208808798
1	39.5	60.4	20.0	142.0	8.71685912137921
1	104.5	123.6	26.0	308.0	8.71615444859854
1	77.0	89.5	21.0	196.0	8.703764439293526
1	65.5	68.3	19.0	123.0	8.701388106563574
1	67.5	73.9	21.0	174.0	8.680263311545195
1	67.0	67.2	37.0	99.0	8.669583282793925
1	71.5	73.7	18.0	144.0	8.662354759280102
1	89.5	106.5	43.0	233.0	8.661299321756287
1	81.5	96.2	23.0	264.0	8.667499788277645
1	66.5	73.1	14.0	137.0	8.683752671783855
1	94.5	83.0	24.0	174.0	8.6660658252297
1	133.5	137.9	30.0	332.0	8.641886921386062
1	103.0	100.4	36.0	145.0	8.643923082587506
1	66.0	63.3	24.0	112.0	8.6464088254451
1	73.5	90.0	18.0	170.0	8.659902150534455
1	62.5	61.3	13.0	123.0	8.655148646200564
1	64.5	69.8	32.0	122.0	8.658652028258384
1	79.5	97.8	25.0	256.0	8.660883813798995
1	70.0	63.8	25.0	100.0	8.670751702195055
1	78.0	77.4	30.0	135.0	8.672039016011167
1	56.5	57.2	33.0	93.0	8.672779922104457
1	72.5	77.3	31.0	130.0	8.681503832194132
1	94.5	87.1	27.0	157.0	8.697896640711331
1	70.0	78.6	26.0	150.0	8.685597188099056
1	61.0	67.4	25.0	115.0	8.700898930567623
1	44.0	62.1	25.0	133.0	8.690071480954359
1	61.5	81.1	42.0	184.0	8.681784322958775
1	68.0	75.1	15.0	156.0	8.69689482234024
1	65.0	97.2	41.0	247.0	8.693550706876893
1	79.0	81.7	29.0	169.0	8.668425372107583
1	65.5	78.9	31.0	182.0	8.658483451212875
1	72.0	84.9	24.0	260.0	8.651608664993798
1	75.0	93.0	32.0	226.0	8.659954253861452
1	87.5	113.3	22.0	386.0	8.667932766851989
1	66.0	67.8	27.0	132.0	8.67326711394717
1	65.0	75.1	28.0	163.0	8.654039699792467
1	54.0	66.7	28.0	151.0	8.645720204728043
1	55.5	67.6	19.0	125.0	8.65221149637784
1	57.5	59.0	34.0	85.0	8.654300829239896
1	72.0	80.4	26.0	134.0	8.629490778686
1	123.5	138.3	56.0	313.0	8.630488629063853
1	50.5	79.0	20.0	238.0	8.617228981433254
1	89.0	90.1	31.0	170.0	8.596985192689859
1	101.5	107.9	65.0	173.0	8.608172296093745
1	130.0	139.9	29.0	322.0	8.595182427460768
1	98.0	90.8	37.0	148.0	8.59781749011966
1	49.0	56.1	27.0	111.0	8.591853295639725
1	61.5	59.9	28.0	100.0	8.590499056437654
1	63.0	67.1	18.0	143.0	8.60128624866459
1	65.0	70.3	20.0	141.0	8.606391931252547
1	79.5	94.5	21.0	226.0	8.590886660053384
1	85.0	92.2	28.0	202.0	8.594320622914895
1	100.0	105.7	28.0	179.0	8.569636306101113
1	107.5	113.5	45.0	227.0	8.573047484646644
1	96.5	94.5	54.0	122.0	8.582446807498295
1	86.0	101.7	26.0	201.0	8.569822749920162
1	53.5	77.5	38.0	154.0	8.56402314455593
1	66.0	74.4	27.0	164.0	8.587550497396645
1	69.5	75.8	22.0	149.0	8.572014050467722
1	73.0	85.7	44.0	170.0	8.567059213715723
1	85.5	85.4	18.0	171.0	8.585216457975882
1	92.0	87.6	15.0	129.0	8.601717649132695
1	79.0	91.4	34.0	189.0	8.579185011276813
1	94.0	81.3	15.0	130.0	8.557933340112557
1	71.0	82.2	22.0	149.0	8.556818635389732
1	111.0	132.7	35.0	307.0	8.55314727113898
1	71.5	77.0	27.0	139.0	8.553142481678943
1	97.0	106.9	27.0	209.0	8.535175409413196
1	108.5	128.5	27.0	233.0	8.52992426772298
1	62.5	77.8	18.0	212.0	8.51743437566054
1	119.5	113.0	43.0	192.0	8.510539365651894
1	65.0	70.0	19.0	115.0	8.509197804430666
1	81.5	87.7	39.0	141.0	8.520023366384196
1	60.0	69.9	38.0	148.0	8.514969875203514
1	91.0	122.7	56.0	263.0	8.516791422764493
1	53.0	65.7	44.0	112.0	8.505930747998113
1	96.0	90.5	23.0	178.0	8.51508519766627
1	99.0	96.7	49.0	158.0	8.518350795410509
1	83.5	91.4	21.0	187.0	8.516923123642794
1	93.5	108.3	29.0	231.0	8.512461990699101
1	92.0	102.4	57.0	218.0	8.4954796000013
1	76.0	85.3	33.0	146.0	8.479686269206406
1	81.0	82.7	34.0	140.0	8.480802413077276
1	87.5	109.1	30.0	221.0	8.466401490299706
1	81.0	88.4	52.0	192.0	8.463629554557146
1	49.5	73.3	23.0	214.0	8.472188919502432
1	112.5	126.7	35.0	267.0	8.461125347759987
1	87.5	121.8	24.0	394.0	8.472749968456315
1	99.0	106.4	44.0	199.0	8.481124713531209
1	91.0	90.0	19.0	157.0	8.495018661440248
1	95.5	103.8	68.0	160.0	8.510243555001587
1	135.0	124.0	36.0	209.0	8.491977238940398
1	124.5	153.3	68.0	305.0	8.488599689413613
1	87.5	106.4	60.0	231.0	8.498468604046185
1	70.0	84.0	26.0	185.0	8.508930475172921
1	108.5	108.1	32.0	200.0	8.504903223860415
1	55.0	78.5	20.0	172.0	8.498483893246414
1	73.0	73.5	51.0	98.0	8.502224443754313
1	120.0	117.6	70.0	173.0	8.486647202352554
1	96.5	90.5	15.0	161.0	8.508736180285304
1	95.5	130.0	41.0	331.0	8.523650396056686
1	109.0	113.3	52.0	264.0	8.514101351842513
1	120.5	127.2	55.0	253.0	8.541029617434349
1	72.0	96.1	28.0	255.0	8.562378716082856
1	98.0	106.3	52.0	184.0	8.557152549822579
1	113.0	113.2	41.0	209.0	8.561524113198766
1	84.5	90.1	33.0	182.0	8.560756091182913
1	118.5	119.0	25.0	275.0	8.532250573672247
1	89.0	104.4	25.0	256.0	8.539552831973074
1	85.0	95.2	32.0	176.0	8.544339741485565
1	97.0	115.4	20.0	252.0	8.524836068948458
1	101.5	116.4	18.0	277.0	8.520790339334585
1	112.5	142.0	24.0	500.0	8.520159995453161
1	90.5	86.1	34.0	155.0	8.519403678712141
1	76.0	88.9	25.0	211.0	8.516511700210724
1	115.5	125.5	88.0	231.0	8.521335771511323
1	119.0	119.7	56.0	199.0	8.527327813738227
1	73.5	81.3	38.0	138.0	8.519020277448787
1	72.0	94.4	48.0	285.0	8.53652993764827
1	65.0	72.1	39.0	122.0	8.548912150113313
1	95.0	99.8	33.0	200.0	8.555232333154917
1	67.5	105.8	40.0	366.0	8.537544397845071
1	86.0	125.3	45.0	395.0	8.546862372700677
1	49.0	59.9	21.0	113.0	8.537608054725567
1	82.5	103.9	52.0	257.0	8.531551804536043
1	100.0	99.0	37.0	166.0	8.512341143279192
1	83.0	90.1	55.0	145.0	8.52739477398974
1	65.5	68.1	42.0	105.0	8.529636219297826
1	84.0	84.5	26.0	141.0	8.544090919045543
1	78.5	110.1	55.0	335.0	8.537882257538364
1	100.0	93.0	30.0	132.0	8.532766357661115
1	90.0	107.0	31.0	224.0	8.527773553257346
1	42.0	54.3	29.0	138.0	8.525354194220297
1	92.0	124.9	67.0	234.0	8.533354838133265
1	116.0	136.5	30.0	361.0	8.52330532374101
1	78.5	96.0	43.0	237.0	8.529115614767637
1	166.5	156.3	51.0	407.0	8.517206609215773
1	89.5	94.9	69.0	129.0	8.515741999284621
1	113.5	114.8	37.0	194.0	8.515045398459357
1	49.0	80.2	17.0	237.0	8.491451134081506
1	76.5	99.7	37.0	244.0	8.490970617864798
1	76.5	94.3	40.0	280.0	8.495717127545722
1	100.5	102.8	27.0	198.0	8.493848333145474
1	125.0	138.4	23.0	484.0	8.474767780541425
1	79.5	102.7	54.0	234.0	8.474035947898528
1	123.5	116.4	26.0	251.0	8.492251192716465
1	87.5	111.6	44.0	322.0	8.468814267397473
1	144.5	121.4	29.0	189.0	8.459473895402853
1	73.0	85.9	17.0	194.0	8.471392633177134
1	99.0	105.8	35.0	276.0	8.46071340737346
1	124.0	128.5	23.0	247.0	8.460367326256902
1	122.0	142.3	76.0	283.0	8.43781661390695
1	132.0	133.2	29.0	305.0	8.4139565844201
1	117.0	116.8	45.0	226.0	8.388683016197248
1	122.0	144.9	53.0	384.0	8.400893573457056
1	120.5	135.1	21.0	316.0	8.398619901942133
1	97.0	96.4	40.0	172.0	8.392353862659919
1	137.0	133.2	48.0	226.0	8.386219837551778
1	112.5	148.9	49.0	317.0	8.387275206540242
1	128.0	133.5	46.0	318.0	8.380895530499666
1	111.5	130.4	33.0	305.0	8.391316150454399
1	126.0	137.1	59.0	336.0	8.382468334188435
1	86.0	93.3	22.0	193.0	8.376350427988404
1	108.0	111.5	36.0	251.0	8.365174249322642
1	85.5	105.6	23.0	235.0	8.326847312371076
1	79.0	90.3	16.0	177.0	8.328038906087139
1	111.0	133.5	27.0	231.0	8.318536134982901
1	158.5	162.5	83.0	241.0	8.327368359427535
1	95.0	110.9	51.0	255.0	8.29522565299736
1	139.0	133.9	61.0	204.0	8.308395600930266
1	89.5	98.9	39.0	202.0	8.333488726838278
1	83.5	93.5	23.0	208.0	8.316669526576275
1	138.5	150.7	50.0	348.0	8.309572942507838
1	116.5	127.9	34.0	329.0	8.302689150328815
1	102.5	107.7	30.0	210.0	8.294502447425472
1	90.5	93.2	24.0	155.0	8.301499385594576
1	104.5	134.4	33.0	320.0	8.306619288259087
1	83.0	92.3	48.0	191.0	8.317416009758979
1	97.0	134.0	55.0	411.0	8.318468868620245
1	116.0	116.6	49.0	219.0	8.310080338157341
1	120.5	164.7	52.0	500.0	8.309478996618335
1	119.5	126.6	19.0	311.0	8.31773681338577
1	111.5	101.0	20.0	173.0	8.31595494190756
1	89.0	127.7	35.0	380.0	8.310534156725161
1	126.0	144.5	63.0	418.0	8.288965070933454
1	173.5	180.7	35.0	346.0	8.311503885773767
1	98.5	100.4	54.0	172.0	8.297447019662958
1	100.5	157.4	52.0	320.0	8.285642665500934
1	108.0	119.1	47.0	249.0	8.279062622474859
1	120.5	123.9	30.0	209.0	8.292306151668884
1	194.5	192.7	48.0	313.0	8.29428970135351
1	115.5	122.4	50.0	212.0	8.295677122917956
1	106.0	125.6	53.0	307.0	8.30846647430608
1	118.5	149.8	37.0	417.0	8.320367970849514
1	133.5	118.3	36.0	182.0	8.358370488994183
1	160.0	153.3	66.0	218.0	8.356200126393986
1	127.5	169.5	56.0	500.0	8.349420182774661
1	130.5	171.9	57.0	407.0	8.336625363097074
1	151.0	173.7	90.0	334.0	8.32189875156476
1	135.5	140.7	56.0	226.0	8.322015226147332
1	129.0	156.2	93.0	347.0	8.32737534088796
1	150.5	159.3	55.0	267.0	8.291914553735515
1	128.0	143.5	68.0	273.0	8.290697450697829
1	175.5	177.5	15.0	306.0	8.273929296407164
1	219.0	210.0	98.0	319.0	8.282613284750107
1	113.5	156.3	55.0	340.0	8.280935304554946
1	78.5	111.0	21.0	282.0	8.285285924881444
1	72.5	106.2	42.0	211.0	8.255662689799028
1	111.5	110.2	46.0	179.0	8.24074654207837
1	142.5	160.8	108.0	267.0	8.219590537716508
1	113.5	156.6	47.0	362.0	8.216211865418272
1	105.5	111.4	20.0	281.0	8.22474881131819
1	163.5	160.4	42.0	260.0	8.231134822906249
1	103.5	152.4	26.0	407.0	8.224453542056136
1	104.0	124.7	31.0	263.0	8.244240355785257
1	88.0	94.5	38.0	166.0	8.243074979054537
1	122.5	128.9	54.0	226.0	8.217950249943028
1	125.5	152.2	51.0	427.0	8.204593285345759
1	128.5	184.9	62.0	482.0	8.182147234051815
1	154.0	167.5	61.0	347.0	8.207199712425284
1	176.5	173.0	104.0	235.0	8.203536673886934
1	155.5	183.1	42.0	433.0	8.205272608108787
1	186.5	214.8	75.0	500.0	8.191158615726183
1	176.5	184.0	111.0	275.0	8.18429675856014
1	96.5	167.8	41.0	405.0	8.174453657571178
1	150.0	203.0	107.0	496.0	8.184950342730223
1	266.5	255.3	21.0	479.0	8.204671581698856
1	283.5	289.2	79.0	500.0	8.216733902432145
1	289.5	272.3	70.0	500.0	8.22422476038265
1	159.0	173.3	26.0	373.0	8.216336668767063
1	246.0	263.0	65.0	435.0	8.216777305047525
1	179.0	198.8	73.0	396.0	8.211524932332274
1	237.5	240.9	64.0	401.0	8.212142742770371
1	159.0	191.2	43.0	352.0	8.195360338186063
1	205.0	199.7	43.0	355.0	8.179514260884195
1	209.5	242.8	92.0	500.0	8.179747042951401
1	173.5	204.4	21.0	427.0	8.193670645910693
1	154.5	174.5	40.0	500.0	8.190457396833475
1	144.5	159.0	84.0	276.0	8.184008105407214
1	202.0	220.9	85.0	406.0	8.182763177543983
1	193.0	201.2	106.0	334.0	8.177046521080106
1	179.5	238.8	41.0	500.0	8.180933532525426
1	229.0	230.4	25.0	500.0	8.171700045861979
1	226.5	288.5	75.0	500.0	8.168503532129067
1	124.5	188.3	39.0	500.0	8.159423418340204
1	158.0	204.0	42.0	500.0	8.14490072765574
1	162.5	193.2	42.0	442.0	8.159077573600815
1	203.5	220.2	61.0	385.0	8.161248014042489
1	180.5	190.9	101.0	401.0	8.174527822089216
1	162.0	170.0	25.0	323.0	8.17731963298244
1	118.5	145.7	46.0	337.0	8.197629649585442
1	253.0	217.7	15.0	303.0	8.2022879046341
1	215.0	230.6	23.0	500.0	8.208738040517307
1	106.0	145.8	72.0	334.0	8.202397134290973
1	141.5	178.8	82.0	500.0	8.194962420660808
1	137.5	169.5	56.0	481.0	8.202324953361419
1	216.0	204.9	81.0	313.0	8.214318569365734
1	197.0	211.2	38.0	500.0	8.216403039449215
1	144.5	165.7	36.0	408.0	8.22348408350052
1	228.0	193.5	42.0	351.0	8.21916623327803
1	149.5	144.2	39.0	275.0	8.209885427863512
1	177.5	180.7	81.0	266.0	8.226258414957728
1	136.5	169.9	29.0	412.0	8.22358158646708
1	203.5	224.8	102.0	391.0	8.204072939097987
1	151.5	176.8	28.0	403.0	8.19218622267288
1	159.5	168.0	11.0	391.0	8.188670149827795
1	114.5	130.0	41.0	229.0	8.18880366446107
1	124.5	148.0	14.0	500.0	8.201646770455037
1	139.0	155.4	17.0	318.0	8.211935495695046
1	189.5	193.5	61.0	433.0	8.240390621239419
1	131.5	182.1	67.0	348.0	8.244900353395735
1	116.5	117.7	75.0	177.0	8.251398512919579
1	202.0	194.7	57.0	322.0	8.241360069359436
1	99.0	111.8	17.0	213.0	8.248115261673284
1	75.5	107.9	13.0	361.0	8.269933487197275
1	161.5	159.2	18.0	329.0	8.302252823782023
1	165.0	167.3	42.0	290.0	8.299817038088593
1	143.0	165.2	45.0	370.0	8.302172502232885
1	138.5	165.9	51.0	455.0	8.280130352220253
1	123.0	162.0	30.0	435.0	8.25419229251177
1	172.0	168.6	20.0	346.0	8.255699130005265
1	90.5	121.2	44.0	314.0	8.261262150287013
1	142.5	161.1	63.0	377.0	8.266316603246045
1	111.0	128.1	47.0	326.0	8.256943155201265
1	94.5	107.8	21.0	204.0	8.247465894529247
1	92.5	83.3	14.0	147.0	8.270927563070595
1	130.5	133.2	24.0	248.0	8.298961534928035
1	136.5	161.1	85.0	354.0	8.306894486252169
1	110.5	109.3	31.0	174.0	8.320177937366543
1	107.5	117.9	34.0	235.0	8.323501506909988
1	95.0	112.7	44.0	207.0	8.32806321431076
1	109.0	106.8	57.0	156.0	8.32284532604265
1	112.0	109.1	31.0	234.0	8.32059112122101
1	94.0	99.7	28.0	258.0	8.332071505447518
1	89.5	102.1	39.0	183.0	8.33052041983567
1	139.0	185.2	47.0	500.0	8.312218655054261
1	107.5	138.5	46.0	338.0	8.289647649499829
1	126.5	153.3	40.0	301.0	8.299114961233578
1	94.5	131.9	54.0	364.0	8.299621966877588
1	130.0	135.1	29.0	264.0	8.304688232515876
1	114.5	123.2	31.0	276.0	8.33015064923526
1	87.5	110.6	10.0	279.0	8.327497783849399
1	72.5	81.6	64.0	123.0	8.33220826395894
1	103.5	110.5	23.0	251.0	8.317892728349653
1	125.0	139.7	37.0	282.0	8.294845999863924
1	97.0	137.1	27.0	362.0	8.306379072246658
1	158.5	178.9	49.0	379.0	8.323161821166877
1	117.5	117.2	30.0	240.0	8.339607341069733
1	140.0	137.6	30.0	214.0	8.33961354952502
1	150.0	139.3	28.0	309.0	8.349272059904344
1	82.0	97.2	54.0	187.0	8.338172130045654
1	120.0	144.3	36.0	317.0	8.334459460816944
1	90.5	111.9	46.0	280.0	8.343389959730857
1	120.0	145.4	27.0	350.0	8.353973235591416
1	125.0	175.7	51.0	385.0	8.358569519033331
1	97.5	105.9	17.0	244.0	8.337611942576215
1	97.0	130.1	68.0	334.0	8.341275430522192
1	121.5	148.6	53.0	252.0	8.351352219676626
1	166.5	183.6	51.0	448.0	8.346617756658572
1	98.5	155.6	38.0	500.0	8.362482662804412
1	184.5	190.0	58.0	500.0	8.37179455458493
1	175.0	145.3	40.0	272.0	8.374789559673728
1	180.5	197.5	19.0	500.0	8.361644461445671
1	160.0	245.2	49.0	500.0	8.332454449783183
1	234.5	256.3	129.0	427.0	8.321711689771638
1	146.0	157.6	65.0	317.0	8.319222185390323
1	153.0	168.4	53.0	296.0	8.322420326601137
1	217.5	236.6	93.0	500.0	8.342982374723235
1	164.0	181.1	64.0	355.0	8.352757466196334
1	156.0	185.6	76.0	351.0	8.359154493746054
1	174.0	179.5	83.0	293.0	8.360703989068945
1	148.5	141.6	53.0	245.0	8.371318064641683
1	144.5	167.7	66.0	317.0	8.361324017624367
1	118.5	125.5	62.0	222.0	8.353435592970017
1	159.5	168.1	64.0	363.0	8.345652981162365
1	157.0	171.3	28.0	411.0	8.355686521268913
1	111.0	102.9	26.0	149.0	8.358894389436822
1	94.5	96.5	49.0	158.0	8.36969710891
1	247.5	226.2	32.0	478.0	8.383122834830266
1	68.0	92.6	41.0	207.0	8.39938510272164
1	123.0	141.1	36.0	297.0	8.396121565760238
1	90.0	105.9	61.0	206.0	8.406285344995338
1	191.5	190.5	42.0	438.0	8.420249284924587
1	92.5	129.6	55.0	290.0	8.42689429324989
1	129.0	127.9	40.0	200.0	8.44141683967727
1	107.0	109.4	16.0	220.0	8.444140365091576
1	126.5	137.0	30.0	312.0	8.435160344935866
1	85.5	126.7	30.0	278.0	8.412236038689885
1	151.5	184.5	45.0	451.0	8.40862421743683
1	133.5	153.5	63.0	297.0	8.408722079089307
1	117.0	174.1	65.0	399.0	8.409343430871965
1	116.5	122.4	38.0	345.0	8.391117463197162
1	182.0	174.7	19.0	367.0	8.376971835991304
1	113.0	136.7	60.0	272.0	8.405337974382832
1	125.5	133.0	14.0	246.0	8.410887521289254
1	150.0	153.2	58.0	287.0	8.412719110618646
1	134.0	131.9	92.0	167.0	8.430140054383427
1	114.5	144.2	55.0	339.0	8.413146833148991
1	175.5	203.5	71.0	479.0	8.406611660163279
1	89.5	125.9	43.0	367.0	8.403289234234713
1	121.0	119.5	59.0	181.0	8.379735209575415
1	171.5	216.9	85.0	436.0	8.396834452512
1	150.0	158.8	45.0	344.0	8.400822896101568
1	183.0	210.8	51.0	451.0	8.38435861026898
1	158.0	175.1	36.0	494.0	8.388284234523928
1	127.5	154.4	74.0	359.0	8.404130381211367
1	130.5	149.6	37.0	301.0	8.435797236277978
1	116.0	159.7	20.0	483.0	8.429568556271743
1	146.0	156.6	54.0	268.0	8.425886561393177
1	192.0	217.3	114.0	384.0	8.40840770976972
1	121.0	139.1	81.0	272.0	8.422628411995339
1	205.0	194.5	68.0	365.0	8.412000767930563
1	106.0	151.2	52.0	268.0	8.418449240206971
1	146.5	161.5	42.0	303.0	8.433872041062894
1	206.5	183.5	54.0	436.0	8.439522205635372
1	201.5	213.9	106.0	431.0	8.436583425697604
1	144.0	180.1	98.0	368.0	8.418320606774419
1	100.0	183.4	64.0	500.0	8.43416336859612
1	167.0	190.5	75.0	369.0	8.440166465620866
1	147.5	181.3	43.0	500.0	8.439916151962022
1	135.0	161.7	43.0	341.0	8.434930327688923
1	133.0	142.9	37.0	294.0	8.435064474837572
1	153.0	162.3	78.0	337.0	8.419219710612232
1	169.5	153.3	57.0	240.0	8.428478505470247
1	142.0	167.5	33.0	393.0	8.419538888713294
1	122.5	130.5	51.0	247.0	8.427829092617397
1	147.0	174.9	62.0	500.0	8.413077051840252
1	103.0	126.5	31.0	316.0	8.422452514305421
1	103.5	117.0	55.0	237.0	8.443995349586134
1	141.0	152.4	28.0	452.0	8.429424872008727
1	112.5	116.8	25.0	234.0	8.445534017861325
1	110.0	155.4	44.0	379.0	8.437709454517185
1	124.5	121.6	22.0	304.0	8.43484406705497
1	95.5	90.3	16.0	201.0	8.441582884882422
1	121.0	114.4	32.0	255.0	8.441493970224595
1	122.0	156.3	83.0	275.0	8.416500027292196
1	90.0	119.3	46.0	304.0	8.423675171929013
1	135.0	137.9	59.0	250.0	8.437496855385495
1	66.0	65.4	20.0	114.0	8.442981632105209
1	110.0	144.5	56.0	324.0	8.46031701385912
1	89.5	113.7	22.0	283.0	8.452717745945742
1	137.0	161.0	59.0	272.0	8.444461704015879
1	117.0	121.8	59.0	198.0	8.452694712033963
1	145.0	174.7	52.0	415.0	8.453323328235074
1	111.0	125.7	42.0	379.0	8.454631767313368
1	113.0	120.4	21.0	307.0	8.44227884417219
1	125.5	150.4	41.0	393.0	8.438707359334268
1	162.5	135.4	27.0	261.0	8.419953037795542
1	72.0	89.1	29.0	241.0	8.415400217501166
1	123.0	130.1	28.0	327.0	8.40837639196442
1	124.5	159.1	88.0	289.0	8.40149230648819
1	132.0	137.8	34.0	257.0	8.397157614345996
1	187.5	184.6	53.0	337.0	8.396221030302069
1	123.0	124.5	42.0	288.0	8.410557421854474
1	117.0	159.1	67.0	336.0	8.395148014966207
1	102.5	96.8	27.0	152.0	8.38999908960486
1	101.0	134.1	35.0	340.0	8.398446614709911
1	175.5	158.2	66.0	229.0	8.406366621147873
1	116.5	155.7	56.0	349.0	8.386316276133424
1	110.5	154.5	25.0	500.0	8.388677132340414
1	151.0	191.5	42.0	473.0	8.409085914888886
1	171.5	181.1	50.0	325.0	8.406819976984464
1	118.0	132.1	55.0	238.0	8.382678373471792
1	181.0	195.8	27.0	500.0	8.389417300087086
1	117.5	125.6	40.0	211.0	8.40140540297868
1	128.0	126.6	70.0	172.0	8.407059197850328
1	148.0	172.5	63.0	407.0	8.413659096023867
1	135.5	174.5	67.0	372.0	8.41173541886892
1	145.0	146.4	68.0	289.0	8.410858499602051
1	122.0	161.1	51.0	341.0	8.41293362880577
1	112.0	112.6	30.0	172.0	8.418224963944693
1	176.0	167.4	28.0	416.0	8.422107664669882
1	151.0	170.2	38.0	323.0	8.417077196896646
1	140.5	148.6	77.0	217.0	8.442153813000429
1	215.0	219.0	52.0	437.0	8.446251285012384
1	144.5	173.0	48.0	500.0	8.460291392775465
1	126.0	140.8	37.0	359.0	8.435799664375859
1	145.0	139.6	24.0	270.0	8.454426696339036
1	107.5	153.1	19.0	500.0	8.437779981486988
1	176.0	192.2	72.0	444.0	8.45930113962334
1	188.5	217.3	48.0	500.0	8.457359241474274
1	143.5	242.3	19.0	500.0	8.46329265908734
1	278.5	250.2	52.0	500.0	8.462696363934933
1	138.5	217.6	63.0	500.0	8.461542341992176
1	226.0	241.1	40.0	500.0	8.427224225835374
1	183.0	249.0	88.0	499.0	8.427768202953981
1	194.5	236.0	41.0	500.0	8.41766734054481
1	175.0	181.9	83.0	391.0	8.42191026945654
1	180.5	208.6	98.0	404.0	8.415308920865485
1	207.5	213.4	21.0	500.0	8.430922672134951
1	129.0	188.9	42.0	500.0	8.41546392587112
1	158.0	189.7	41.0	500.0	8.410158251524662
1	243.0	247.3	110.0	500.0	8.415199033154996
1	214.5	234.8	114.0	441.0	8.410188145800676
1	245.5	247.1	159.0	396.0	8.41204328595768
1	172.5	226.2	82.0	500.0	8.430504088540445
1	246.0	263.0	132.0	500.0	8.44047658451722
1	161.5	162.2	49.0	293.0	8.453271319793442
1	157.5	216.4	60.0	500.0	8.42764087506002
1	213.0	231.1	46.0	495.0	8.410949268348865
1	184.0	194.7	64.0	388.0	8.406670449534664
1	243.5	239.8	59.0	430.0	8.40168532897746
1	210.5	218.3	70.0	500.0	8.371124169190935
1	170.0	187.5	65.0	333.0	8.36895422263588
1	246.5	282.3	140.0	500.0	8.344499735196592
1	169.0	214.5	49.0	500.0	8.342046841251912
1	276.5	239.3	18.0	500.0	8.319282322371391
1	125.0	154.5	56.0	390.0	8.31181311451186
1	298.5	303.2	97.0	500.0	8.295290861173356
1	308.5	310.0	139.0	489.0	8.280815738028243
1	123.0	180.5	34.0	500.0	8.284032701167552
1	118.0	141.4	37.0	352.0	8.284205087648466
1	220.5	217.3	58.0	348.0	8.264510939394793
1	225.0	240.8	18.0	500.0	8.27847459028248
1	181.0	193.6	76.0	314.0	8.286508835681735
1	160.5	139.7	30.0	235.0	8.287108125182506
1	99.5	147.3	49.0	461.0	8.312564574699598
1	179.5	209.7	45.0	500.0	8.333981837160065
1	171.0	219.4	44.0	458.0	8.326055269599099
1	171.5	202.5	33.0	446.0	8.352781567664577
