1	497.5	354.7	49.0	500.0	6.943061530330615
1	500.0	413.8	56.0	500.0	6.926495382899077
1	492.0	424.7	140.0	500.0	6.927164133135026
1	500.0	464.0	251.0	500.0	6.891170692224387
1	497.5	418.9	76.0	500.0	6.8830688447142485
1	500.0	433.4	185.0	500.0	6.894472175387755
1	419.5	352.8	71.0	500.0	6.888153384212331
1	500.0	433.7	138.0	500.0	6.906449254196583
1	353.5	357.3	118.0	500.0	6.915273222710993
1	466.5	379.1	102.0	500.0	6.924278436995387
1	500.0	398.7	91.0	500.0	6.932845051093961
1	500.0	472.2	344.0	500.0	6.920054121352532
1	500.0	416.0	203.0	500.0	6.922168210065599
1	453.0	379.3	25.0	500.0	6.919054087656017
1	480.0	391.7	163.0	500.0	6.928113100088064
1	500.0	447.8	214.0	500.0	6.927269193973191
1	500.0	433.4	140.0	500.0	6.950948475179212
1	500.0	404.1	143.0	500.0	6.955831074425211
1	500.0	459.6	198.0	500.0	6.958144763475591
1	500.0	418.9	192.0	500.0	6.96818698353013
1	500.0	381.5	88.0	500.0	6.935005843095974
1	500.0	454.8	127.0	500.0	6.915457830133796
1	500.0	402.3	122.0	500.0	6.9302405949939985
1	500.0	431.8	187.0	500.0	6.903804596292563
1	500.0	483.2	372.0	500.0	6.9171525170293515
1	500.0	473.4	328.0	500.0	6.928192580164407
1	500.0	475.5	255.0	500.0	6.909949220521723
1	500.0	469.6	196.0	500.0	6.9267090577512676
1	377.5	352.0	147.0	500.0	6.938654186181339
1	500.0	331.8	49.0	500.0	6.922594577910052
1	359.5	335.3	40.0	500.0	6.9235337965338415
1	500.0	402.3	96.0	500.0	6.920397801933979
1	354.0	376.6	210.0	500.0	6.928978651167248
1	500.0	439.5	106.0	500.0	6.910749160504457
1	493.0	437.7	224.0	500.0	6.918067062418464
1	500.0	460.9	204.0	500.0	6.927687868218447
1	421.5	374.9	153.0	500.0	6.948954623961065
1	500.0	448.7	230.0	500.0	6.931982654286779
1	500.0	454.9	121.0	500.0	6.898723511997098
1	500.0	425.6	106.0	500.0	6.895917315145815
1	395.0	328.0	104.0	500.0	6.920683496882249
1	500.0	400.3	163.0	500.0	6.931530365816123
1	500.0	430.8	246.0	500.0	6.934945804278371
1	500.0	460.1	101.0	500.0	6.940451015623981
1	500.0	403.4	110.0	500.0	6.9265443246200915
1	500.0	472.0	220.0	500.0	6.931844389507785
1	500.0	459.0	227.0	500.0	6.94662143456957
1	488.5	369.1	75.0	500.0	6.926726555877666
1	500.0	440.0	143.0	500.0	6.91972230755896
1	500.0	429.7	294.0	500.0	6.919687900022526
1	476.5	382.5	97.0	500.0	6.945768643623881
1	488.5	359.1	133.0	500.0	6.937355899437089
1	500.0	460.2	301.0	500.0	6.931171405332934
1	416.0	374.1	97.0	500.0	6.880814302418987
1	500.0	429.2	209.0	500.0	6.8792037672486455
1	347.5	321.2	80.0	500.0	6.865491694709838
1	500.0	436.4	117.0	500.0	6.878161340614936
1	490.0	374.2	118.0	500.0	6.871808362502184
1	500.0	432.5	186.0	500.0	6.860349036274983
1	500.0	399.8	207.0	500.0	6.845664308146764
1	500.0	446.2	151.0	500.0	6.849581882123352
1	375.5	341.2	102.0	500.0	6.830002082040703
1	500.0	388.0	87.0	500.0	6.8244889424830095
1	500.0	438.4	173.0	500.0	6.840990986008864
1	493.5	445.6	229.0	500.0	6.820196170383798
1	500.0	418.3	153.0	500.0	6.801754064162647
1	500.0	396.2	129.0	500.0	6.793334372185368
1	268.0	320.3	149.0	500.0	6.839400046617484
1	468.5	408.1	43.0	500.0	6.835840797203129
1	500.0	422.3	137.0	500.0	6.868743352913212
1	425.0	407.1	273.0	500.0	6.868299939448619
1	419.5	370.7	142.0	500.0	6.847289962520379
1	423.5	346.9	51.0	500.0	6.83615147960431
1	500.0	366.1	80.0	500.0	6.858624212214767
1	353.0	346.5	150.0	500.0	6.853638627021569
1	400.0	359.0	120.0	500.0	6.880035761728353
1	225.0	250.1	47.0	500.0	6.863677726670096
1	368.5	350.1	90.0	500.0	6.895688730081628
1	500.0	398.0	142.0	500.0	6.89959845914392
1	445.5	357.5	119.0	500.0	6.897996281114039
1	500.0	410.3	171.0	500.0	6.87141076661107
1	500.0	500.0	500.0	500.0	6.883134685345533
1	428.5	386.6	101.0	500.0	6.883134685345533
1	365.5	354.0	133.0	500.0	6.891196684955174
1	500.0	403.1	167.0	500.0	6.901477295615795
1	383.0	371.1	215.0	500.0	6.912893205943007
1	500.0	373.3	106.0	500.0	6.936481476054825
1	261.0	268.3	122.0	468.0	6.932924811562532
1	471.0	361.2	69.0	500.0	6.948359084405353
1	500.0	472.1	221.0	500.0	6.925024256915077
1	465.5	413.0	184.0	500.0	6.942079159081849
1	405.0	352.6	115.0	500.0	6.940459194661247
1	396.5	363.6	111.0	500.0	6.959769987191741
1	500.0	371.5	72.0	500.0	6.980360667818466
1	333.0	344.0	95.0	500.0	6.9819662080268605
1	326.5	360.0	194.0	500.0	6.977099887898106
1	270.0	289.8	80.0	500.0	6.952592332651873
1	205.5	228.8	96.0	500.0	6.9523442362123875
1	190.0	230.8	79.0	500.0	6.946576534349137
1	260.5	273.9	106.0	500.0	6.942383206264274
1	262.5	295.6	109.0	500.0	6.9575263019140765
1	299.5	307.4	83.0	500.0	6.9709271528872625
1	218.0	242.6	67.0	500.0	6.973098831972048
1	168.0	255.4	103.0	500.0	6.965773884747466
1	232.0	244.3	65.0	500.0	6.9744004142133855
1	276.0	256.9	73.0	500.0	6.97876510344345
1	186.5	232.1	63.0	500.0	7.002108572809345
1	223.0	252.4	108.0	500.0	6.9997935083085965
1	270.0	253.8	84.0	391.0	6.99237661801118
1	193.0	245.7	88.0	500.0	6.978831173316796
1	271.5	268.5	74.0	500.0	6.948058098471025
1	198.0	258.2	82.0	500.0	6.926023274219819
1	212.0	227.2	88.0	500.0	6.935062277002096
1	250.0	213.2	62.0	341.0	6.954705401529832
1	194.5	240.5	48.0	500.0	6.9622274523440035
1	291.0	329.4	74.0	500.0	6.956030950930728
1	467.0	386.5	87.0	500.0	6.9690095183709655
1	229.5	281.2	71.0	500.0	6.951341565959791
1	243.0	290.8	76.0	500.0	6.960645940334281
1	288.0	318.6	90.0	500.0	6.954012762473139
1	269.5	302.5	118.0	500.0	6.950555361791958
1	219.0	245.1	104.0	500.0	6.960714924705065
1	421.5	331.0	36.0	500.0	6.969031634609037
1	329.0	328.9	157.0	500.0	6.931452126816054
1	338.5	334.3	57.0	500.0	6.931255044859471
1	292.0	309.8	92.0	500.0	6.946893303400848
1	479.5	414.6	165.0	500.0	6.919144860155384
1	287.5	304.6	72.0	500.0	6.89535036230984
1	342.5	318.6	122.0	500.0	6.892807001836063
1	292.0	289.0	82.0	500.0	6.896071223832613
1	288.0	329.0	140.0	500.0	6.8866530759864535
1	385.0	350.6	88.0	500.0	6.877755261831641
1	500.0	446.8	70.0	500.0	6.890865209705903
1	388.5	369.5	77.0	500.0	6.871326506945911
1	446.5	364.4	88.0	500.0	6.845864592911084
1	238.0	272.2	74.0	500.0	6.847301091067004
1	373.0	340.6	81.0	500.0	6.829782715936028
1	500.0	490.8	408.0	500.0	6.833045282611094
1	352.5	343.7	121.0	500.0	6.841283052536265
1	406.5	379.8	197.0	500.0	6.802821436899736
1	270.5	335.6	175.0	500.0	6.80799205650185
1	443.0	377.1	55.0	500.0	6.796292859445625
1	197.0	238.3	39.0	500.0	6.815635906815946
1	493.0	427.9	163.0	500.0	6.8149870177065095
1	500.0	399.1	105.0	500.0	6.813308076332679
1	404.5	370.3	103.0	500.0	6.787387261676562
1	500.0	403.9	82.0	500.0	6.739252166147958
1	250.5	294.2	55.0	500.0	6.728925350995797
1	405.0	379.2	110.0	500.0	6.757191305403588
1	500.0	389.9	87.0	500.0	6.75929898820357
1	500.0	466.0	318.0	500.0	6.759756913936065
1	467.0	371.0	144.0	500.0	6.753810191362219
1	457.0	407.1	181.0	500.0	6.762771425020059
1	219.0	256.0	92.0	500.0	6.779213238265202
1	356.5	344.4	46.0	500.0	6.74592783114849
1	345.0	360.4	190.0	500.0	6.755274379470662
1	349.5	326.7	127.0	500.0	6.755949310481113
1	355.5	342.0	35.0	500.0	6.754750717483999
1	245.0	289.0	87.0	500.0	6.735769425931715
1	348.0	346.4	105.0	500.0	6.716029710477727
1	441.5	379.6	106.0	500.0	6.7297071136719175
1	393.0	334.9	66.0	500.0	6.7633482777714615
1	184.5	262.1	40.0	500.0	6.760379614996936
1	430.0	350.3	78.0	500.0	6.775765511946732
1	500.0	397.9	75.0	500.0	6.7627206556508055
1	416.0	356.7	46.0	500.0	6.743031385667471
1	228.5	309.3	135.0	500.0	6.723041371242281
1	155.5	211.2	52.0	500.0	6.7431255776772945
1	500.0	408.9	74.0	500.0	6.746275929442657
1	400.5	335.4	79.0	500.0	6.757899049217429
1	374.0	344.1	47.0	500.0	6.761860558774188
1	216.0	313.9	133.0	500.0	6.739533554509563
1	413.5	346.7	67.0	500.0	6.719942756736023
1	363.5	340.2	124.0	500.0	6.725064738916903
1	242.5	283.9	87.0	500.0	6.7263700553456065
1	430.0	325.5	22.0	500.0	6.741012216761358
1	214.0	265.2	86.0	500.0	6.74365810109723
1	401.0	354.2	83.0	500.0	6.736789941133059
1	489.0	368.4	27.0	500.0	6.742452452078501
1	288.0	309.2	40.0	500.0	6.751166024588246
1	199.5	242.6	31.0	500.0	6.747748771539621
1	266.5	292.7	59.0	500.0	6.730167879001003
1	377.0	333.2	94.0	500.0	6.732067102786687
1	307.5	321.1	198.0	500.0	6.701028915237592
1	392.0	349.8	126.0	500.0	6.691448755162419
1	207.0	236.6	41.0	500.0	6.697956905707753
1	164.5	197.2	35.0	447.0	6.710050599283505
1	198.0	248.6	141.0	467.0	6.708467552806237
1	165.5	196.8	47.0	500.0	6.686384776327276
1	181.0	214.8	46.0	401.0	6.685091557468037
1	446.0	363.3	56.0	500.0	6.694536413518272
1	335.0	316.5	93.0	500.0	6.65609478046944
1	257.0	283.9	78.0	500.0	6.666954509160443
1	254.0	315.7	118.0	500.0	6.670031158356006
1	270.0	277.3	41.0	500.0	6.679162287762854
1	395.5	333.4	33.0	500.0	6.711109229377673
1	392.0	327.5	57.0	500.0	6.711970714103063
1	273.5	282.5	52.0	473.0	6.695455873961004
1	345.0	300.4	72.0	500.0	6.6903263107560536
1	362.0	331.9	111.0	500.0	6.691172055893402
1	326.0	319.3	68.0	500.0	6.686378115018686
1	172.0	275.8	46.0	500.0	6.693319750615008
1	227.0	233.8	64.0	500.0	6.705066471880441
1	317.0	300.8	99.0	500.0	6.69985308242173
1	272.0	266.5	36.0	493.0	6.696480658434106
1	269.5	271.9	58.0	500.0	6.71678646824544
1	144.0	195.8	33.0	408.0	6.722720340581291
1	247.0	260.6	52.0	500.0	6.698573753570219
1	372.0	334.2	78.0	500.0	6.702079641075812
1	256.5	262.1	76.0	498.0	6.686922965656192
1	119.0	208.0	47.0	500.0	6.713605202635909
1	229.0	288.9	26.0	500.0	6.699481422693653
1	245.0	262.6	65.0	462.0	6.707626548888674
1	340.0	323.4	73.0	500.0	6.7018766612887
1	334.0	306.5	30.0	500.0	6.722578195409911
1	216.0	263.8	49.0	500.0	6.745871770711949
1	290.0	302.2	106.0	500.0	6.740071925980391
1	333.5	315.8	55.0	500.0	6.757690374372218
1	268.0	274.0	42.0	500.0	6.7854401451582875
1	319.0	315.7	94.0	500.0	6.80368762064977
1	175.0	222.4	47.0	500.0	6.813498285857565
1	369.0	321.0	84.0	500.0	6.813435310988538
1	297.0	278.9	38.0	500.0	6.812356296240032
1	223.0	257.2	28.0	500.0	6.8281386518438225
1	421.5	346.3	26.0	500.0	6.824959615690599
1	299.0	293.9	66.0	500.0	6.817865960559703
1	205.0	270.6	35.0	500.0	6.783215136932372
1	277.0	271.6	76.0	500.0	6.752036286824194
1	424.5	363.6	127.0	500.0	6.740393998296319
1	370.5	348.0	12.0	500.0	6.7379177672325135
1	303.0	308.8	117.0	500.0	6.715353086371029
1	218.0	256.1	73.0	500.0	6.70104938600944
1	426.5	352.6	110.0	500.0	6.700174675456389
1	212.5	252.7	90.0	500.0	6.702787126306462
1	342.5	304.3	56.0	500.0	6.698372890297933
1	275.5	303.9	30.0	500.0	6.6894000325505525
1	398.5	357.3	101.0	500.0	6.700152768401223
1	474.5	387.9	107.0	500.0	6.684699514566395
1	219.0	265.3	52.0	500.0	6.6583869266437
1	387.5	374.0	108.0	500.0	6.644808959144848
1	322.0	306.4	62.0	500.0	6.644549747293945
1	185.5	248.4	32.0	500.0	6.616221805801815
1	203.0	286.3	86.0	500.0	6.624687538034461
1	252.5	288.0	44.0	500.0	6.636169546144566
1	326.5	313.7	58.0	500.0	6.623023611747328
1	372.0	319.5	65.0	500.0	6.613643333057264
1	163.0	249.1	42.0	500.0	6.625798461395426
1	275.0	283.4	33.0	500.0	6.620310292789139
1	222.5	281.5	63.0	500.0	6.605546239569285
1	500.0	421.5	273.0	500.0	6.613869254668837
1	340.0	333.0	74.0	500.0	6.626047465105643
1	211.5	242.7	19.0	500.0	6.6270378859232295
1	298.5	298.2	77.0	500.0	6.60576500224512
1	390.0	341.4	70.0	500.0	6.614333023419549
1	500.0	431.7	221.0	500.0	6.6115183249953935
1	500.0	385.8	118.0	500.0	6.617946947979682
1	345.0	335.4	78.0	500.0	6.640616822301345
1	409.0	360.3	72.0	498.0	6.643434993088019
1	356.0	333.3	74.0	500.0	6.652709170097158
1	434.5	345.7	123.0	500.0	6.665738781744193
1	500.0	398.4	121.0	500.0	6.641722110956982
1	428.5	342.0	52.0	500.0	6.633043259367941
1	500.0	407.1	140.0	500.0	6.645184526835532
1	257.5	268.1	137.0	457.0	6.640793106819843
1	401.5	356.7	175.0	500.0	6.633015022548513
1	472.5	401.8	69.0	500.0	6.627018349807487
1	500.0	436.2	222.0	500.0	6.610113319355326
1	397.0	384.4	175.0	500.0	6.605656545462579
1	342.5	318.7	81.0	500.0	6.6020303435471295
1	467.5	428.2	193.0	500.0	6.600978587766585
1	500.0	376.4	83.0	500.0	6.628020206783724
1	348.5	320.5	73.0	500.0	6.636996396683806
1	376.0	341.0	78.0	500.0	6.617027072965261
1	500.0	374.3	83.0	500.0	6.618970376098014
1	378.5	338.1	97.0	500.0	6.627847773916083
1	300.0	312.8	94.0	500.0	6.613453194021166
1	500.0	423.3	160.0	500.0	6.605825138721957
1	500.0	420.4	127.0	500.0	6.605555861392856
1	237.0	263.5	162.0	500.0	6.6036136076875325
1	452.5	379.3	49.0	500.0	6.610426438476146
1	451.5	368.0	103.0	500.0	6.6391791472296005
1	266.5	300.7	73.0	500.0	6.643789383657438
1	314.0	313.1	79.0	500.0	6.655811972132177
1	357.5	351.9	155.0	500.0	6.6619791336348015
1	301.0	302.5	106.0	500.0	6.650984956919707
1	283.5	307.8	110.0	500.0	6.653460962981771
1	261.5	299.7	43.0	500.0	6.640934007813258
1	411.0	337.7	34.0	500.0	6.647470989757017
1	290.0	306.9	92.0	500.0	6.6576010497660345
1	307.0	322.2	117.0	500.0	6.68327806962978
1	411.5	385.0	202.0	500.0	6.704488161098508
1	316.5	324.6	49.0	500.0	6.720239600975925
1	421.0	407.0	244.0	500.0	6.725270446039261
1	403.5	338.1	81.0	500.0	6.707061926898323
1	382.5	327.3	53.0	500.0	6.685167761263605
1	288.0	280.6	36.0	500.0	6.675558867159448
1	267.5	296.9	53.0	500.0	6.685397162281128
1	452.0	377.3	73.0	500.0	6.69453891823223
1	390.5	348.2	91.0	500.0	6.676325840772663
1	488.0	413.5	150.0	500.0	6.675902444188279
1	399.0	372.8	70.0	500.0	6.6759439746033085
1	415.5	372.2	134.0	500.0	6.6987911290074384
1	345.5	318.2	113.0	500.0	6.723090240277234
1	426.0	400.0	188.0	500.0	6.730157416117438
1	451.0	421.0	213.0	500.0	6.734262719571171
1	312.0	315.9	78.0	500.0	6.743710918119785
1	298.0	326.3	111.0	500.0	6.747444582320975
1	500.0	404.7	53.0	500.0	6.745241632133763
1	335.0	340.2	125.0	500.0	6.729798617075598
1	355.0	337.9	99.0	500.0	6.736014336787958
1	500.0	431.4	217.0	500.0	6.7475026490600065
1	386.5	328.6	55.0	500.0	6.758723457893308
1	500.0	380.3	119.0	500.0	6.764403294144452
1	500.0	396.3	129.0	500.0	6.767535284499708
1	394.5	386.5	129.0	500.0	6.767150801918655
1	500.0	397.9	75.0	500.0	6.762613356007396
1	500.0	416.2	129.0	500.0	6.769086076728575
1	269.0	284.7	59.0	500.0	6.770740085074103
1	474.0	397.7	160.0	500.0	6.791884469657546
1	219.0	264.0	89.0	500.0	6.773211744627408
1	327.5	304.6	63.0	500.0	6.768625390531217
1	500.0	417.9	115.0	500.0	6.7694063832632025
1	500.0	382.0	119.0	500.0	6.786471733752126
1	412.0	334.5	78.0	500.0	6.762383572832783
1	376.5	371.6	106.0	500.0	6.750813927443548
1	402.5	376.9	124.0	500.0	6.747320792131343
1	408.0	350.9	29.0	500.0	6.7438852302585275
1	469.5	359.4	72.0	500.0	6.738315311261664
1	484.0	395.6	102.0	500.0	6.7172151213458955
1	368.5	363.9	193.0	500.0	6.708501965029403
1	500.0	416.3	42.0	500.0	6.715331275517178
1	500.0	393.8	156.0	500.0	6.714330639463396
1	500.0	456.4	64.0	500.0	6.718988591365125
1	500.0	410.3	152.0	500.0	6.710976670380274
1	500.0	452.2	103.0	500.0	6.720722208691784
1	500.0	371.4	69.0	500.0	6.707200024346528
1	500.0	368.4	65.0	500.0	6.693824773587431
1	500.0	466.9	328.0	500.0	6.691471692718851
1	500.0	418.9	126.0	500.0	6.680029098624511
1	500.0	408.4	55.0	500.0	6.678337413753832
1	500.0	391.1	122.0	500.0	6.6875594870503425
1	361.0	360.3	97.0	500.0	6.6903394152674025
1	488.0	368.2	109.0	500.0	6.6959133697873
1	359.5	325.3	49.0	500.0	6.704145324038188
1	423.0	338.8	44.0	500.0	6.702283838797844
1	500.0	438.7	88.0	500.0	6.705268256204414
1	372.0	344.1	90.0	500.0	6.6906753898482085
1	492.5	355.5	81.0	500.0	6.679439937363301
1	500.0	406.7	47.0	500.0	6.688892283659455
1	434.5	399.7	143.0	500.0	6.684544757336169
1	500.0	398.8	97.0	500.0	6.682947756698808
1	500.0	437.0	171.0	500.0	6.664027943348299
1	461.5	356.2	82.0	500.0	6.68323551979849
1	500.0	435.5	32.0	500.0	6.682082947878371
1	500.0	466.2	162.0	500.0	6.689142969254687
1	500.0	394.8	127.0	500.0	6.681954420659556
1	500.0	443.6	96.0	500.0	6.72414840022026
1	500.0	463.4	186.0	500.0	6.707842285298533
1	500.0	491.6	416.0	500.0	6.709316851118529
1	500.0	448.5	181.0	500.0	6.68918814125453
1	500.0	411.9	161.0	500.0	6.659086419008961
1	500.0	401.0	113.0	500.0	6.6589946117515915
1	363.5	354.6	49.0	500.0	6.707769251232477
1	291.5	294.7	25.0	500.0	6.722195780212857
1	415.0	368.2	97.0	500.0	6.747714223639188
1	361.5	376.2	176.0	500.0	6.749019453459221
1	488.5	401.8	91.0	500.0	6.749529779960766
1	452.5	415.6	193.0	500.0	6.774559066437518
1	464.5	389.4	183.0	500.0	6.782432270251746
1	466.0	378.6	74.0	500.0	6.803443396395335
1	492.5	397.2	60.0	500.0	6.795223531404543
1	431.5	402.0	228.0	500.0	6.768717929500482
1	490.5	404.9	222.0	500.0	6.776923490717549
1	500.0	417.1	117.0	500.0	6.766255391146048
1	500.0	437.8	171.0	500.0	6.771955855366931
1	469.5	400.3	91.0	500.0	6.777566183996862
1	500.0	377.4	95.0	500.0	6.802913082402384
1	500.0	363.4	96.0	500.0	6.800909844903268
1	313.5	314.4	89.0	500.0	6.8018426750699446
1	420.0	364.0	130.0	500.0	6.793377492973826
1	284.0	308.2	139.0	500.0	6.788526787131093
1	404.5	362.2	124.0	500.0	6.7963309452792755
1	432.0	374.7	109.0	500.0	6.786073916581988
1	500.0	410.4	122.0	500.0	6.788816302930643
1	482.5	429.6	170.0	500.0	6.769440513652031
1	500.0	413.5	81.0	500.0	6.750408875881373
1	500.0	466.0	339.0	500.0	6.7867058689724304
1	500.0	418.9	235.0	500.0	6.785668008552423
1	500.0	452.8	260.0	500.0	6.792874676891229
1	500.0	439.2	201.0	500.0	6.787060212037785
1	500.0	475.1	251.0	500.0	6.779627826613544
1	437.0	398.2	201.0	500.0	6.746216626941857
1	500.0	466.5	165.0	500.0	6.730595351298048
1	500.0	445.6	92.0	500.0	6.747025950872708
1	500.0	395.6	74.0	500.0	6.7372257148590675
1	500.0	392.7	70.0	500.0	6.760345215663602
1	500.0	472.9	251.0	500.0	6.77747034319581
1	487.0	440.9	289.0	500.0	6.761226088519041
1	500.0	401.2	139.0	500.0	6.7778343484774
1	500.0	466.9	251.0	500.0	6.797083590957902
1	395.5	371.9	54.0	500.0	6.786768168726131
1	500.0	473.3	324.0	500.0	6.767523422823298
1	500.0	422.1	209.0	500.0	6.781468372506311
1	500.0	380.0	88.0	500.0	6.791841140606645
1	441.5	370.6	49.0	500.0	6.789468412220666
1	500.0	431.8	74.0	500.0	6.798260908416841
1	500.0	425.1	169.0	500.0	6.805096113282127
1	500.0	430.2	266.0	500.0	6.794864503727416
1	500.0	397.2	104.0	500.0	6.761466493714171
1	344.0	322.5	50.0	500.0	6.758773947646255
1	500.0	466.8	367.0	500.0	6.725074173970414
1	500.0	487.0	370.0	500.0	6.709741455438727
1	500.0	454.4	81.0	500.0	6.716661728373256
1	500.0	433.7	95.0	500.0	6.707012781037187
1	500.0	443.5	128.0	500.0	6.698400455186278
1	370.0	313.0	35.0	500.0	6.6898109287529035
1	500.0	449.3	60.0	500.0	6.724117045624514
1	500.0	408.1	68.0	500.0	6.732278177236148
1	500.0	428.7	45.0	500.0	6.7406228686378595
1	500.0	438.9	152.0	500.0	6.745722556712287
1	500.0	500.0	500.0	500.0	6.757677351034252
1	500.0	486.1	434.0	500.0	6.757677351034252
1	470.0	389.6	157.0	500.0	6.786997237448458
1	500.0	456.0	69.0	500.0	6.743883932381842
1	500.0	461.3	271.0	500.0	6.749903356590877
1	500.0	403.8	71.0	500.0	6.720365648834331
1	500.0	445.9	31.0	500.0	6.750397369759359
1	500.0	431.1	218.0	500.0	6.721044864312609
1	390.5	328.3	37.0	500.0	6.746310473101027
1	381.0	353.6	62.0	500.0	6.733279080129602
1	458.5	348.2	54.0	500.0	6.725610768291513
1	453.0	377.7	76.0	500.0	6.737948618732943
1	434.5	365.6	96.0	500.0	6.731413474217277
1	468.5	409.4	101.0	500.0	6.729691525890317
1	455.0	408.9	166.0	500.0	6.729418640135788
1	308.0	311.7	92.0	500.0	6.706952138769605
1	500.0	378.8	62.0	500.0	6.717956672932834
1	461.0	376.3	48.0	500.0	6.71187102032863
1	500.0	491.6	434.0	500.0	6.71471257288849
1	454.0	378.0	115.0	500.0	6.702950413865136
1	387.5	355.5	36.0	500.0	6.698107582304843
1	500.0	394.7	37.0	500.0	6.701775287485327
1	500.0	454.6	275.0	500.0	6.722558984147765
1	500.0	402.2	55.0	500.0	6.725590571196629
1	500.0	419.6	176.0	500.0	6.752541053864855
1	500.0	382.3	61.0	500.0	6.763231670619789
1	500.0	456.8	266.0	500.0	6.770712677925546
1	500.0	396.9	100.0	500.0	6.776918257516776
1	404.0	343.0	33.0	500.0	6.741977536329841
1	470.5	394.9	89.0	500.0	6.743721057552022
1	500.0	454.8	184.0	500.0	6.7922722738523005
1	439.5	388.7	155.0	500.0	6.784764708895717
1	452.0	407.3	170.0	500.0	6.787532297381539
1	479.0	379.7	28.0	500.0	6.812660861036861
1	500.0	414.8	165.0	500.0	6.826519320208766
1	500.0	420.7	91.0	500.0	6.835589844502553
1	500.0	383.9	121.0	500.0	6.85171488413908
1	380.5	345.8	80.0	500.0	6.88242227069197
1	500.0	386.8	64.0	500.0	6.8575257617629095
1	500.0	433.0	87.0	500.0	6.840705589443255
1	500.0	390.6	113.0	500.0	6.8543711441211475
1	422.5	352.6	104.0	500.0	6.8714499211324345
1	410.5	385.9	163.0	500.0	6.844530203558701
1	462.5	379.4	122.0	500.0	6.837928082814914
1	362.0	344.8	62.0	500.0	6.813013088511707
1	500.0	433.8	84.0	500.0	6.82399329145662
1	393.0	352.7	153.0	500.0	6.831408528031209
1	409.0	375.6	118.0	500.0	6.822668828284242
1	500.0	390.5	34.0	500.0	6.8225223982906025
1	455.0	380.1	61.0	500.0	6.806025729465381
1	500.0	451.1	179.0	500.0	6.857543822588668
1	500.0	415.7	99.0	500.0	6.869680898997384
1	406.5	330.2	68.0	500.0	6.883775128300912
1	407.5	350.1	23.0	500.0	6.871901834690194
1	500.0	487.4	374.0	500.0	6.882019728922799
1	500.0	443.8	272.0	500.0	6.847270933258288
1	464.0	369.5	41.0	500.0	6.86361342821996
1	500.0	415.5	143.0	500.0	6.849900039224124
1	500.0	423.3	58.0	500.0	6.882749556465811
1	500.0	435.7	70.0	500.0	6.88313972269574
1	378.5	368.5	50.0	500.0	6.875359287939448
1	500.0	426.1	195.0	500.0	6.87966276677229
1	463.5	393.5	138.0	500.0	6.852986232954922
1	500.0	454.7	312.0	500.0	6.843287331599991
1	500.0	482.4	381.0	500.0	6.864009020946002
1	500.0	424.7	131.0	500.0	6.868972935022279
1	500.0	471.2	212.0	500.0	6.89655076751944
1	500.0	486.5	365.0	500.0	6.851846455733843
1	500.0	497.2	474.0	500.0	6.8449108139175685
1	500.0	464.2	263.0	500.0	6.83323284406927
1	500.0	476.1	261.0	500.0	6.8225689210291405
1	500.0	495.4	454.0	500.0	6.82580688973165
1	500.0	353.8	94.0	500.0	6.814717455268647
1	500.0	478.8	332.0	500.0	6.839958304889246
1	384.5	380.4	221.0	500.0	6.840431433079458
1	500.0	463.8	138.0	500.0	6.874087002891602
1	500.0	382.9	60.0	500.0	6.863280317876537
1	500.0	460.1	101.0	500.0	6.856866689248161
1	457.0	364.8	22.0	500.0	6.871178699217837
1	500.0	421.8	62.0	500.0	6.9070839635501455
1	295.0	302.5	80.0	500.0	6.898390144867568
1	500.0	438.8	129.0	500.0	6.928106312431699
1	500.0	490.6	406.0	500.0	6.949447617872156
1	500.0	397.6	124.0	500.0	6.9376988721682995
1	500.0	419.1	69.0	500.0	6.955893923862355
1	500.0	459.3	144.0	500.0	6.966961370465843
1	500.0	440.4	159.0	500.0	6.9819530645561665
1	500.0	457.3	195.0	500.0	6.9885415689192305
1	487.5	397.6	42.0	500.0	6.995931159880826
1	500.0	426.0	169.0	500.0	7.016145005588933
1	500.0	480.8	367.0	500.0	7.034653247301863
1	500.0	443.8	241.0	500.0	7.009582109519858
1	500.0	475.0	295.0	500.0	7.001398881765075
1	493.0	425.0	145.0	500.0	6.962022173933482
1	425.0	398.1	190.0	500.0	6.948185479495623
1	500.0	437.6	160.0	500.0	6.927029826301342
1	291.5	313.7	73.0	500.0	6.923291979249239
1	260.0	307.5	45.0	500.0	6.913089287053983
1	437.5	368.8	185.0	500.0	6.8636979575297445
1	500.0	416.3	162.0	500.0	6.855816679528128
1	500.0	472.4	346.0	500.0	6.873260311146196
1	481.5	414.7	174.0	500.0	6.860793873446887
1	500.0	476.2	345.0	500.0	6.870619896622791
1	371.5	360.4	141.0	500.0	6.886702693939912
1	500.0	415.1	214.0	500.0	6.856891474541692
1	500.0	446.6	119.0	500.0	6.887070037475543
1	500.0	450.5	330.0	500.0	6.880761926913904
1	339.0	348.2	62.0	500.0	6.892624816284742
1	395.5	342.1	80.0	500.0	6.916589713145968
1	500.0	432.8	81.0	500.0	6.95163885709214
1	382.5	388.5	215.0	500.0	6.944954847976621
1	283.0	297.5	59.0	500.0	6.946089070920168
1	328.0	345.0	148.0	500.0	6.944215771416639
1	369.5	342.5	76.0	500.0	6.9616014465015
1	382.0	346.2	78.0	500.0	6.961701295275217
1	483.5	423.5	172.0	500.0	6.967997154187519
1	405.5	365.1	142.0	500.0	6.982925566540402
1	329.0	333.0	71.0	500.0	6.992296990779944
1	500.0	387.0	66.0	500.0	7.001433621158838
1	441.0	387.2	135.0	500.0	7.001447906219873
1	467.0	362.6	45.0	500.0	6.998258510439662
1	500.0	470.2	247.0	500.0	6.982158162212236
1	452.5	344.8	78.0	500.0	7.005843754617258
1	500.0	433.1	103.0	500.0	7.026157045505782
1	483.5	383.4	73.0	500.0	7.018669449606023
1	377.0	359.5	158.0	500.0	6.9966787203466145
1	407.5	355.2	69.0	500.0	7.011262849806893
1	500.0	422.9	119.0	500.0	7.036461574414589
1	500.0	418.9	137.0	500.0	7.036685247347643
1	469.0	375.1	104.0	500.0	7.010955196661992
1	458.5	375.7	135.0	500.0	6.956109071773036
1	500.0	419.3	112.0	500.0	6.963485545265478
1	500.0	421.8	97.0	500.0	6.958805195087067
1	500.0	424.8	96.0	500.0	6.985390870760563
1	500.0	394.9	85.0	500.0	6.942104627296319
1	495.0	434.7	168.0	500.0	6.94114431491523
1	419.5	378.9	127.0	500.0	6.937828736666894
1	500.0	453.1	53.0	500.0	6.938590089967357
1	475.5	387.0	134.0	500.0	6.947602436932857
1	461.5	328.5	31.0	500.0	6.954999763546633
1	500.0	444.5	175.0	500.0	6.975500389639986
1	348.0	327.0	60.0	500.0	6.987069619639652
1	360.0	343.3	47.0	500.0	6.969463995556461
1	500.0	422.7	118.0	500.0	6.951929342284231
1	500.0	391.9	87.0	500.0	6.950020360529957
1	454.5	384.8	183.0	500.0	6.98340911049861
1	354.0	346.7	67.0	500.0	6.959251924875333
1	380.5	347.0	69.0	500.0	6.96808237734908
1	500.0	445.8	264.0	500.0	6.940731140451864
1	500.0	470.9	370.0	500.0	6.91604458548237
1	500.0	436.0	146.0	500.0	6.942172525798507
1	500.0	378.0	127.0	500.0	6.905236352153921
1	500.0	384.7	106.0	500.0	6.901032671801999
1	500.0	394.1	17.0	500.0	6.902924319880078
1	500.0	418.1	134.0	500.0	6.891340679728535
1	366.0	312.7	47.0	500.0	6.877682102766915
1	269.0	308.2	64.0	500.0	6.900833566256198
1	500.0	408.8	103.0	500.0	6.896912204390001
1	389.0	373.3	144.0	500.0	6.88499337721015
1	380.0	331.0	62.0	500.0	6.896155666184378
1	453.5	364.7	120.0	500.0	6.906808759130199
1	496.0	435.7	100.0	500.0	6.919252600242675
1	500.0	376.0	70.0	500.0	6.917952933554682
1	500.0	384.5	52.0	500.0	6.906538315798241
1	315.0	308.9	78.0	500.0	6.888458454870456
1	421.0	386.8	202.0	500.0	6.873174513158545
1	279.5	296.8	69.0	500.0	6.841969593101899
1	500.0	426.0	115.0	500.0	6.817239144366561
1	500.0	371.0	41.0	500.0	6.805016979438994
1	450.0	407.1	48.0	500.0	6.77129516811011
1	406.0	340.6	76.0	500.0	6.766180305817086
1	500.0	412.5	109.0	500.0	6.751690440274351
1	500.0	460.5	135.0	500.0	6.753812211542973
1	500.0	463.5	135.0	500.0	6.74824528797141
1	500.0	419.5	126.0	500.0	6.757663004212181
1	500.0	478.5	355.0	500.0	6.757487515452675
1	462.0	358.6	46.0	500.0	6.748499568525418
1	500.0	438.5	234.0	500.0	6.768158736988534
1	500.0	402.0	118.0	500.0	6.779892235856324
1	500.0	462.6	280.0	500.0	6.798334644082942
1	500.0	483.5	335.0	500.0	6.79528866660052
1	500.0	428.8	121.0	500.0	6.771531574161519
1	289.5	343.4	214.0	500.0	6.755641744290133
1	453.0	386.9	108.0	500.0	6.748454872114785
1	500.0	438.7	95.0	500.0	6.749399789726324
1	238.5	276.0	150.0	500.0	6.761106051047139
1	483.0	402.6	160.0	500.0	6.7502109201333935
1	439.0	399.3	196.0	500.0	6.765986231674181
1	276.0	316.7	99.0	500.0	6.743043037468191
1	454.5	386.9	173.0	500.0	6.740722066833965
1	500.0	360.1	37.0	500.0	6.74976749504535
1	500.0	442.2	149.0	500.0	6.759478870227397
1	233.0	289.4	89.0	500.0	6.780423353914643
1	469.5	386.8	52.0	500.0	6.780471334413063
1	500.0	410.6	50.0	500.0	6.816011962325262
1	428.5	415.9	263.0	500.0	6.8163888790373175
1	448.5	367.7	33.0	500.0	6.813796693698991
1	430.5	327.5	23.0	500.0	6.857909219207846
1	500.0	448.0	47.0	500.0	6.83564024009137
1	500.0	431.1	64.0	500.0	6.8442020103822525
1	500.0	435.2	92.0	500.0	6.824044338878472
1	486.0	389.9	104.0	500.0	6.830170088880388
1	500.0	412.3	197.0	500.0	6.832835625825979
1	500.0	402.8	94.0	500.0	6.826122814410407
1	355.0	351.3	111.0	500.0	6.83077126004022
1	500.0	414.2	127.0	500.0	6.836398669138435
1	349.0	350.1	114.0	500.0	6.8227868096141115
1	442.0	346.9	53.0	500.0	6.842737740610741
1	500.0	453.2	224.0	500.0	6.835093288608055
1	500.0	429.8	175.0	500.0	6.848436564874086
1	490.5	425.7	156.0	500.0	6.854574106754551
1	500.0	446.8	209.0	500.0	6.831590511554908
1	466.0	417.9	151.0	500.0	6.808230823050843
1	435.5	355.6	84.0	500.0	6.7937951034371045
1	470.5	358.4	57.0	500.0	6.80863521146109
1	468.5	414.0	138.0	500.0	6.831432276754044
1	500.0	468.8	259.0	500.0	6.822382755608246
1	500.0	443.7	140.0	500.0	6.809986777650974
1	440.5	348.7	66.0	500.0	6.834256720415752
1	500.0	354.5	58.0	500.0	6.864815854299482
1	500.0	454.9	100.0	500.0	6.87061163845894
1	450.0	395.7	174.0	500.0	6.841831392516829
1	494.5	357.4	58.0	500.0	6.85342746581272
1	500.0	468.3	208.0	500.0	6.847900604642926
1	235.0	300.9	116.0	500.0	6.846498360684275
1	434.0	336.4	28.0	500.0	6.865324941527714
1	482.0	382.5	53.0	500.0	6.871678968804996
1	476.5	403.1	174.0	500.0	6.890968243078486
1	500.0	436.4	119.0	500.0	6.894101140806524
1	468.0	433.5	301.0	500.0	6.903731887110216
1	417.5	332.9	54.0	500.0	6.905426137896376
1	433.5	388.7	176.0	500.0	6.8993267049881695
1	410.0	349.6	70.0	500.0	6.872827516811267
1	253.0	272.9	54.0	500.0	6.877512035427088
1	461.0	376.0	84.0	500.0	6.9145419695183765
1	500.0	397.3	51.0	500.0	6.898526642926562
1	319.5	324.5	145.0	500.0	6.880755900159255
1	318.5	305.2	24.0	500.0	6.887613690654752
1	500.0	397.7	160.0	500.0	6.8482860699044155
1	122.0	212.3	47.0	480.0	6.833553177757482
1	376.0	334.6	38.0	500.0	6.814096299307215
1	500.0	431.5	85.0	500.0	6.819249657871402
1	469.0	416.9	185.0	500.0	6.796532674004472
1	500.0	416.4	22.0	500.0	6.764339169064925
1	248.0	307.4	122.0	500.0	6.724468793303471
1	305.0	343.0	178.0	500.0	6.731043174845796
1	468.0	367.8	73.0	500.0	6.724610591438652
1	500.0	390.2	130.0	500.0	6.753697814442603
1	350.5	347.4	67.0	500.0	6.752205536837846
1	474.5	410.5	137.0	500.0	6.741687792406748
1	401.5	351.8	110.0	500.0	6.7337514622129975
1	234.5	278.4	52.0	500.0	6.715860973406549
1	500.0	391.9	116.0	500.0	6.729733461117382
1	500.0	438.6	130.0	500.0	6.754753326516348
1	425.0	360.6	121.0	500.0	6.754405893461541
1	348.0	299.1	36.0	500.0	6.754435964432193
1	487.5	380.2	140.0	500.0	6.766149820871951
1	454.5	403.3	110.0	500.0	6.785115880675823
1	500.0	374.5	151.0	500.0	6.761526280099824
1	288.5	340.1	155.0	500.0	6.7665589756247835
1	490.5	396.0	92.0	500.0	6.772303076356507
1	460.5	370.5	127.0	500.0	6.792587340118389
1	500.0	436.5	221.0	500.0	6.779928395537562
1	368.5	354.2	157.0	500.0	6.791652379601057
1	500.0	489.9	399.0	500.0	6.800898457226244
1	498.5	370.0	117.0	500.0	6.789253434407913
1	500.0	438.0	179.0	500.0	6.788591173651194
1	500.0	421.2	189.0	500.0	6.778343405569604
1	485.5	397.4	71.0	500.0	6.786286145150431
1	500.0	419.9	50.0	500.0	6.781106414188379
1	466.0	365.7	115.0	500.0	6.768208941171783
1	500.0	456.0	135.0	500.0	6.747957629120167
1	391.0	367.8	178.0	500.0	6.753845038351124
1	247.0	295.9	101.0	500.0	6.792845332723998
1	439.0	378.5	57.0	500.0	6.788430760020859
1	312.0	272.0	108.0	390.0	6.763510533054879
1	182.0	220.6	38.0	500.0	6.757803782189315
1	500.0	375.3	78.0	500.0	6.739792693553659
1	394.5	339.4	66.0	500.0	6.730300775774546
1	456.5	403.2	161.0	500.0	6.735753609881605
1	333.0	328.5	128.0	500.0	6.734912872841405
1	500.0	372.9	112.0	500.0	6.730474420556331
1	500.0	422.0	57.0	500.0	6.704810754866107
1	500.0	415.2	126.0	500.0	6.685033602531546
1	341.5	340.6	209.0	500.0	6.690588053474976
1	313.0	336.2	99.0	500.0	6.703675430190875
1	338.5	334.6	150.0	500.0	6.701518629271989
1	500.0	406.7	130.0	500.0	6.7143725788804165
1	204.0	255.4	129.0	500.0	6.708283419490517
1	397.0	363.3	117.0	500.0	6.719691894510477
1	447.0	413.4	229.0	500.0	6.694364420163103
1	386.0	334.9	80.0	500.0	6.688586736404668
1	297.0	352.3	156.0	500.0	6.6879382061361
1	305.5	316.5	81.0	500.0	6.684761667591643
1	280.5	315.4	108.0	500.0	6.644695227005547
1	500.0	432.9	215.0	500.0	6.674664176326969
1	500.0	443.8	207.0	500.0	6.656089525619575
1	500.0	454.9	49.0	500.0	6.655556137262668
1	263.5	297.1	50.0	500.0	6.684651607073841
1	362.5	345.0	94.0	500.0	6.666463899577056
1	495.5	373.3	90.0	500.0	6.651116629373997
1	401.0	360.1	150.0	500.0	6.65630005250637
1	427.0	337.1	64.0	500.0	6.649795018957474
1	474.0	414.5	200.0	500.0	6.641041820204235
1	321.5	298.2	69.0	500.0	6.65320841407393
1	484.5	401.0	105.0	500.0	6.672683209628035
1	415.5	347.6	99.0	500.0	6.654886311529248
1	491.5	376.9	101.0	500.0	6.671100798645876
1	349.5	330.6	50.0	500.0	6.668820113160668
1	427.5	391.2	196.0	500.0	6.677634026708472
1	378.0	371.1	130.0	500.0	6.689905353967653
1	420.0	370.6	22.0	500.0	6.673880525040982
1	500.0	405.4	58.0	500.0	6.677644082369998
1	500.0	432.5	280.0	500.0	6.676479413357941
1	343.0	342.4	90.0	500.0	6.698003435718821
1	480.0	399.6	113.0	500.0	6.686081379603408
1	500.0	413.7	220.0	500.0	6.666221327014527
1	405.0	343.2	79.0	500.0	6.66614238081319
1	403.0	341.0	59.0	500.0	6.6656511995477095
1	401.0	377.7	155.0	500.0	6.693793792518362
1	500.0	437.3	157.0	500.0	6.64970568600688
1	346.0	329.3	97.0	500.0	6.6490031562357075
1	500.0	474.0	380.0	500.0	6.637207216603452
1	500.0	425.3	87.0	500.0	6.6497913787339336
1	500.0	384.9	115.0	500.0	6.646544187930588
1	444.5	384.1	181.0	500.0	6.645601778684236
1	500.0	462.5	169.0	500.0	6.6603199631687575
1	431.0	372.9	144.0	500.0	6.68234719675831
1	500.0	472.6	311.0	500.0	6.665618812443428
1	500.0	438.5	285.0	500.0	6.663269883583284
1	500.0	471.6	240.0	500.0	6.648597863780445
1	500.0	444.2	179.0	500.0	6.626754594983809
1	500.0	433.4	162.0	500.0	6.599664001983187
1	500.0	379.2	70.0	500.0	6.602832838318776
1	478.0	410.7	141.0	500.0	6.587289617722473
1	454.5	365.5	26.0	500.0	6.571021696648505
1	500.0	466.3	362.0	500.0	6.549606658049086
1	474.5	397.5	169.0	500.0	6.568851834268606
1	500.0	452.6	142.0	500.0	6.576163432439104
1	500.0	422.3	121.0	500.0	6.555884550029641
1	340.5	326.0	118.0	500.0	6.562268860900941
1	500.0	449.4	233.0	500.0	6.554962905441804
1	494.0	448.8	342.0	500.0	6.548943067699793
1	370.5	370.1	203.0	500.0	6.540337505794871
1	353.5	298.3	17.0	500.0	6.5556513160262595
1	500.0	388.0	25.0	500.0	6.575242874992388
1	500.0	341.0	18.0	500.0	6.589206957878851
1	396.0	382.6	93.0	500.0	6.572212140589887
1	403.5	360.9	24.0	500.0	6.560469261781208
1	500.0	440.6	207.0	500.0	6.6060578120639
1	500.0	380.8	50.0	500.0	6.613152967660235
1	500.0	447.7	327.0	500.0	6.578283789893358
1	298.5	328.3	137.0	500.0	6.568567084898978
1	500.0	409.9	106.0	500.0	6.5859615814188714
1	394.5	369.1	166.0	500.0	6.587163594116207
1	436.0	381.1	103.0	500.0	6.5724559478479065
1	303.0	317.5	96.0	500.0	6.621303340369245
1	428.5	364.5	25.0	500.0	6.649274581516949
1	325.0	288.4	19.0	489.0	6.646186534853461
1	319.0	280.6	26.0	500.0	6.6359942442828785
1	171.5	231.9	64.0	500.0	6.622895834290079
1	150.5	194.6	28.0	500.0	6.6275844885014665
1	264.0	272.1	77.0	500.0	6.642014912342382
1	337.5	367.2	211.0	500.0	6.655161115142283
1	299.5	300.0	107.0	500.0	6.643263136187396
1	459.0	324.7	46.0	500.0	6.6698199134448055
1	307.5	300.2	12.0	500.0	6.672381332997922
1	382.0	324.0	61.0	500.0	6.676485018770253
1	411.5	357.0	120.0	500.0	6.690216682270031
1	500.0	373.5	112.0	500.0	6.704629497024606
1	472.0	407.6	137.0	500.0	6.705603504919218
1	352.0	315.6	63.0	500.0	6.663212451961908
1	319.0	339.8	47.0	500.0	6.665242046360841
1	365.5	343.1	151.0	500.0	6.646868845448328
1	500.0	453.9	118.0	500.0	6.679452867583223
1	500.0	406.9	185.0	500.0	6.668186702475245
1	500.0	413.9	153.0	500.0	6.6674346710531305
1	468.5	380.9	56.0	500.0	6.64876300916142
1	275.5	316.1	179.0	500.0	6.634756651189249
1	206.0	253.3	53.0	500.0	6.626090134908888
1	411.5	350.2	140.0	500.0	6.614889292537293
1	276.0	311.9	142.0	500.0	6.627891648104441
1	487.0	397.7	124.0	500.0	6.619789165043991
1	473.5	382.8	102.0	500.0	6.610920836332
1	473.0	364.2	100.0	500.0	6.615204803323328
1	352.0	315.3	18.0	500.0	6.55127926167078
1	500.0	373.0	119.0	500.0	6.568928462912733
1	408.5	348.9	57.0	500.0	6.593091164308965
1	229.5	292.7	77.0	500.0	6.604263306988222
1	391.0	347.9	13.0	500.0	6.6210656141624264
1	500.0	420.7	274.0	500.0	6.628744241382535
1	498.5	375.3	72.0	500.0	6.634479742060017
1	497.5	357.9	48.0	500.0	6.642624954336843
1	500.0	348.7	73.0	500.0	6.63578420165981
1	500.0	443.9	285.0	500.0	6.65893831967128
1	470.5	409.3	193.0	500.0	6.659121154755996
1	500.0	387.5	144.0	500.0	6.666490370058863
1	197.0	280.0	129.0	500.0	6.691202506259977
1	468.5	373.9	127.0	500.0	6.673280713326561
1	486.5	427.7	195.0	500.0	6.673373238502327
1	500.0	416.3	210.0	500.0	6.6911281153242745
1	450.0	406.0	178.0	500.0	6.663601386153439
1	330.5	348.8	148.0	500.0	6.62942493854583
1	274.5	329.3	66.0	500.0	6.620137986082748
1	386.0	342.4	106.0	500.0	6.6168362856493905
1	448.0	363.1	136.0	500.0	6.640938611138486
1	393.5	388.1	226.0	500.0	6.628357235683733
1	465.5	396.4	157.0	500.0	6.630426308695664
1	500.0	421.5	113.0	500.0	6.624817516834064
1	439.5	358.8	63.0	500.0	6.612459266622071
1	479.5	399.5	31.0	500.0	6.612121941322277
1	500.0	373.3	14.0	500.0	6.610766763811625
1	500.0	418.8	68.0	500.0	6.598919420335805
1	247.5	284.9	118.0	500.0	6.606822042440321
1	500.0	402.8	70.0	500.0	6.62681074792423
1	336.0	328.3	60.0	500.0	6.630242171125387
1	428.0	385.6	192.0	500.0	6.6382430637765
1	451.0	397.7	97.0	500.0	6.669283997267938
1	368.0	360.7	204.0	500.0	6.666694778316046
1	407.0	388.7	233.0	500.0	6.696147456960015
1	500.0	419.7	153.0	500.0	6.724156607730854
1	232.0	310.9	117.0	500.0	6.7449576830633085
1	407.0	354.3	137.0	500.0	6.716762439452045
1	471.0	387.3	200.0	500.0	6.719484227659793
1	500.0	397.5	145.0	500.0	6.716019721959813
1	500.0	486.4	399.0	500.0	6.688629715158519
1	500.0	384.9	40.0	500.0	6.691692693647902
1	500.0	433.2	121.0	500.0	6.673823586106333
1	373.5	325.8	49.0	500.0	6.673273289399516
1	400.0	344.1	145.0	500.0	6.658659575736864
1	232.0	269.2	48.0	500.0	6.682210171970661
1	414.5	389.4	64.0	500.0	6.693211791627044
1	492.5	420.6	134.0	500.0	6.7148232342163725
1	500.0	459.1	305.0	500.0	6.710253457997999
1	500.0	433.3	125.0	500.0	6.700286316579287
1	398.0	381.1	193.0	500.0	6.6902422437083535
1	414.5	356.9	36.0	500.0	6.720094652749514
1	234.5	270.6	108.0	500.0	6.725944298252415
1	400.0	355.4	120.0	500.0	6.737895232276939
1	460.0	381.4	126.0	500.0	6.734757610662165
1	500.0	412.7	151.0	500.0	6.7392230869912195
1	453.0	362.4	138.0	500.0	6.775482393613905
1	398.5	319.4	64.0	500.0	6.773547940558759
1	500.0	401.8	160.0	500.0	6.799332274041747
1	500.0	487.4	374.0	500.0	6.805947614418439
1	367.5	315.0	39.0	500.0	6.813827409879116
1	359.0	337.4	144.0	500.0	6.8273928721457535
1	500.0	421.0	188.0	500.0	6.836549793768102
1	500.0	399.0	114.0	500.0	6.848770814738866
1	500.0	385.0	57.0	500.0	6.848872606559617
1	401.0	358.0	88.0	500.0	6.830121111350127
1	285.5	308.6	109.0	500.0	6.83079884556823
1	238.5	290.9	100.0	500.0	6.827954086450071
1	238.0	245.5	43.0	500.0	6.816840921808528
1	500.0	416.2	72.0	500.0	6.805210422829467
1	381.0	379.9	252.0	500.0	6.7839418124341355
1	500.0	445.8	103.0	500.0	6.788572526640095
1	482.0	375.4	114.0	500.0	6.770644400993667
1	338.5	329.9	15.0	500.0	6.778628456400753
1	493.5	371.3	89.0	500.0	6.786042346531403
1	494.0	350.4	14.0	500.0	6.795543186235409
1	321.0	311.5	101.0	500.0	6.841027231287365
1	495.0	425.6	152.0	500.0	6.835293704827093
1	474.5	340.3	17.0	500.0	6.852543602855298
1	305.0	318.7	160.0	500.0	6.810055941315463
1	463.0	376.4	178.0	500.0	6.791147692289622
1	500.0	405.3	148.0	500.0	6.815948738739026
1	500.0	391.7	26.0	500.0	6.812471343995164
1	436.0	324.6	71.0	500.0	6.791341410304915
1	500.0	410.7	167.0	500.0	6.810204662701937
1	365.0	350.0	62.0	500.0	6.817680116453438
1	359.5	348.7	79.0	500.0	6.834382651343167
1	500.0	462.4	203.0	500.0	6.8362331175905755
1	416.5	346.5	54.0	500.0	6.844695229314388
1	416.5	359.7	122.0	500.0	6.839262138928284
1	354.5	329.0	124.0	500.0	6.838429582000915
1	472.5	395.0	122.0	500.0	6.843732881680295
1	233.5	237.7	14.0	500.0	6.837186640461864
1	209.5	249.2	90.0	500.0	6.799460230682774
1	226.0	256.2	24.0	500.0	6.79479775752311
1	500.0	386.9	90.0	500.0	6.7732611449463915
1	332.5	343.7	55.0	500.0	6.785088123641222
1	484.5	367.8	100.0	500.0	6.781119275400837
1	478.5	366.5	21.0	500.0	6.7601720554841185
1	228.0	260.8	133.0	500.0	6.7603783362554575
1	422.0	360.8	42.0	500.0	6.781356028781734
1	327.0	318.5	101.0	500.0	6.757082983011226
1	314.0	349.4	141.0	500.0	6.765906674291926
1	294.0	333.7	114.0	500.0	6.814674714362349
1	388.5	344.6	88.0	500.0	6.8002543877088115
1	432.0	345.4	125.0	500.0	6.782797672764534
1	426.5	390.3	94.0	500.0	6.766199707739462
1	500.0	450.0	80.0	500.0	6.7938061762132556
1	346.0	329.6	93.0	500.0	6.825700335137747
1	500.0	420.7	209.0	500.0	6.83812077551803
1	463.5	373.5	102.0	500.0	6.807187350040676
1	500.0	388.7	147.0	500.0	6.788371326351272
1	495.5	367.7	100.0	500.0	6.799216346131543
1	324.5	350.5	78.0	500.0	6.795248220880554
1	500.0	407.1	149.0	500.0	6.786926114272004
1	366.5	375.3	226.0	500.0	6.7800168527629205
1	373.0	341.9	64.0	500.0	6.841177168301837
1	455.5	393.1	145.0	500.0	6.843861895597526
1	354.0	329.1	38.0	500.0	6.845201808564978
1	394.5	369.9	108.0	500.0	6.844806851679233
1	417.5	330.3	19.0	500.0	6.8472231063754165
1	347.0	359.7	160.0	500.0	6.849218202169725
1	383.0	340.1	35.0	500.0	6.844226448455789
1	500.0	433.9	97.0	500.0	6.81363541871873
1	380.0	354.6	155.0	500.0	6.786061641631622
1	331.5	344.4	153.0	500.0	6.775050338203486
1	500.0	418.7	203.0	500.0	6.804326319171736
1	302.5	329.1	154.0	500.0	6.833705327057851
1	359.0	299.2	19.0	500.0	6.820153870184155
1	500.0	413.2	136.0	500.0	6.831777933114981
1	425.5	338.1	14.0	500.0	6.837927436314108
1	441.5	363.6	56.0	500.0	6.86538874426797
1	358.0	323.4	101.0	500.0	6.883911892663712
1	468.5	389.2	13.0	500.0	6.8905448633904225
1	276.5	312.0	96.0	500.0	6.868260121142922
1	358.0	330.5	40.0	500.0	6.849562674200356
1	464.0	379.9	140.0	500.0	6.887653361725123
1	453.0	438.2	316.0	500.0	6.860314241317182
1	297.5	301.8	54.0	500.0	6.856701373882266
1	500.0	411.9	30.0	500.0	6.7731953697624805
1	367.0	354.2	162.0	500.0	6.768030513636398
1	304.5	318.4	123.0	500.0	6.765823711898955
1	416.0	354.2	98.0	500.0	6.746483707101932
1	439.5	408.1	204.0	500.0	6.728644502056478
1	500.0	383.5	103.0	500.0	6.726180300925507
1	244.0	286.7	94.0	500.0	6.723125124611589
1	500.0	416.1	70.0	500.0	6.7574261676753435
1	285.5	277.2	27.0	500.0	6.754962899021019
1	314.0	312.8	90.0	500.0	6.793681728125401
1	353.0	340.5	124.0	500.0	6.7901519289224295
1	426.5	340.4	31.0	500.0	6.779261205150435
1	378.5	331.2	59.0	500.0	6.785718489217434
1	238.5	261.8	43.0	500.0	6.777156338460437
1	341.5	306.9	38.0	500.0	6.778097375247435
1	414.0	350.7	42.0	500.0	6.804024406531194
1	154.0	192.8	17.0	500.0	6.807399297979001
1	324.0	304.3	16.0	500.0	6.776223506271018
1	311.0	303.0	12.0	500.0	6.746945125928653
1	290.5	276.2	16.0	500.0	6.783216574731028
1	349.5	327.6	68.0	500.0	6.780839386028757
1	233.5	251.4	12.0	500.0	6.760067299804219
1	362.5	313.2	61.0	500.0	6.771661831627259
1	244.5	283.2	55.0	500.0	6.7743298024024385
1	335.5	311.4	17.0	500.0	6.751455195683447
1	227.0	280.4	39.0	500.0	6.746334185595471
1	320.0	282.3	54.0	500.0	6.774540720408245
1	369.0	311.9	87.0	500.0	6.791912396758766
1	414.0	370.1	101.0	500.0	6.813139917807671
1	290.0	291.3	15.0	500.0	6.817168580074497
1	396.5	330.3	95.0	500.0	6.821224791709879
1	473.0	416.3	241.0	500.0	6.820251001763477
1	471.5	377.6	76.0	500.0	6.8101220339720285
1	340.0	334.6	139.0	500.0	6.840222237977143
1	500.0	413.3	78.0	500.0	6.827062671789663
1	500.0	423.2	191.0	500.0	6.846219416305679
1	224.5	241.5	43.0	500.0	6.853304497173342
1	263.5	297.9	143.0	500.0	6.8605938309267955
1	459.0	411.2	94.0	500.0	6.875439523806579
1	500.0	403.1	78.0	500.0	6.878492740807193
1	306.5	308.0	29.0	500.0	6.872889860674401
1	500.0	394.0	150.0	500.0	6.8750107624620105
1	500.0	428.9	120.0	500.0	6.865431853789689
1	500.0	406.8	202.0	500.0	6.857847824578132
1	500.0	444.9	14.0	500.0	6.813372087199447
1	445.0	341.5	14.0	500.0	6.832320138301533
1	333.0	344.4	100.0	500.0	6.828079527002921
1	459.5	313.5	18.0	500.0	6.84699968520362
1	500.0	435.6	275.0	500.0	6.839169168200658
1	451.5	385.4	15.0	500.0	6.870920366222472
1	432.0	362.0	103.0	500.0	6.844333352832386
1	388.5	367.3	165.0	500.0	6.8232395113311135
1	378.0	354.8	67.0	500.0	6.857166794706107
1	177.5	269.3	22.0	500.0	6.873603277134187
1	496.0	401.1	163.0	500.0	6.862421094454482
1	335.0	323.3	98.0	500.0	6.88395963868402
1	307.0	290.4	98.0	500.0	6.885447609534364
1	500.0	412.6	149.0	500.0	6.855508952875767
1	500.0	403.3	138.0	500.0	6.840437006824996
1	500.0	438.6	162.0	500.0	6.841242853199178
1	438.5	376.8	119.0	500.0	6.859263293702622
1	260.5	304.1	97.0	500.0	6.8747459116185
1	497.5	422.1	183.0	500.0	6.863875019780522
1	324.0	321.3	92.0	500.0	6.84518894496401
1	279.0	306.8	75.0	500.0	6.838467153264592
1	186.0	224.6	125.0	500.0	6.840055968951842
1	166.0	262.9	41.0	500.0	6.852804998097786
1	466.5	421.6	236.0	500.0	6.8758326248685
1	500.0	370.8	59.0	500.0	6.887040080986666
1	500.0	415.2	144.0	500.0	6.888826180766411
1	475.5	386.3	47.0	500.0	6.876730182895407
1	500.0	407.7	96.0	500.0	6.904646397349907
1	186.0	215.9	36.0	500.0	6.935985739316732
1	395.5	373.1	193.0	500.0	6.945459187693962
1	447.0	398.5	203.0	500.0	6.966269266196347
1	500.0	435.1	239.0	500.0	6.973123296490333
1	500.0	412.6	120.0	500.0	6.987532578535745
1	279.5	327.2	124.0	500.0	6.971469806292621
1	478.5	401.8	59.0	500.0	6.967733681444736
1	421.0	348.9	71.0	500.0	6.937551699576733
1	500.0	384.1	35.0	500.0	6.944172353304802
1	271.5	290.4	128.0	500.0	6.965287223333194
1	405.5	388.0	228.0	500.0	6.981344789777553
1	310.0	309.1	101.0	500.0	6.986863257438489
1	500.0	395.8	114.0	500.0	6.978876638631884
1	240.0	274.6	57.0	500.0	6.983552064607174
1	459.5	402.3	164.0	500.0	6.9831358811722
1	390.0	363.9	132.0	500.0	7.000834382044876
1	484.5	420.1	203.0	500.0	7.0274553265105855
1	406.5	338.8	73.0	500.0	7.037013914448277
1	305.0	294.7	78.0	500.0	7.0619707024943175
1	348.0	304.9	70.0	500.0	7.025390080872712
1	472.5	398.6	209.0	500.0	7.057580645550006
1	274.0	330.9	172.0	500.0	7.048771643938131
1	245.5	257.3	73.0	500.0	7.059198656870257
1	314.5	332.7	175.0	500.0	7.056636069448413
1	254.0	304.0	109.0	500.0	7.057777899702341
1	500.0	421.0	122.0	500.0	7.048656264369106
1	200.0	277.4	114.0	500.0	7.0466528681795495
1	258.5	268.7	111.0	428.0	7.075072630852784
1	470.0	393.9	131.0	500.0	7.063170294110243
1	172.5	249.6	42.0	500.0	7.048260593429507
1	382.0	351.3	90.0	500.0	7.053243903910458
1	430.5	380.7	79.0	500.0	7.0726895498942355
1	368.5	320.1	47.0	500.0	7.088182094259006
1	472.0	385.4	78.0	500.0	7.06853059031457
1	493.0	391.8	40.0	500.0	7.088393985433097
1	224.5	256.3	82.0	500.0	7.053643071928402
1	378.0	327.5	67.0	500.0	7.066609060265845
1	239.0	285.5	112.0	500.0	7.035974342106227
1	238.5	255.0	65.0	487.0	7.005722051005288
1	227.0	280.8	81.0	500.0	6.996662226885598
1	287.5	259.8	75.0	500.0	6.968582246076559
1	270.0	282.8	45.0	500.0	6.988128420218462
1	316.5	290.0	57.0	500.0	7.0138065558201825
1	314.5	331.2	132.0	500.0	6.955422487353631
1	268.0	277.1	74.0	500.0	6.935636028147356
1	220.5	231.7	64.0	464.0	6.948471584280478
1	217.0	261.5	141.0	500.0	6.920745040890045
1	219.0	231.4	76.0	477.0	6.924865434087303
1	116.5	147.2	46.0	372.0	6.919930994865648
1	180.0	200.0	49.0	497.0	6.918069872588632
1	192.5	234.9	80.0	500.0	6.894454633493181
1	206.0	241.1	110.0	500.0	6.9090522385004665
1	188.5	244.4	81.0	500.0	6.87721777997817
1	226.0	248.6	50.0	500.0	6.847604176730288
1	100.5	153.6	20.0	500.0	6.815096619815826
1	135.5	171.1	82.0	500.0	6.83517761483119
1	160.5	177.1	58.0	310.0	6.802311467280554
1	137.5	183.6	27.0	500.0	6.760600814550055
1	195.5	203.8	65.0	385.0	6.749066213094592
1	132.0	142.5	38.0	243.0	6.760616774298353
1	116.5	161.4	17.0	500.0	6.748936704156357
1	159.0	161.6	55.0	327.0	6.76045905023113
1	137.5	169.2	57.0	423.0	6.759630548290054
1	158.5	214.1	49.0	500.0	6.774073000205728
1	103.5	180.6	11.0	500.0	6.760537854759274
1	207.5	223.3	85.0	340.0	6.746949241215696
1	127.0	134.6	71.0	197.0	6.7340606076758975
1	236.5	280.3	111.0	500.0	6.745064744488176
1	207.0	213.5	29.0	416.0	6.746150858691912
1	154.0	204.5	33.0	500.0	6.739779526492577
1	146.0	135.2	18.0	236.0	6.72439837548897
1	292.5	312.4	138.0	500.0	6.718882911273228
1	243.0	271.2	49.0	500.0	6.714619179086304
1	379.0	294.6	27.0	500.0	6.721523337212688
1	194.5	205.9	15.0	500.0	6.741901973902855
1	148.5	223.3	42.0	500.0	6.742509487239731
1	328.0	311.3	84.0	500.0	6.72602722346373
1	230.5	267.9	77.0	500.0	6.705142856682024
1	409.5	367.0	106.0	500.0	6.7355244425024505
1	188.0	226.1	83.0	500.0	6.724496512297404
1	361.0	325.5	84.0	500.0	6.7818889828014655
1	370.5	334.2	65.0	500.0	6.791692606011047
1	364.0	326.6	112.0	500.0	6.812590361023421
1	215.5	270.9	53.0	500.0	6.810266741806713
1	500.0	394.6	81.0	500.0	6.7925461461195304
1	374.5	342.1	113.0	500.0	6.829019197054042
1	355.0	335.7	97.0	500.0	6.8875585617664274
1	184.0	231.0	89.0	500.0	6.9115853915085435
1	315.0	330.3	108.0	500.0	6.882144669366784
1	183.0	261.7	101.0	500.0	6.869203241301572
1	240.0	250.7	44.0	500.0	6.877520406658062
1	440.5	404.3	212.0	500.0	6.875994568458692
1	356.0	318.7	91.0	500.0	6.8833400235942666
1	421.5	406.7	176.0	500.0	6.874787193026144
1	237.5	273.8	61.0	500.0	6.8620473244413756
1	468.0	393.4	118.0	500.0	6.862067555200308
1	247.0	267.2	128.0	500.0	6.861531231255395
1	332.0	326.1	73.0	500.0	6.84974549251914
1	477.0	373.2	77.0	500.0	6.840059965779525
1	463.5	371.3	47.0	500.0	6.83167172733298
1	331.5	329.7	167.0	500.0	6.822214656025175
1	383.5	347.0	79.0	500.0	6.839184843872422
1	175.0	250.4	69.0	500.0	6.822117129278737
1	194.0	245.8	72.0	500.0	6.831606650224045
1	339.0	352.0	60.0	500.0	6.822463282399158
1	412.5	341.5	92.0	500.0	6.816181912046011
1	441.5	344.6	66.0	500.0	6.823553326154113
1	328.0	302.6	104.0	500.0	6.798963834732699
1	361.0	330.6	108.0	500.0	6.826000531174486
1	345.0	334.8	75.0	500.0	6.831552217028804
1	314.0	325.2	91.0	500.0	6.817713100070617
1	346.0	324.1	71.0	500.0	6.8424901669863205
1	318.0	303.0	78.0	500.0	6.847486521457003
1	369.0	357.8	156.0	500.0	6.849392111712822
1	327.0	325.4	84.0	500.0	6.873247723295862
1	404.5	389.7	130.0	500.0	6.87978950637096
1	500.0	437.7	201.0	500.0	6.864069522055314
1	404.0	345.8	103.0	500.0	6.910636560148513
1	313.5	337.7	114.0	500.0	6.8744512284993755
1	500.0	377.2	56.0	500.0	6.8836703993256885
1	364.5	338.4	132.0	500.0	6.857804125689836
1	158.5	253.2	58.0	500.0	6.876573912756723
1	427.0	379.7	138.0	500.0	6.863714010865088
1	304.0	297.8	69.0	500.0	6.884160601651061
1	226.5	282.6	75.0	500.0	6.877931806532864
1	240.5	267.3	24.0	500.0	6.888945811373685
1	186.0	258.7	90.0	500.0	6.89558323160074
1	415.5	376.9	92.0	500.0	6.896043915830719
1	256.5	287.0	54.0	500.0	6.863813481327357
1	329.0	294.2	41.0	500.0	6.860941590889417
1	475.5	405.1	107.0	500.0	6.866159078826002
1	456.5	409.2	167.0	500.0	6.8668340997879405
1	274.0	286.8	52.0	500.0	6.896608339765442
1	414.0	348.7	74.0	500.0	6.882691676116778
1	373.5	337.7	64.0	500.0	6.870537422086397
1	500.0	418.2	29.0	500.0	6.869087878724972
1	469.5	395.6	66.0	500.0	6.908413779911933
1	218.0	255.0	77.0	500.0	6.8939686913920895
1	337.0	345.2	154.0	500.0	6.886659552429261
1	290.0	292.0	57.0	500.0	6.881347089358442
1	424.0	341.8	62.0	500.0	6.858391053732283
1	269.5	293.0	62.0	500.0	6.848406864386529
1	196.0	244.9	124.0	500.0	6.839603146300565
1	196.0	232.8	37.0	500.0	6.881124183582812
1	270.5	283.0	61.0	500.0	6.8635712433164535
1	222.0	229.6	32.0	500.0	6.854435931489655
1	267.0	284.2	50.0	500.0	6.876705187137099
1	346.5	289.6	76.0	500.0	6.892900861982344
1	384.5	325.6	62.0	500.0	6.837045823221922
1	297.0	321.7	90.0	500.0	6.839625586827744
1	304.0	333.7	166.0	500.0	6.844961611628551
1	459.0	419.3	146.0	500.0	6.870219499132212
1	413.5	375.4	135.0	500.0	6.89175267792473
1	231.0	275.7	36.0	500.0	6.910719325367942
1	378.0	314.0	53.0	500.0	6.8991711190198455
1	116.5	186.1	19.0	500.0	6.902589733698177
1	200.5	242.5	24.0	500.0	6.8921127213115785
1	159.5	211.7	74.0	410.0	6.9001017387886066
1	296.5	311.3	92.0	500.0	6.927394205960823
1	472.0	352.6	57.0	500.0	6.943371959523293
1	160.0	228.4	37.0	500.0	6.916640338552121
1	164.0	238.7	99.0	500.0	6.916977379244978
1	411.0	380.5	127.0	500.0	6.887849918030673
1	255.0	279.9	88.0	500.0	6.887364422264489
1	238.5	288.6	129.0	500.0	6.929315749119408
1	174.5	235.2	42.0	500.0	6.953310152652895
1	300.0	295.3	28.0	500.0	6.939630971101025
1	221.0	274.9	29.0	500.0	6.967900220125934
1	317.0	318.5	82.0	500.0	6.9911205536371055
1	222.5	259.5	62.0	500.0	7.00821183714091
1	233.5	272.5	36.0	500.0	7.019962309913893
1	134.5	192.3	61.0	500.0	7.002882200975804
1	302.5	313.8	82.0	500.0	7.0153680316309694
1	168.0	210.9	26.0	500.0	6.982411804015451
1	148.0	187.0	50.0	500.0	7.012669200426069
1	232.0	251.9	35.0	500.0	7.041277249511441
1	148.0	192.0	45.0	483.0	7.004126076430752
1	170.5	243.6	20.0	500.0	7.000514847158502
1	244.0	260.1	56.0	500.0	7.0000930177113085
1	204.5	208.8	14.0	500.0	7.01181405163231
1	189.0	199.1	90.0	381.0	7.039379290044229
1	136.0	235.0	66.0	500.0	7.04192783639979
1	111.5	147.5	26.0	500.0	7.0486767956309615
1	157.5	226.2	15.0	500.0	7.055580790291553
1	116.5	174.8	32.0	500.0	7.098132580932831
1	216.0	229.0	33.0	500.0	7.1050844846395425
1	264.0	247.3	104.0	500.0	7.100424708114957
1	254.5	252.8	33.0	500.0	7.102174038103357
1	388.0	334.1	70.0	500.0	7.112044212813998
1	270.0	329.5	76.0	500.0	7.111610931252538
1	292.0	311.2	106.0	500.0	7.1072722368761605
1	199.0	225.3	14.0	500.0	7.0939129038141
1	498.0	335.0	81.0	500.0	7.062738134776783
1	327.0	314.6	43.0	500.0	7.067125906613991
1	379.5	345.7	47.0	500.0	7.026258242302644
1	381.0	364.9	17.0	500.0	7.061700828491587
1	500.0	407.7	190.0	500.0	7.055912347977475
1	266.0	255.3	42.0	500.0	7.071477768958783
1	135.0	168.4	108.0	283.0	7.0623871470718065
1	351.0	315.3	60.0	500.0	7.046153508686534
1	176.0	259.1	48.0	500.0	7.065299770285159
1	157.0	199.1	60.0	500.0	7.052684684640464
1	247.0	283.9	104.0	500.0	6.9909546756598155
1	206.5	257.1	117.0	500.0	7.0028939313262
1	297.0	277.3	87.0	500.0	7.005556095285885
1	200.5	238.4	85.0	500.0	6.989863646313534
1	407.5	351.2	70.0	500.0	6.967528819908209
1	146.5	214.3	14.0	500.0	6.969402017715882
1	249.0	268.0	56.0	500.0	6.95407162253811
1	231.0	278.5	102.0	500.0	6.956348333237528
1	279.0	303.4	16.0	500.0	6.981153757359419
1	292.0	299.4	45.0	500.0	6.938006968460441
1	272.5	277.6	31.0	500.0	6.916931313328346
1	280.0	300.0	50.0	500.0	6.8869876502959695
1	376.0	327.0	59.0	500.0	6.853199411925861
1	176.5	210.5	51.0	500.0	6.847326024331622
1	288.0	299.4	54.0	500.0	6.8586656985626275
1	184.0	224.1	18.0	500.0	6.820573481966317
1	375.5	354.5	79.0	500.0	6.8606482508077455
1	363.0	321.9	57.0	500.0	6.875149904256638
1	182.0	249.4	68.0	500.0	6.89459961378171
1	294.5	299.1	66.0	500.0	6.943731591144556
1	258.5	281.4	70.0	500.0	6.931200082448039
1	212.5	269.1	60.0	500.0	6.946077531148148
1	368.5	324.9	72.0	500.0	6.943303280564333
1	226.5	242.0	61.0	500.0	6.9620483084068985
1	423.5	368.8	114.0	500.0	6.9536563846492285
1	312.0	313.1	46.0	500.0	6.958783451564418
1	361.5	348.8	130.0	500.0	6.963295174381622
1	500.0	388.9	69.0	500.0	6.98518540707383
1	350.0	342.0	120.0	500.0	6.95533618706932
1	342.5	315.0	106.0	500.0	6.9295726894141225
1	199.0	279.8	108.0	500.0	6.953795777101797
1	398.0	342.9	26.0	500.0	6.945424320912918
1	270.5	308.7	118.0	500.0	6.9405791045399745
1	373.5	363.8	169.0	500.0	6.944934733340067
1	381.5	346.1	70.0	500.0	6.9307311562802525
1	355.0	343.9	137.0	500.0	6.963266006552096
1	398.0	365.7	111.0	500.0	6.9276156087061285
1	240.5	272.0	134.0	500.0	6.926864493712431
1	436.0	379.7	182.0	500.0	6.932931067559767
1	311.0	308.2	136.0	500.0	6.9477465090226
1	310.0	326.8	100.0	500.0	6.939509566152239
1	483.0	401.1	84.0	500.0	6.941628653766526
1	259.0	289.6	56.0	500.0	6.947716657547276
1	230.0	265.8	115.0	500.0	6.930127922098334
1	349.0	343.2	106.0	500.0	6.934516582952832
1	344.0	323.5	76.0	500.0	6.927088346902299
1	351.5	341.3	16.0	500.0	6.899397019766432
1	327.0	315.5	14.0	500.0	6.914510792196869
1	238.5	280.3	38.0	500.0	6.87522606238241
1	205.5	254.1	102.0	500.0	6.844447842694544
1	355.0	346.0	140.0	500.0	6.856194531406485
1	381.5	361.5	129.0	500.0	6.877588707895332
1	278.0	293.2	64.0	500.0	6.905626176080784
1	343.5	325.8	27.0	500.0	6.90106823244311
1	227.0	298.4	76.0	500.0	6.907794435952091
1	316.0	307.5	108.0	500.0	6.915907686771189
1	429.0	372.0	98.0	500.0	6.9140118813618985
1	343.0	353.4	44.0	500.0	6.907280069293173
1	207.5	308.6	125.0	500.0	6.942036241070068
1	237.0	303.6	153.0	500.0	6.944849923909811
1	369.5	319.1	53.0	500.0	6.971034626281085
1	493.0	388.8	127.0	500.0	6.963448578594567
1	426.5	346.0	75.0	500.0	6.943375282895304
1	284.5	314.1	128.0	500.0	6.927860033296324
1	222.0	229.5	46.0	500.0	6.939225221990001
1	485.5	395.2	92.0	500.0	6.967053188922127
1	328.0	330.5	128.0	500.0	7.0034186916635095
1	444.5	404.0	88.0	500.0	6.994139029475585
1	337.5	332.7	93.0	500.0	6.958916895317533
1	364.5	355.5	180.0	500.0	6.970409508899044
1	500.0	464.7	147.0	500.0	6.999012331508393
1	461.0	373.4	82.0	500.0	6.984224298243529
1	500.0	377.5	29.0	500.0	7.005880726865557
1	384.5	363.3	114.0	500.0	6.998110364819682
1	324.5	293.7	42.0	500.0	7.003616052481125
1	222.5	269.8	131.0	500.0	7.01265588838021
1	395.0	332.5	16.0	500.0	7.012586256091343
1	340.0	349.3	154.0	500.0	7.013064701257402
1	195.0	198.2	16.0	500.0	7.021518112007833
1	500.0	394.1	108.0	500.0	7.012563410085562
1	500.0	416.8	176.0	500.0	7.013359002038918
1	278.0	306.3	66.0	500.0	6.988086587415174
1	500.0	410.8	141.0	500.0	7.021760869152822
1	500.0	474.9	249.0	500.0	6.9968804585692
1	353.5	310.3	49.0	500.0	6.990090447555236
1	500.0	384.3	87.0	500.0	6.966540762393267
1	476.0	343.1	71.0	500.0	6.977284383054748
1	413.5	331.6	93.0	500.0	6.908928132561867
1	440.5	385.7	159.0	500.0	6.906580011237743
1	348.5	333.4	114.0	500.0	6.9359657369800125
1	301.0	276.3	19.0	500.0	6.925833719390839
1	500.0	418.1	49.0	500.0	6.926874789799846
1	378.0	341.7	67.0	500.0	6.91137581692902
1	255.5	290.6	109.0	500.0	6.904758211067019
1	355.0	339.7	90.0	500.0	6.906124802958529
1	412.0	366.5	123.0	500.0	6.911220123125449
1	500.0	413.9	112.0	500.0	6.907723099091158
1	500.0	461.2	201.0	500.0	6.8939479003788495
1	461.0	396.5	94.0	500.0	6.899226477622253
1	463.0	400.7	174.0	500.0	6.891648931096617
1	350.5	331.5	72.0	500.0	6.888353056433275
1	267.0	299.2	111.0	500.0	6.87261756090106
1	287.5	284.5	35.0	500.0	6.876377461524344
1	415.0	353.9	118.0	500.0	6.8662205317743
1	398.0	347.7	38.0	500.0	6.84476134509183
1	500.0	444.6	156.0	500.0	6.846767283654333
1	392.0	333.5	70.0	500.0	6.8534883770823685
1	281.0	312.3	94.0	500.0	6.849121394418793
1	467.0	374.4	115.0	500.0	6.844703702331481
1	500.0	424.9	114.0	500.0	6.820781036364256
1	432.5	355.6	85.0	500.0	6.836116554633827
1	362.5	329.6	102.0	500.0	6.85213371183674
1	312.0	331.6	104.0	500.0	6.866888267088031
1	419.0	352.0	89.0	500.0	6.880877415622358
1	434.0	389.5	197.0	500.0	6.847044511142046
1	344.0	316.8	75.0	500.0	6.823971350855135
1	275.5	311.4	74.0	500.0	6.832934593098735
1	500.0	466.6	355.0	500.0	6.842487068989193
1	500.0	404.5	52.0	500.0	6.8725427373016466
1	500.0	433.0	162.0	500.0	6.896369123488722
1	500.0	413.9	180.0	500.0	6.891937113356758
1	418.5	391.8	197.0	500.0	6.881939482822479
1	323.5	312.0	71.0	500.0	6.889509292940325
1	243.0	277.0	16.0	500.0	6.866694349238898
1	458.5	371.3	131.0	500.0	6.83813916862242
1	323.0	354.8	145.0	500.0	6.875339662592056
1	414.5	373.4	161.0	500.0	6.866191840921635
1	314.0	303.0	65.0	500.0	6.892346887838437
1	322.5	340.8	44.0	500.0	6.896922230058701
1	404.0	355.5	123.0	500.0	6.977573494005424
1	398.5	338.5	102.0	500.0	6.981754931200984
1	421.0	368.8	71.0	500.0	6.961951212816913
1	215.5	262.1	81.0	500.0	6.960794129918085
1	265.0	265.6	27.0	500.0	6.965221807088945
1	233.5	294.8	77.0	500.0	6.998437940834531
1	484.0	391.7	141.0	500.0	6.969756774462503
1	371.5	328.6	17.0	500.0	6.960903181134046
1	350.5	363.1	180.0	500.0	6.927434212854823
1	358.0	347.5	95.0	500.0	6.9494394546434926
1	423.5	374.2	103.0	500.0	6.937797925023422
1	372.5	327.7	43.0	500.0	6.927214451948583
1	258.0	298.7	71.0	500.0	6.925334731130723
1	428.0	355.2	147.0	500.0	6.925187095671246
1	278.5	315.1	140.0	500.0	6.917063419997988
1	185.0	218.1	19.0	500.0	6.92825225420124
1	260.0	267.8	41.0	500.0	6.933511635781059
1	335.0	326.7	118.0	500.0	6.944859352848917
1	378.0	332.1	53.0	500.0	6.976675470738741
1	201.5	248.1	35.0	500.0	6.9907388223781854
1	242.5	284.4	142.0	500.0	6.996603117494833
1	293.5	292.3	89.0	500.0	6.99441632790208
1	289.0	295.5	108.0	500.0	6.959545852440388
1	363.5	303.4	88.0	500.0	6.9707507395823525
1	399.5	342.4	42.0	500.0	6.970528671350638
1	162.0	240.1	82.0	500.0	6.949448265588998
1	500.0	390.5	105.0	500.0	6.943429450307308
1	326.0	326.8	147.0	500.0	6.942118445740505
1	397.5	355.2	123.0	500.0	6.937150262818739
1	483.5	345.9	31.0	500.0	6.920527222822637
1	146.5	245.8	59.0	500.0	6.930704653351169
1	286.0	331.1	161.0	500.0	6.896511990391749
1	500.0	431.3	133.0	500.0	6.887049001950714
1	365.5	350.0	178.0	500.0	6.883408487375794
1	500.0	423.2	147.0	500.0	6.868982865884193
1	310.5	316.0	71.0	500.0	6.885915445088079
1	443.0	362.3	93.0	500.0	6.895229004752598
1	299.5	318.8	81.0	500.0	6.917854828156598
1	441.0	392.7	203.0	500.0	6.921901076882158
1	429.5	347.8	45.0	500.0	6.911775419226592
1	482.0	378.9	66.0	500.0	6.959401014890185
1	368.5	360.4	98.0	500.0	6.933220859025185
1	500.0	389.3	115.0	500.0	6.960060277802479
1	500.0	462.9	135.0	500.0	6.943187559889567
1	400.5	349.2	121.0	500.0	6.930665170699774
1	276.0	282.5	72.0	500.0	6.906351212212493
1	489.5	410.7	190.0	500.0	6.890141622066369
1	500.0	439.3	292.0	500.0	6.898134481338966
1	500.0	399.5	30.0	500.0	6.904659361267868
1	500.0	424.0	100.0	500.0	6.929838218232912
1	500.0	374.9	23.0	500.0	6.883839654085058
1	500.0	396.7	156.0	500.0	6.884751307606818
1	500.0	443.8	271.0	500.0	6.921492596703318
1	480.5	401.1	211.0	500.0	6.9445537774668535
1	500.0	466.6	329.0	500.0	6.972245193566497
1	473.5	402.0	204.0	500.0	6.954074628226384
1	500.0	393.9	18.0	500.0	6.91752025947129
1	500.0	418.4	186.0	500.0	6.913647876707566
1	385.0	347.6	109.0	500.0	6.945780016896798
1	233.5	245.7	24.0	500.0	6.995581233206671
1	435.0	359.2	104.0	500.0	7.015151096017473
1	500.0	381.7	92.0	500.0	7.032045186282895
1	296.0	303.7	88.0	500.0	7.075530905812631
1	500.0	423.1	160.0	500.0	7.047426853662625
1	472.5	377.5	22.0	500.0	7.063031387924287
1	294.5	317.3	55.0	500.0	7.08147184522143
1	500.0	355.2	76.0	500.0	7.080688948326401
1	500.0	396.0	20.0	500.0	7.104785727469447
1	474.5	366.2	111.0	500.0	7.085305886678455
1	338.5	336.8	175.0	500.0	7.091506509842026
1	242.5	290.3	66.0	500.0	7.122227603709721
1	166.5	254.2	50.0	500.0	7.131343434068206
1	500.0	471.1	248.0	500.0	7.108693205596412
1	483.0	362.7	79.0	500.0	7.116435806621234
1	451.5	373.0	77.0	500.0	7.118342810330362
1	315.0	328.0	170.0	500.0	7.139009814253045
1	500.0	378.6	109.0	500.0	7.131430917786735
1	500.0	424.8	104.0	500.0	7.123941937192584
1	316.0	297.4	66.0	500.0	7.1563953986124025
1	358.0	338.0	16.0	500.0	7.167322708054004
1	387.0	351.5	61.0	500.0	7.193721828994204
1	451.5	373.5	89.0	500.0	7.200112891739433
1	192.0	268.6	21.0	500.0	7.228344804601572
1	278.5	298.4	52.0	500.0	7.1913297904777025
1	305.5	294.6	52.0	500.0	7.173594102475628
1	306.0	337.0	147.0	500.0	7.153155353716387
1	181.0	244.3	51.0	500.0	7.152459325697081
1	355.0	329.3	30.0	500.0	7.173637112249047
1	500.0	413.1	50.0	500.0	7.1825628712901946
1	411.0	383.1	202.0	500.0	7.186547942549259
1	500.0	409.3	117.0	500.0	7.210027477612922
1	461.0	422.8	195.0	500.0	7.213053581738772
1	500.0	416.5	85.0	500.0	7.233981000242941
1	396.5	378.1	215.0	500.0	7.201997923417837
1	500.0	426.5	161.0	500.0	7.168913727143188
1	500.0	442.2	109.0	500.0	7.207740330185112
1	495.0	377.0	132.0	500.0	7.217154193171941
1	497.0	398.4	138.0	500.0	7.224481826360428
1	500.0	409.9	98.0	500.0	7.2459099977715935
1	480.0	371.3	85.0	500.0	7.234199257519006
1	308.5	331.4	137.0	500.0	7.21929492228978
1	463.5	355.8	17.0	500.0	7.2463457783862175
1	292.5	304.7	88.0	500.0	7.206839129788018
1	492.0	444.5	266.0	500.0	7.2175209499908926
1	441.5	377.2	138.0	500.0	7.189435419093366
1	376.0	353.4	102.0	500.0	7.191800414578722
1	346.5	335.4	111.0	500.0	7.178498505175794
1	235.5	293.5	190.0	500.0	7.197397013221685
1	500.0	397.6	44.0	500.0	7.187383943257102
1	399.0	340.7	49.0	500.0	7.176872240771572
1	390.0	342.9	97.0	500.0	7.184122224353881
1	241.0	300.3	34.0	500.0	7.192657143548567
1	482.0	372.5	72.0	500.0	7.227339113842346
1	382.5	348.4	114.0	500.0	7.241517257099362
1	500.0	405.1	51.0	500.0	7.22467864650131
1	443.5	405.5	143.0	500.0	7.196452228898478
1	470.5	397.1	213.0	500.0	7.263385390586031
1	353.5	357.4	131.0	500.0	7.249052225856103
1	500.0	443.7	143.0	500.0	7.284975380695635
1	163.0	267.0	106.0	500.0	7.277656648559906
1	500.0	411.8	36.0	500.0	7.298163449070189
1	289.5	286.3	78.0	500.0	7.261765902838621
1	390.5	376.7	147.0	500.0	7.231536195522619
1	500.0	418.3	164.0	500.0	7.281464620470537
1	342.5	362.0	212.0	500.0	7.262543116543412
1	445.0	405.3	157.0	500.0	7.280992191002986
1	241.5	264.2	78.0	500.0	7.276834905766026
1	269.5	304.0	80.0	500.0	7.253678451876838
1	379.5	352.9	97.0	500.0	7.232816483923637
1	500.0	390.0	51.0	500.0	7.215711818892305
1	500.0	453.5	193.0	500.0	7.215708648547655
1	479.5	409.2	36.0	500.0	7.2020855264122785
1	328.0	317.4	47.0	500.0	7.20140488464616
1	288.0	316.0	87.0	500.0	7.189291348130248
1	408.5	357.2	96.0	500.0	7.180489938530336
1	408.5	329.6	19.0	500.0	7.198624211127555
1	214.5	242.3	16.0	500.0	7.227945521336374
1	301.5	318.7	29.0	500.0	7.22939453575249
1	394.5	313.6	76.0	500.0	7.270638508245253
1	209.0	275.2	127.0	500.0	7.297088906171625
1	263.0	272.2	15.0	500.0	7.294580674792953
1	286.5	308.2	168.0	500.0	7.332851146500657
1	252.0	247.9	63.0	500.0	7.320326603052764
1	283.0	287.2	51.0	500.0	7.296739838294792
1	359.0	316.1	47.0	500.0	7.290488770374732
1	342.0	316.4	86.0	500.0	7.340119337949885
1	425.0	359.8	71.0	500.0	7.337934342482268
1	337.0	310.4	69.0	500.0	7.316026852317888
1	293.5	339.2	166.0	500.0	7.3749262902244626
1	267.5	276.0	67.0	500.0	7.375481283503245
1	500.0	371.1	77.0	500.0	7.383928296897048
1	146.5	219.0	35.0	500.0	7.362590435173522
1	277.5	302.1	79.0	500.0	7.408217600314887
