	144.0
	320.0
	88.0
	157.0
	27.0
	177.0
	132.0
	121.0
	36.0
	109.0
	141.0
	133.0
	119.0
	107.0
	150.0
	136.0
	120.0
	210.0
	149.0
	62.0
	67.0
	236.0
	241.0
	99.0
	131.0
	79.0
	37.0
	188.0
	209.0
	93.0
	284.0
	206.0
	74.0
	125.0
	199.0
	248.0
	144.0
	142.0
	92.0
	156.0
	174.0
	128.0
	94.0
	161.0
	132.0
	33.0
	158.0
	238.0
	165.0
	130.0
	149.0
	48.0
	45.0
	125.0
	191.0
	204.0
	165.0
	228.0
	48.0
	222.0
	297.0
	125.0
	233.0
	138.0
	22.0
	235.0
	275.0
	90.0
	127.0
	70.0
	158.0
	169.0
	32.0
	171.0
	31.0
	132.0
	209.0
	147.0
	365.0
	108.0
	222.0
	38.0
	258.0
	201.0
	157.0
	91.0
	165.0
	124.0
	89.0
	175.0
	192.0
	168.0
	135.0
	112.0
	169.0
	201.0
	137.0
	193.0
	165.0
	137.0
	162.0
	216.0
	38.0
	130.0
	209.0
	28.0
	137.0
	153.0
	119.0
	64.0
	141.0
	119.0
	149.0
	142.0
	186.0
	158.0
	133.0
	19.0
	271.0
	102.0
	79.0
	272.0
	207.0
	171.0
	122.0
	122.0
	110.0
	84.0
	36.0
	121.0
	483.0
	95.0
	130.0
	165.0
	113.0
	227.0
	58.0
	147.0
	46.0
	82.0
	222.0
	85.0
	44.0
	24.0
	86.0
	95.0
	195.0
	130.0
	218.0
	46.0
	69.0
	119.0
	39.0
	33.0
	114.0
	109.0
	198.0
	34.0
	275.0
	221.0
	142.0
	347.0
	186.0
	166.0
	172.0
	154.0
	117.0
	348.0
	207.0
	163.0
	109.0
	191.0
	181.0
	123.0
	226.0
	145.0
	119.0
	194.0
	99.0
	69.0
	116.0
	142.0
	294.0
	138.0
	98.0
	138.0
	230.0
	200.0
	203.0
	177.0
	176.0
	179.0
	340.0
	167.0
	108.0
	52.0
	188.0
	183.0
	158.0
	81.0
	226.0
	103.0
	168.0
	170.0
	239.0
	231.0
	182.0
	415.0
	277.0
	100.0
	139.0
	204.0
	223.0
	136.0
	149.0
	142.0
	188.0
	203.0
	316.0
	135.0
	139.0
	63.0
	218.0
	168.0
	132.0
	125.0
	194.0
	139.0
	34.0
	158.0
	249.0
	121.0
	132.0
	263.0
	119.0
	187.0
	36.0
	163.0
	134.0
	190.0
	194.0
	397.0
	154.0
	89.0
	204.0
	157.0
	181.0
	131.0
	133.0
	136.0
	253.0
	123.0
	100.0
	126.0
	154.0
	109.0
	175.0
	143.0
	231.0
	287.0
	133.0
