1	490.0	424.8	98.0	500.0	8.822245102201093
1	395.0	331.8	107.0	500.0	8.82667486714267
1	229.5	257.2	42.0	500.0	8.803604563618322
1	303.5	321.4	48.0	500.0	8.772844777460275
1	353.0	336.9	54.0	500.0	8.720688261656216
1	354.5	323.8	41.0	500.0	8.723286139664463
1	385.0	356.9	103.0	500.0	8.744236262384296
1	203.0	222.7	66.0	387.0	8.647189529243239
1	302.0	288.6	88.0	500.0	8.672224534814168
1	250.5	266.6	60.0	500.0	8.650207332050575
1	255.5	256.5	58.0	491.0	8.669869249810251
1	421.0	402.2	237.0	500.0	8.684316189233572
1	298.0	319.6	78.0	500.0	8.70259314297494
1	189.5	237.5	93.0	500.0	8.676987203861014
1	178.0	251.8	79.0	500.0	8.678257496177427
1	354.5	349.7	182.0	500.0	8.632454480578481
1	205.0	248.3	75.0	500.0	8.727246896676569
1	191.5	254.4	26.0	500.0	8.814795740753128
1	246.5	278.1	21.0	500.0	8.806592859146296
1	313.0	321.7	146.0	500.0	8.868787985597871
1	235.0	262.2	54.0	500.0	8.922277304040458
1	247.5	238.8	47.0	417.0	8.956937780663926
1	500.0	352.4	27.0	500.0	8.982160924778675
1	322.0	312.1	158.0	500.0	8.93298656825159
1	328.0	314.5	29.0	500.0	8.91273823524675
1	435.0	362.5	33.0	500.0	8.957336544811737
1	318.5	284.9	31.0	500.0	8.885050192765274
1	500.0	411.5	18.0	500.0	8.807933761587964
1	249.5	260.6	33.0	500.0	8.872925587543106
1	255.5	274.1	46.0	500.0	8.833881253401442
1	431.0	389.2	157.0	500.0	8.812127928855178
1	371.0	348.7	124.0	500.0	8.789425814386748
1	348.0	348.8	83.0	500.0	8.795847636148205
1	317.0	326.8	124.0	500.0	8.726757202768132
1	276.5	267.9	33.0	500.0	8.746732189938584
1	316.0	295.8	78.0	500.0	8.838031940692451
1	210.5	245.4	62.0	500.0	8.92793564220055
1	357.5	327.7	72.0	500.0	9.00113495295633
1	433.0	381.5	123.0	500.0	9.0678207350685
1	495.0	412.7	174.0	500.0	9.081842630373252
1	500.0	389.6	57.0	500.0	9.110077483509905
1	272.0	293.0	59.0	500.0	9.085906025496868
1	449.5	406.2	153.0	500.0	9.055562354610437
1	488.0	368.2	39.0	500.0	9.097163908653046
1	481.0	422.9	262.0	500.0	8.994589374962894
1	446.0	358.8	82.0	500.0	9.008904671007576
1	470.5	391.7	24.0	500.0	9.025967072204297
1	299.0	261.7	15.0	500.0	8.948599460638235
1	400.5	383.0	91.0	500.0	8.983047031302712
1	408.0	335.7	63.0	500.0	9.005728501246782
1	403.5	363.5	184.0	500.0	9.047673005703137
1	438.5	386.0	192.0	500.0	9.061736461404408
1	500.0	384.2	22.0	500.0	9.002160105488885
1	281.0	299.0	58.0	500.0	9.007332259590616
1	373.0	331.3	34.0	500.0	9.08465922575404
1	341.5	328.0	108.0	500.0	9.11302188275196
1	339.5	349.0	111.0	500.0	9.139689275011639
1	304.5	309.8	93.0	500.0	9.072925166827927
1	463.0	387.5	31.0	500.0	8.994592581277798
1	427.0	389.1	94.0	500.0	9.002615220737193
1	380.5	343.0	23.0	500.0	9.045513272581115
1	274.0	296.0	60.0	500.0	9.084252949543515
1	202.0	223.4	55.0	500.0	8.988599702579538
1	268.5	270.4	32.0	500.0	8.979195791058562
1	258.0	297.7	48.0	500.0	8.909961352418675
1	500.0	413.7	181.0	500.0	8.834725409883982
1	429.0	386.3	174.0	500.0	8.823563870192295
1	415.5	344.2	123.0	500.0	8.773359378611339
1	500.0	380.7	130.0	500.0	8.832397628760898
1	500.0	361.7	31.0	500.0	8.792964364648999
1	369.0	348.5	155.0	500.0	8.784185764727178
1	466.5	397.8	117.0	500.0	8.78972433661121
1	455.0	396.1	108.0	500.0	8.767100074289882
1	441.0	404.8	196.0	500.0	8.818310007843001
1	500.0	431.3	102.0	500.0	8.84163509694647
1	500.0	380.1	57.0	500.0	8.85790809721315
1	368.0	372.0	243.0	500.0	8.879824540239936
1	359.5	351.4	154.0	500.0	8.887515285264532
1	347.5	309.0	17.0	500.0	8.912749458315826
1	190.5	233.9	18.0	500.0	8.831427930671346
1	373.5	342.9	138.0	500.0	8.91154053053706
1	500.0	454.3	107.0	500.0	8.914301410266413
1	440.0	317.4	26.0	500.0	8.918168281229464
1	500.0	416.0	128.0	500.0	8.938682596631901
1	500.0	428.8	179.0	500.0	8.948424324278896
1	500.0	439.7	259.0	500.0	8.969814549202123
1	500.0	405.5	154.0	500.0	8.909588713064448
1	500.0	478.1	390.0	500.0	8.940353505688742
1	466.5	368.4	109.0	500.0	8.97705061901596
1	396.0	360.4	131.0	500.0	8.940584434229098
1	354.0	317.8	42.0	500.0	9.003756270804612
1	357.0	318.6	48.0	500.0	8.985993204446002
1	500.0	420.1	55.0	500.0	9.005089014364541
1	500.0	375.5	110.0	500.0	8.977496472535847
1	442.0	405.1	136.0	500.0	9.008717982616929
1	491.5	354.2	23.0	500.0	8.976003347425829
1	500.0	429.5	166.0	500.0	8.987000762350842
1	456.0	389.5	166.0	500.0	9.012649603215465
1	500.0	466.3	254.0	500.0	9.028330557269443
1	475.5	393.4	45.0	500.0	8.996944093822625
1	500.0	424.7	75.0	500.0	8.962491186318127
1	436.5	331.6	29.0	500.0	8.985202165143747
1	411.5	357.3	22.0	500.0	9.021878350309072
1	375.5	375.3	139.0	500.0	8.99501153355946
1	500.0	448.4	271.0	500.0	8.992615039816895
1	500.0	446.0	275.0	500.0	8.957245543685048
1	445.0	362.5	133.0	500.0	8.9664021245436
1	470.5	403.4	175.0	500.0	8.892384522547022
1	500.0	403.0	120.0	500.0	8.85701447549827
1	500.0	379.9	102.0	500.0	8.734662843417627
1	460.0	410.8	235.0	500.0	8.754831954757378
1	500.0	411.6	83.0	500.0	8.700141058548054
1	494.5	411.3	68.0	500.0	8.661619912594347
1	500.0	420.1	106.0	500.0	8.609645837211549
1	426.0	414.1	299.0	500.0	8.599607168597412
1	359.5	333.5	95.0	500.0	8.6452976525828
1	435.5	391.4	166.0	500.0	8.579806193264972
1	500.0	404.6	31.0	500.0	8.632246603320192
1	425.0	380.7	187.0	500.0	8.62837212293729
1	500.0	474.5	271.0	500.0	8.590294328057729
1	500.0	419.0	69.0	500.0	8.612272416565158
1	464.0	386.2	117.0	500.0	8.578410324851088
1	384.0	363.1	65.0	500.0	8.636146327593368
1	496.5	437.0	251.0	500.0	8.625724847622298
1	490.0	420.4	181.0	500.0	8.659457226093233
1	429.5	360.2	104.0	500.0	8.672592356644353
1	310.5	327.0	97.0	500.0	8.697415012003308
1	323.5	325.3	31.0	500.0	8.72949393369057
1	473.5	380.9	50.0	500.0	8.739537360951223
1	500.0	409.1	37.0	500.0	8.676134728002708
1	420.5	376.8	159.0	500.0	8.671973042401182
1	489.5	384.0	68.0	500.0	8.623767297759724
1	500.0	378.4	130.0	500.0	8.608959742176006
1	500.0	438.0	167.0	500.0	8.621363190902493
1	500.0	373.9	117.0	500.0	8.656402797478119
1	500.0	381.9	52.0	500.0	8.59221557575001
1	250.0	237.6	95.0	500.0	8.578668272321867
1	459.0	423.6	269.0	500.0	8.64050899907725
1	414.0	357.7	28.0	500.0	8.65150303315922
1	263.5	268.6	44.0	500.0	8.65866775998597
1	242.5	269.4	84.0	500.0	8.63720735903658
1	463.5	396.2	106.0	500.0	8.626473671899994
1	500.0	391.4	66.0	500.0	8.636598001238497
1	500.0	434.1	127.0	500.0	8.703025457158462
1	274.5	297.8	70.0	500.0	8.739504600479929
1	257.0	277.3	98.0	500.0	8.720325102117972
1	386.5	339.1	41.0	500.0	8.694592808185716
1	274.5	310.4	134.0	500.0	8.777504546849368
1	409.5	339.0	23.0	500.0	8.764284645437789
1	346.0	292.5	34.0	500.0	8.737850832615816
1	473.0	394.2	65.0	500.0	8.767163053770329
1	500.0	415.8	64.0	500.0	8.79941063758936
1	500.0	379.9	58.0	500.0	8.817351172277368
1	455.0	363.8	34.0	500.0	8.826553046630076
1	500.0	423.4	205.0	500.0	8.836786280220165
1	500.0	446.5	317.0	500.0	8.83003417271094
1	220.5	284.7	55.0	500.0	8.850063277552449
1	500.0	442.0	122.0	500.0	8.796770035616099
1	500.0	424.6	217.0	500.0	8.866330549182509
1	500.0	440.6	54.0	500.0	8.83338532484225
1	500.0	406.7	208.0	500.0	8.874434795844618
1	463.5	371.2	21.0	500.0	8.79988397364196
1	406.0	341.0	80.0	500.0	8.804830723601752
1	415.5	379.2	184.0	500.0	8.882977032818092
1	391.0	361.4	113.0	500.0	8.963418296751316
1	460.0	404.9	216.0	500.0	8.89551043831
1	500.0	467.4	328.0	500.0	8.93815420451805
1	486.5	319.8	31.0	500.0	8.904283839237857
1	360.0	362.6	96.0	500.0	8.922441448064811
1	476.0	430.6	265.0	500.0	8.916328979473162
1	332.5	338.7	95.0	500.0	8.910295381504069
1	401.0	391.4	205.0	500.0	8.894363227736717
1	392.5	372.5	211.0	500.0	8.871773718450934
1	333.5	300.3	25.0	500.0	8.874612278957516
1	500.0	450.7	159.0	500.0	8.851829624127559
1	483.0	398.6	26.0	500.0	8.9028730314684
1	424.0	348.6	28.0	500.0	8.858845602402539
1	458.0	417.0	257.0	500.0	8.86282928660335
1	407.0	382.9	156.0	500.0	8.817841314190888
1	500.0	360.4	60.0	500.0	8.842731460015862
1	500.0	383.8	14.0	500.0	8.830825821769741
1	500.0	440.2	239.0	500.0	8.76332995048014
1	500.0	435.1	54.0	500.0	8.732731896939146
1	420.5	362.9	85.0	500.0	8.71033399676929
1	400.5	329.4	76.0	500.0	8.656746378861774
1	500.0	434.3	188.0	500.0	8.705209430928088
1	441.0	350.1	19.0	500.0	8.70934213390665
1	423.0	351.0	76.0	500.0	8.75246866998134
1	494.5	438.9	131.0	500.0	8.817546897701698
1	497.5	352.3	38.0	500.0	8.856137879966827
1	465.5	437.5	268.0	500.0	8.818123815557213
1	500.0	421.0	175.0	500.0	8.775571289044413
1	266.5	289.6	31.0	500.0	8.78073420857129
1	408.0	350.7	54.0	500.0	8.791118345777187
1	500.0	397.5	179.0	500.0	8.828130131156732
1	423.5	357.9	32.0	500.0	8.754889875929141
1	500.0	420.2	35.0	500.0	8.777440542657654
1	457.5	352.5	20.0	500.0	8.774074391732087
1	500.0	378.7	32.0	500.0	8.780588289221757
1	491.5	390.2	38.0	500.0	8.731351310386462
1	495.0	419.7	187.0	500.0	8.74540592971239
1	500.0	392.2	189.0	500.0	8.753839331651694
1	500.0	446.8	288.0	500.0	8.705823740222042
1	500.0	426.2	105.0	500.0	8.690812167850545
1	462.0	390.9	123.0	500.0	8.708793558263908
1	492.0	353.4	53.0	500.0	8.681943595959517
1	500.0	454.4	44.0	500.0	8.690231103861203
1	499.5	365.9	33.0	500.0	8.656582196108305
1	491.0	435.1	223.0	500.0	8.62525408447139
1	500.0	389.9	41.0	500.0	8.66653272232188
1	472.0	398.3	157.0	500.0	8.658267398947878
1	500.0	433.8	159.0	500.0	8.637103761133941
1	436.0	385.3	45.0	500.0	8.609620475908864
1	460.5	357.7	16.0	500.0	8.621377519234803
1	484.0	422.4	217.0	500.0	8.59744628033652
1	291.0	302.8	41.0	500.0	8.577005309591172
1	369.0	333.5	31.0	500.0	8.602258410832734
1	268.0	304.0	26.0	500.0	8.540145375500131
1	481.0	386.8	124.0	500.0	8.536945931107882
1	482.0	375.8	18.0	500.0	8.490470624861379
1	288.5	278.5	41.0	500.0	8.488509266302659
1	481.0	415.5	222.0	500.0	8.488799488166663
1	376.0	362.3	35.0	500.0	8.523636695008445
1	500.0	472.8	245.0	500.0	8.611206536405433
1	500.0	459.5	294.0	500.0	8.65051452706402
1	413.5	361.8	95.0	500.0	8.730940699270937
1	486.0	372.9	98.0	500.0	8.768958560572543
1	442.5	385.0	210.0	500.0	8.79537970944249
1	500.0	438.2	35.0	500.0	8.839416183515974
1	445.0	386.7	61.0	500.0	8.89129296052503
1	446.0	353.8	81.0	500.0	8.828409934382181
1	465.5	405.1	70.0	500.0	8.84794387380722
1	500.0	386.5	41.0	500.0	8.852173416030114
1	431.0	348.9	39.0	500.0	8.913069039879844
1	246.5	305.8	61.0	500.0	8.911076539743508
1	371.0	325.7	65.0	500.0	8.885392544520604
1	500.0	359.3	80.0	500.0	8.870860137901794
1	468.0	413.5	202.0	500.0	8.808621766911378
1	500.0	435.5	229.0	500.0	8.866881373483078
1	369.0	377.8	203.0	500.0	8.888331029718055
1	344.5	334.6	135.0	500.0	8.896747553749186
1	500.0	415.8	201.0	500.0	8.876966572463814
1	356.0	351.1	43.0	500.0	8.874396205390314
1	388.0	321.9	26.0	500.0	8.848525798327564
1	500.0	405.0	163.0	500.0	8.826174828273363
1	371.0	349.6	39.0	500.0	8.828709399244973
1	412.0	383.5	79.0	500.0	8.830647751736583
1	479.5	356.0	51.0	500.0	8.82416280566282
1	500.0	406.7	125.0	500.0	8.84119372629797
1	500.0	428.9	34.0	500.0	8.788695626087954
1	391.5	363.5	168.0	500.0	8.799809426425753
1	435.5	378.3	154.0	500.0	8.798187205179753
1	375.0	367.7	131.0	500.0	8.849019733284045
1	369.5	358.1	133.0	500.0	8.845324822717952
1	354.0	351.1	45.0	500.0	8.866961525604319
1	500.0	423.3	77.0	500.0	8.856595429335778
1	426.0	355.1	117.0	500.0	8.85225688080016
1	288.5	330.9	122.0	500.0	8.859673058846674
1	390.5	348.1	44.0	500.0	8.928037466212649
1	500.0	377.7	24.0	500.0	8.958188561836332
1	490.5	387.9	40.0	500.0	8.910335642464249
1	500.0	400.8	39.0	500.0	8.930769296972315
1	426.5	372.1	59.0	500.0	8.926707657174932
1	500.0	455.1	73.0	500.0	8.957849747756292
1	500.0	407.6	42.0	500.0	8.961584875937275
1	415.5	359.6	92.0	500.0	8.923834683667621
1	485.0	402.7	106.0	500.0	8.939924768681554
1	500.0	474.8	318.0	500.0	9.005485556833497
1	500.0	469.5	340.0	500.0	8.989539639828104
1	483.5	384.3	24.0	500.0	8.973289915046108
1	500.0	401.7	46.0	500.0	8.991828699424428
1	411.0	394.9	61.0	500.0	9.05619811516817
1	388.0	383.6	131.0	500.0	9.06902399251809
1	500.0	445.9	132.0	500.0	9.011878506436954
1	500.0	367.5	62.0	500.0	9.042043429105902
1	379.0	328.0	65.0	500.0	9.00059379922602
1	424.5	356.6	113.0	500.0	8.949821153860992
1	434.5	360.6	114.0	500.0	8.94376826484671
1	279.0	284.7	34.0	500.0	8.949667791455468
1	242.0	309.6	158.0	500.0	9.008459377558422
1	434.5	374.9	107.0	500.0	9.002265768997187
1	444.5	392.2	211.0	500.0	8.92058080819021
1	265.5	300.9	135.0	500.0	8.904491626204749
1	400.0	341.4	41.0	500.0	8.907944161746478
1	500.0	436.7	185.0	500.0	8.96923202208483
1	420.0	355.4	75.0	500.0	9.013818304101418
1	500.0	408.8	99.0	500.0	9.020804333797402
1	432.0	389.1	198.0	500.0	9.061262863081883
1	385.5	376.8	102.0	500.0	9.047992828707704
1	361.0	343.0	34.0	500.0	9.065557128116374
1	500.0	430.5	167.0	500.0	9.027107943050884
1	306.5	355.4	209.0	500.0	8.964619845368263
1	500.0	404.1	136.0	500.0	8.994695892229496
1	492.5	438.7	267.0	500.0	8.956802775685693
1	324.0	345.9	192.0	500.0	8.98035483311656
1	500.0	442.3	115.0	500.0	8.997542472986106
1	500.0	407.7	62.0	500.0	9.040120755078227
1	401.5	405.9	247.0	500.0	8.964341877024166
1	375.5	349.0	49.0	500.0	9.015744333157372
1	444.0	418.6	210.0	500.0	8.912079002353174
1	500.0	418.3	226.0	500.0	8.952240346335124
1	500.0	358.6	27.0	500.0	8.9465194264995
1	447.5	395.6	149.0	500.0	8.918302647233899
1	500.0	387.3	141.0	500.0	8.923366545758416
1	445.0	407.3	185.0	500.0	8.935245059926263
1	500.0	447.9	166.0	500.0	8.916853225072073
1	500.0	390.0	115.0	500.0	8.977096928566496
1	500.0	387.1	91.0	500.0	9.000798361497013
1	467.5	367.9	16.0	500.0	8.925921670989684
1	475.5	411.4	110.0	500.0	8.909589875350267
1	500.0	444.7	228.0	500.0	8.901833794983268
1	478.5	419.0	231.0	500.0	8.86712816758917
1	500.0	443.1	309.0	500.0	8.786053468159235
1	500.0	414.9	123.0	500.0	8.741499597899013
1	475.5	389.3	93.0	500.0	8.699856928775585
1	500.0	426.7	61.0	500.0	8.746896252527693
1	453.5	427.6	237.0	500.0	8.685320104432755
1	381.0	353.1	66.0	500.0	8.680164134184439
1	348.0	314.9	47.0	500.0	8.690001909506806
1	500.0	393.1	39.0	500.0	8.708539083995898
1	396.0	352.8	105.0	500.0	8.730796169507853
1	412.0	335.5	32.0	500.0	8.812555333006202
1	446.0	343.9	28.0	500.0	8.806476126711342
1	339.0	346.3	209.0	500.0	8.781611122392697
1	390.0	375.5	146.0	500.0	8.769798884821356
1	500.0	443.8	227.0	500.0	8.833470787497898
1	500.0	451.5	187.0	500.0	8.842653247472384
1	457.5	393.4	50.0	500.0	8.934644353018914
1	458.0	423.5	135.0	500.0	8.931221584129556
1	500.0	455.5	245.0	500.0	8.903746898512427
1	500.0	428.0	62.0	500.0	8.843430547828932
1	500.0	488.7	387.0	500.0	8.841051045863706
1	500.0	425.5	169.0	500.0	8.877434804850497
1	500.0	434.2	54.0	500.0	8.863593428933553
1	500.0	465.0	306.0	500.0	8.880350327129435
1	500.0	436.7	201.0	500.0	8.921012392697332
1	456.5	381.6	64.0	500.0	8.888791845748248
1	500.0	417.7	206.0	500.0	8.88943201809037
1	416.5	396.5	259.0	500.0	8.859673756974072
1	355.0	355.3	37.0	500.0	8.861984538717513
1	374.0	352.1	82.0	500.0	8.806606376258326
1	491.0	399.5	122.0	500.0	8.834755488670046
1	500.0	442.4	87.0	500.0	8.858104078005258
1	292.5	331.8	134.0	500.0	8.859880403228184
1	500.0	422.0	207.0	500.0	8.858446002135071
1	500.0	408.1	192.0	500.0	8.86439634613082
1	438.5	416.5	267.0	500.0	8.868766820891112
1	500.0	414.0	211.0	500.0	8.868838348127488
1	443.0	392.9	173.0	500.0	8.851172034866549
1	500.0	451.9	294.0	500.0	8.801103347855378
1	500.0	433.8	216.0	500.0	8.872789930907597
1	457.5	337.9	33.0	500.0	8.914166142595073
1	500.0	455.0	241.0	500.0	8.832305504125028
1	500.0	472.0	303.0	500.0	8.811125273343926
1	498.0	392.1	22.0	500.0	8.795332120403318
1	428.5	380.9	14.0	500.0	8.721826485241365
1	500.0	457.7	230.0	500.0	8.703235955394758
1	500.0	463.0	288.0	500.0	8.622388847818502
1	500.0	395.1	11.0	500.0	8.653008759073666
1	500.0	456.0	60.0	500.0	8.604963525275943
1	500.0	443.9	125.0	500.0	8.646435685451575
1	285.5	287.0	55.0	500.0	8.714106668091866
1	459.0	388.5	121.0	500.0	8.701313700116641
1	500.0	493.2	432.0	500.0	8.785218637171461
1	429.0	360.4	44.0	500.0	8.758673576882062
1	500.0	438.5	167.0	500.0	8.776338299071796
1	500.0	418.4	204.0	500.0	8.81816109756478
1	500.0	446.9	139.0	500.0	8.788715446352187
1	433.5	404.1	149.0	500.0	8.803195186215959
1	500.0	478.0	384.0	500.0	8.904866878154591
1	500.0	470.4	350.0	500.0	8.91800424194168
1	500.0	481.8	390.0	500.0	8.988284556579003
1	492.5	395.8	37.0	500.0	8.948768781972165
1	500.0	431.5	50.0	500.0	8.946290178361542
1	426.5	324.0	28.0	500.0	9.028080607917172
1	500.0	444.0	187.0	500.0	9.039717181916894
1	500.0	467.8	287.0	500.0	8.99318901962918
1	500.0	488.2	382.0	500.0	8.967474420524242
1	476.5	416.5	236.0	500.0	8.990042473239715
1	500.0	440.0	73.0	500.0	8.969983951613296
1	313.5	312.1	84.0	500.0	8.917622601329088
1	500.0	494.3	443.0	500.0	8.892496895416345
1	441.0	373.7	189.0	500.0	8.89647182519107
1	360.5	366.4	153.0	500.0	8.940048726020596
1	500.0	471.3	353.0	500.0	8.948738685592053
1	500.0	389.0	27.0	500.0	8.938252053560442
1	479.0	364.2	64.0	500.0	8.994323613326321
1	500.0	465.5	172.0	500.0	8.959809433694664
1	481.5	350.8	75.0	500.0	8.99117948315393
1	315.0	321.1	88.0	500.0	9.002478305720471
1	430.0	407.1	254.0	500.0	9.004438339180988
1	154.0	256.7	105.0	500.0	9.052249209785622
1	494.5	410.5	26.0	500.0	9.06591629115994
1	493.5	391.0	83.0	500.0	8.999337136662849
1	500.0	418.1	76.0	500.0	9.073750913060655
1	500.0	380.2	153.0	500.0	9.013240986750946
1	304.0	296.9	57.0	500.0	9.022073821840856
1	500.0	478.9	339.0	500.0	9.027053904818708
1	500.0	410.5	28.0	500.0	9.000233340813299
1	315.0	344.7	169.0	500.0	9.039104038620776
1	500.0	365.0	132.0	500.0	9.056520202422766
1	500.0	484.1	420.0	500.0	9.083002586915521
1	500.0	419.7	118.0	500.0	9.11526009186223
1	500.0	401.7	38.0	500.0	9.085538124988426
1	500.0	408.1	146.0	500.0	9.0599741021072
1	478.5	350.3	37.0	500.0	9.136389232135668
1	361.5	326.2	57.0	500.0	9.091127536188889
1	500.0	408.7	17.0	500.0	9.089379876270002
1	500.0	449.5	310.0	500.0	9.11227346232548
1	500.0	423.1	241.0	500.0	9.143580094624944
1	362.0	327.1	32.0	500.0	9.148684205960006
1	500.0	394.9	27.0	500.0	9.17098155568754
1	498.5	405.8	139.0	500.0	9.15178008571789
1	403.5	386.3	204.0	500.0	9.135414528060462
1	342.5	367.1	211.0	500.0	9.09189692202309
1	460.5	381.0	111.0	500.0	9.032848737706038
1	500.0	474.9	338.0	500.0	9.056069304796344
1	500.0	436.4	241.0	500.0	9.101441077316903
1	290.5	272.6	14.0	500.0	9.067011005640015
1	423.5	384.2	56.0	500.0	9.100964536169531
1	500.0	351.8	72.0	500.0	9.027735222319057
1	500.0	409.6	136.0	500.0	9.07272003148527
1	398.5	332.9	47.0	500.0	9.067388465901786
1	400.0	357.4	69.0	500.0	9.02753049466334
1	461.5	360.0	105.0	500.0	9.028131303678766
1	328.5	318.6	119.0	500.0	9.003906856939402
1	500.0	446.0	229.0	500.0	9.010534110353348
1	500.0	443.1	176.0	500.0	8.990983593628288
1	500.0	426.4	60.0	500.0	9.054384138393978
1	459.5	367.3	104.0	500.0	9.136680094682642
1	500.0	352.5	44.0	500.0	9.12979766476818
1	500.0	424.8	175.0	500.0	9.165710901058164
1	500.0	397.7	27.0	500.0	9.103407794878425
1	499.0	425.4	185.0	500.0	9.147002799353059
1	496.0	393.4	23.0	500.0	9.184419144947494
1	311.5	315.4	100.0	500.0	9.114456742284906
1	393.0	419.1	322.0	500.0	9.143530002274035
1	497.0	404.9	218.0	500.0	9.112885336356824
1	444.0	378.1	61.0	500.0	9.094258675639406
1	394.0	332.5	45.0	500.0	9.075479223258172
1	500.0	398.2	73.0	500.0	9.007075985075117
1	500.0	419.5	72.0	500.0	8.963416840969046
1	500.0	450.3	192.0	500.0	8.956929093852773
1	275.5	334.4	135.0	500.0	8.912255160444353
1	387.5	324.5	34.0	500.0	8.900256357083448
1	331.5	286.9	38.0	500.0	8.888464072240769
1	375.5	350.6	117.0	500.0	8.805509491174012
1	155.0	205.4	16.0	500.0	8.747047737321608
1	500.0	417.8	216.0	500.0	8.684933682103223
1	478.5	329.2	37.0	500.0	8.628960119859025
1	398.0	310.4	49.0	500.0	8.59234892436712
1	423.5	341.0	21.0	500.0	8.532342059563252
1	461.0	353.5	61.0	500.0	8.500563126157592
1	328.5	357.9	186.0	500.0	8.577859830437301
1	500.0	404.1	79.0	500.0	8.564051682825722
1	413.5	392.9	220.0	500.0	8.525004546359368
1	231.5	272.6	31.0	500.0	8.530707749106453
1	455.5	356.6	41.0	500.0	8.573826335871214
1	306.0	287.7	49.0	500.0	8.583250183458754
1	435.5	355.8	72.0	500.0	8.577198354358687
1	387.0	331.8	15.0	500.0	8.635427846624674
1	500.0	393.7	70.0	500.0	8.618810455428159
1	462.5	381.7	121.0	500.0	8.583343023414887
1	170.0	234.8	31.0	500.0	8.64482132778098
1	500.0	446.8	137.0	500.0	8.66392368956061
1	500.0	414.6	34.0	500.0	8.689223416161457
1	500.0	436.0	156.0	500.0	8.713714492979374
1	500.0	439.0	313.0	500.0	8.7473497530667
1	335.5	322.0	79.0	500.0	8.72327336097652
1	336.0	327.9	46.0	500.0	8.716564405006617
1	347.5	312.3	12.0	500.0	8.701405398764335
1	500.0	388.0	55.0	500.0	8.701055810350333
1	391.0	360.2	125.0	500.0	8.70980409483977
1	351.0	311.2	61.0	500.0	8.73694211639171
1	420.0	348.4	40.0	500.0	8.656367439021402
1	320.0	329.0	106.0	500.0	8.677053679562091
1	456.5	367.5	91.0	500.0	8.681562957172318
1	411.5	358.3	41.0	500.0	8.726192436077719
1	433.5	370.3	53.0	500.0	8.662958067456058
1	500.0	410.2	47.0	500.0	8.653773742556682
1	500.0	426.3	102.0	500.0	8.68392539182869
1	263.5	267.0	77.0	500.0	8.680972227280437
1	168.5	244.7	43.0	500.0	8.709757354982386
1	414.0	335.8	35.0	500.0	8.750458859966757
1	369.5	349.8	57.0	500.0	8.792539674469776
1	294.5	271.0	35.0	500.0	8.790787035362204
1	152.5	225.0	41.0	500.0	8.712541486822596
1	467.5	390.9	89.0	500.0	8.684207864988347
1	207.5	277.2	57.0	500.0	8.668822821587408
1	278.0	288.0	55.0	500.0	8.68422338793732
1	104.0	171.9	50.0	500.0	8.698561686165263
1	282.5	318.5	102.0	500.0	8.684959590388896
1	202.5	239.0	57.0	500.0	8.64266837188664
1	129.0	231.0	70.0	500.0	8.680344496188935
1	165.0	216.5	56.0	500.0	8.66949431663265
1	89.5	211.2	21.0	500.0	8.70301948822638
1	175.5	232.8	42.0	500.0	8.674587067779376
1	250.5	281.3	93.0	500.0	8.640737619606194
1	231.5	201.8	32.0	500.0	8.639955191153794
1	301.0	316.3	59.0	500.0	8.604431204504632
1	320.5	319.2	27.0	500.0	8.61526745280753
1	291.5	273.5	34.0	500.0	8.582823588884278
1	497.5	360.6	100.0	500.0	8.568745017678445
1	500.0	349.3	69.0	500.0	8.529202373566353
1	215.5	282.2	60.0	500.0	8.530274066835688
1	241.0	279.3	88.0	500.0	8.552119062839925
1	314.0	306.1	57.0	500.0	8.549993560897356
1	216.0	246.8	59.0	500.0	8.601777900303977
1	364.5	333.0	37.0	500.0	8.54137409036181
1	221.0	250.8	68.0	500.0	8.497115465606276
1	347.5	326.9	73.0	500.0	8.467078191966419
1	338.5	333.6	57.0	500.0	8.4749013785422
1	310.0	323.2	87.0	500.0	8.439666404549534
1	201.0	277.2	46.0	500.0	8.433432195283679
1	202.5	244.4	83.0	500.0	8.432479963162756
1	358.5	353.3	67.0	500.0	8.409399492406525
1	474.5	409.2	155.0	500.0	8.361515532567635
1	484.0	380.9	146.0	500.0	8.384397891178713
1	310.0	300.1	16.0	500.0	8.395671560314149
1	417.5	389.5	75.0	500.0	8.339814266720309
1	463.5	427.1	233.0	500.0	8.298475726299749
1	188.5	221.9	36.0	500.0	8.315679162929868
1	479.5	445.4	313.0	500.0	8.260009603417913
1	431.0	374.9	128.0	500.0	8.265591965661976
1	500.0	383.5	116.0	500.0	8.271725150511903
1	369.5	355.8	193.0	500.0	8.244050760693957
1	488.5	376.1	79.0	500.0	8.242004615816814
1	366.0	329.4	78.0	500.0	8.273152572305147
1	300.0	332.0	150.0	500.0	8.268758840266118
1	187.5	271.6	30.0	500.0	8.27892708806767
1	500.0	420.3	220.0	500.0	8.286615165575249
1	399.0	377.6	97.0	500.0	8.229357131587763
1	459.5	385.1	67.0	500.0	8.202318356737191
1	276.5	292.2	38.0	500.0	8.172958536602403
1	318.0	317.6	75.0	500.0	8.184589335933712
1	347.5	307.8	48.0	500.0	8.167559297433835
1	350.5	322.2	41.0	500.0	8.128316074086605
1	358.5	296.6	43.0	500.0	8.177696847709448
1	500.0	419.4	38.0	500.0	8.225197480925473
1	272.5	310.7	39.0	500.0	8.294088420342293
1	407.5	339.5	34.0	500.0	8.284628337716157
1	500.0	424.2	30.0	500.0	8.292008430627355
1	258.5	294.5	115.0	500.0	8.309358609574762
1	500.0	364.8	109.0	500.0	8.325395215754508
1	337.5	308.1	29.0	500.0	8.321439777141482
1	500.0	403.7	85.0	500.0	8.360955457371453
1	464.0	404.8	175.0	500.0	8.37285440267535
1	428.5	402.2	145.0	500.0	8.332184112920482
1	476.0	409.0	22.0	500.0	8.382663566954125
1	415.0	355.2	76.0	500.0	8.387865517701217
1	500.0	435.7	281.0	500.0	8.376663985122988
1	249.0	260.7	38.0	500.0	8.303946441340814
1	273.0	320.5	50.0	500.0	8.352125387072766
1	270.5	312.4	139.0	500.0	8.41562902693461
1	309.0	314.8	74.0	500.0	8.427828166763188
1	402.0	335.5	73.0	500.0	8.426506347879194
1	393.0	344.0	76.0	500.0	8.389399678629399
1	397.0	349.4	62.0	500.0	8.402025196234353
1	500.0	383.9	118.0	500.0	8.428364751218012
1	262.5	266.1	20.0	500.0	8.42275762995354
1	271.0	285.9	58.0	500.0	8.40893648092463
1	490.5	412.1	154.0	500.0	8.403089857648743
1	481.5	390.2	86.0	500.0	8.369793993457865
1	211.5	246.2	64.0	500.0	8.35151310361505
1	486.0	393.5	110.0	500.0	8.387662085668776
1	341.0	320.0	72.0	500.0	8.402690915918019
1	269.5	308.3	68.0	500.0	8.440063767069754
1	488.5	379.9	127.0	500.0	8.426819094985943
1	452.0	380.4	114.0	500.0	8.438818211433535
1	360.0	359.1	207.0	500.0	8.443732353742789
1	168.5	195.2	49.0	449.0	8.43481792187297
1	374.5	300.1	47.0	500.0	8.452522735402534
1	260.5	278.9	133.0	500.0	8.525188174109998
1	312.5	294.1	34.0	500.0	8.51820774447323
1	200.0	228.3	46.0	500.0	8.524545612823161
1	250.0	231.1	26.0	500.0	8.485256291060818
1	319.5	325.7	106.0	500.0	8.572963389318755
1	182.5	257.3	41.0	500.0	8.581288440602531
1	198.0	255.4	41.0	500.0	8.614465959816311
1	366.5	353.4	90.0	500.0	8.649877413313801
1	288.5	317.1	33.0	500.0	8.678100144099265
1	453.5	394.3	129.0	500.0	8.689267804558602
1	430.5	369.5	58.0	500.0	8.732951237496026
1	418.0	370.6	75.0	500.0	8.8163497965523
1	273.5	266.1	104.0	500.0	8.869000653714219
1	370.5	366.5	173.0	500.0	8.827929786979835
1	242.0	256.7	85.0	457.0	8.829862808167013
1	175.5	221.0	42.0	500.0	8.81897252562822
1	251.0	297.8	97.0	500.0	8.826856162202594
1	270.0	282.0	26.0	500.0	8.859184486109198
1	254.5	260.3	54.0	500.0	8.818452434978134
1	318.0	329.6	42.0	500.0	8.827452824430981
1	335.0	317.2	90.0	500.0	8.870380709649192
1	350.0	334.9	46.0	500.0	8.859303080436508
1	361.0	317.2	60.0	500.0	8.892892345565308
1	212.0	232.7	39.0	449.0	8.915068910093508
1	222.0	267.3	50.0	500.0	8.931793476370387
1	385.5	339.1	35.0	500.0	8.868552045583929
1	471.0	422.4	173.0	500.0	8.893729200007193
1	384.5	368.5	119.0	500.0	8.905837497548854
1	168.0	243.3	22.0	500.0	8.83623792222459
1	257.5	267.4	38.0	500.0	8.906282315193184
1	437.0	365.6	56.0	500.0	8.85816018004897
1	402.5	336.7	22.0	500.0	8.848169267991047
1	470.0	368.4	137.0	500.0	8.831540366469197
1	356.0	299.3	44.0	500.0	8.848541456639483
1	397.5	374.2	106.0	500.0	8.829901275703275
1	307.5	310.4	33.0	500.0	8.803101424711468
1	388.5	312.7	34.0	500.0	8.8208482626176
1	353.0	338.8	32.0	500.0	8.838630376611578
1	420.5	363.2	72.0	500.0	8.841361768888124
1	363.5	329.0	87.0	500.0	8.783513222279868
1	362.5	303.6	48.0	500.0	8.746737891388936
1	338.5	317.1	71.0	500.0	8.6808007545149
1	344.5	315.5	58.0	500.0	8.678775755095327
1	336.0	304.2	34.0	500.0	8.697655014440002
1	358.5	330.2	84.0	500.0	8.6542269394663
1	387.0	359.8	47.0	500.0	8.643291294826438
1	367.0	304.5	78.0	500.0	8.654697681920196
1	500.0	454.0	243.0	500.0	8.672820211641096
1	189.0	222.6	103.0	500.0	8.700002589663931
1	445.5	366.6	69.0	500.0	8.674292506350298
1	277.5	312.5	48.0	500.0	8.669593594869385
1	360.0	321.4	50.0	500.0	8.716556635808566
1	365.5	348.0	76.0	500.0	8.75400597029321
1	376.0	326.9	117.0	500.0	8.599981643791068
1	404.0	362.3	106.0	500.0	8.621531251333382
1	500.0	376.4	37.0	500.0	8.638117062867952
1	274.0	302.6	36.0	500.0	8.61082189897823
1	500.0	410.9	205.0	500.0	8.611819339792982
1	399.5	337.3	60.0	500.0	8.677979750413657
1	264.0	258.5	27.0	500.0	8.674750583771681
1	398.0	344.2	87.0	500.0	8.698822204762994
1	385.0	344.4	81.0	500.0	8.627753453536746
1	168.0	213.6	32.0	500.0	8.649280688769418
1	294.5	285.3	35.0	500.0	8.678867954306881
1	367.5	355.9	108.0	500.0	8.690047379650546
1	375.5	334.6	70.0	500.0	8.651496529225328
1	334.0	336.3	88.0	500.0	8.641280202754068
1	500.0	427.4	201.0	500.0	8.701835678873135
1	405.0	367.6	108.0	500.0	8.662290007706337
1	358.5	359.7	93.0	500.0	8.68904727332263
1	293.5	319.5	51.0	500.0	8.710260378506504
1	372.5	364.8	99.0	500.0	8.73548188158662
1	315.5	296.4	66.0	500.0	8.775710463162794
1	500.0	416.1	198.0	500.0	8.774296432079042
1	500.0	360.6	12.0	500.0	8.762806509160155
1	472.0	387.6	38.0	500.0	8.77849257063254
1	500.0	409.1	164.0	500.0	8.803674230344491
1	484.5	421.4	270.0	500.0	8.703088297775434
1	345.0	339.1	119.0	500.0	8.65502736805658
1	317.0	322.9	70.0	500.0	8.670103096494802
1	445.5	422.5	246.0	500.0	8.668784582558077
1	208.0	252.4	30.0	500.0	8.665981954515395
1	500.0	377.8	151.0	500.0	8.676293461845129
1	500.0	431.1	53.0	500.0	8.64601151773258
1	500.0	448.7	66.0	500.0	8.749742598979102
1	500.0	473.3	267.0	500.0	8.679688128553463
1	447.0	391.8	136.0	500.0	8.632432403058214
1	452.5	373.5	94.0	500.0	8.698397139338255
1	500.0	442.6	246.0	500.0	8.689132929677282
1	500.0	429.6	35.0	500.0	8.68365628102261
1	500.0	480.7	377.0	500.0	8.730515876694637
1	421.5	388.0	187.0	500.0	8.662407770439813
1	482.5	428.3	281.0	500.0	8.661271081683791
1	423.5	381.1	81.0	500.0	8.634982344343976
1	500.0	407.7	98.0	500.0	8.62962010186448
1	490.5	390.1	130.0	500.0	8.638345679920711
1	500.0	389.4	147.0	500.0	8.641901769183477
1	411.5	383.5	184.0	500.0	8.630861124536507
1	378.0	332.3	44.0	500.0	8.644548630685764
1	455.0	378.7	131.0	500.0	8.682620945487347
1	437.5	356.1	93.0	500.0	8.676427760330856
1	500.0	401.4	60.0	500.0	8.673399256708896
1	373.5	327.2	30.0	500.0	8.653025252785245
1	320.0	329.7	79.0	500.0	8.66387969235456
1	391.5	338.0	27.0	500.0	8.549633333665943
1	474.5	390.6	103.0	500.0	8.551553634491746
1	379.0	336.8	128.0	500.0	8.595908532040179
1	377.5	362.1	129.0	500.0	8.55471187965571
1	500.0	417.9	184.0	500.0	8.536602166985647
1	452.0	387.8	63.0	500.0	8.581396272030657
1	500.0	372.3	29.0	500.0	8.640697361947835
1	500.0	416.4	88.0	500.0	8.648259252437901
1	418.0	343.7	75.0	500.0	8.6237821655894
1	500.0	413.3	160.0	500.0	8.678081338527347
1	490.5	377.3	85.0	500.0	8.722951421341111
1	318.0	339.4	185.0	500.0	8.743504335397093
1	435.0	358.5	31.0	500.0	8.811540376712601
1	291.5	285.0	41.0	500.0	8.849606412180709
1	337.5	343.4	81.0	500.0	8.901444038388957
1	353.0	315.2	43.0	500.0	8.903396178337067
1	309.5	328.8	58.0	500.0	8.89189431791784
1	262.5	313.6	101.0	500.0	8.86313441119045
1	423.0	347.5	109.0	500.0	8.750483082324905
1	368.5	369.5	160.0	500.0	8.706653948697234
1	463.0	415.0	145.0	500.0	8.74762614358566
1	466.0	370.5	165.0	500.0	8.714391020689126
1	500.0	443.9	200.0	500.0	8.72421928885454
1	454.5	379.6	165.0	500.0	8.617511781558566
1	482.0	419.8	209.0	500.0	8.688095897123382
1	500.0	408.0	112.0	500.0	8.625352920423744
1	356.5	318.6	38.0	500.0	8.630756180306355
1	500.0	414.8	165.0	500.0	8.54712710056301
1	460.5	352.7	56.0	500.0	8.547035526704612
1	307.0	317.1	46.0	500.0	8.497694979935249
1	500.0	419.2	173.0	500.0	8.556880298796385
1	500.0	468.9	338.0	500.0	8.503937537350561
1	291.5	314.6	69.0	500.0	8.460414650445733
1	496.5	361.8	24.0	500.0	8.540592368601835
1	500.0	434.7	173.0	500.0	8.542179303242794
1	500.0	436.8	223.0	500.0	8.569514914392624
1	500.0	419.7	257.0	500.0	8.584975456352943
1	383.0	357.2	93.0	500.0	8.59955964125377
1	500.0	428.1	131.0	500.0	8.531031040501833
1	441.5	358.8	88.0	500.0	8.555687952877037
1	500.0	448.0	223.0	500.0	8.560916195811307
1	493.0	436.8	269.0	500.0	8.574429756331
1	500.0	446.3	314.0	500.0	8.568049930183843
1	500.0	446.7	257.0	500.0	8.562832238314531
1	500.0	440.4	271.0	500.0	8.50120712151038
1	500.0	450.3	299.0	500.0	8.45834468112477
1	500.0	443.1	192.0	500.0	8.448720554661783
1	500.0	457.0	70.0	500.0	8.433595378380495
1	500.0	429.6	139.0	500.0	8.41801162204897
1	500.0	467.4	347.0	500.0	8.414715412845855
1	500.0	419.2	46.0	500.0	8.433492031987583
1	500.0	409.0	90.0	500.0	8.492156334249627
1	500.0	478.6	329.0	500.0	8.519597033759812
1	500.0	434.5	128.0	500.0	8.533688245045973
1	400.5	370.2	182.0	500.0	8.464232022139297
1	451.5	412.5	205.0	500.0	8.500562005699214
1	467.0	404.2	181.0	500.0	8.510206463722566
1	371.5	350.9	121.0	500.0	8.4977912813001
1	500.0	452.9	278.0	500.0	8.463819539862866
1	500.0	464.6	307.0	500.0	8.475499064466804
1	470.0	446.3	325.0	500.0	8.46429828646404
1	500.0	435.4	276.0	500.0	8.398094329497061
1	500.0	475.0	331.0	500.0	8.41278329838738
1	500.0	415.9	55.0	500.0	8.387787828068324
1	500.0	431.9	190.0	500.0	8.373854847303292
1	500.0	446.8	184.0	500.0	8.44499063701855
1	452.5	387.3	198.0	500.0	8.466004507201607
1	440.0	365.0	85.0	500.0	8.457078379324395
1	458.5	415.5	243.0	500.0	8.426167485909163
1	315.5	331.1	55.0	500.0	8.35381759311204
1	338.0	352.2	161.0	500.0	8.384426755346594
1	382.5	375.0	191.0	500.0	8.369458909867557
1	426.0	359.5	62.0	500.0	8.414035373594063
1	500.0	482.6	373.0	500.0	8.402313083195954
1	405.5	389.3	110.0	500.0	8.40116929600988
1	500.0	413.0	101.0	500.0	8.404504124222678
1	500.0	460.4	229.0	500.0	8.369387380521369
1	398.0	352.7	102.0	500.0	8.394152487070748
1	500.0	404.4	133.0	500.0	8.416813304762583
1	353.5	360.1	206.0	500.0	8.454748858682601
1	500.0	427.8	48.0	500.0	8.474704668773807
1	478.0	368.4	43.0	500.0	8.543022505512347
1	413.5	365.3	68.0	500.0	8.533748557464406
1	500.0	422.7	172.0	500.0	8.535222553282916
1	252.5	290.7	66.0	500.0	8.548302719334144
1	471.0	405.7	113.0	500.0	8.529793815394044
1	410.5	347.1	80.0	500.0	8.507326975567228
1	488.0	422.9	219.0	500.0	8.497931681230295
1	473.5	417.2	247.0	500.0	8.464009166968516
1	500.0	473.9	276.0	500.0	8.494480609239691
1	205.0	252.1	56.0	500.0	8.45480470188327
1	350.5	359.1	181.0	500.0	8.439610072653267
1	269.0	282.6	65.0	500.0	8.459585412000058
1	500.0	477.6	276.0	500.0	8.416166893085148
1	393.0	370.2	137.0	500.0	8.403629240404625
1	414.5	382.9	100.0	500.0	8.41169453370727
1	500.0	467.5	297.0	500.0	8.382635758583902
1	482.0	373.6	32.0	500.0	8.425662699320656
1	500.0	403.7	43.0	500.0	8.47893186195467
1	454.5	414.7	210.0	500.0	8.47845436264785
1	306.5	320.1	122.0	500.0	8.430403023357956
1	500.0	399.7	107.0	500.0	8.404696905607107
1	407.0	358.6	35.0	500.0	8.381228433934213
1	500.0	403.0	107.0	500.0	8.384461281869934
1	305.0	329.1	181.0	500.0	8.412169364929575
1	500.0	375.4	106.0	500.0	8.438393413963622
1	335.0	335.4	137.0	500.0	8.521204114674912
1	500.0	496.7	467.0	500.0	8.551321755549274
1	425.5	378.7	172.0	500.0	8.59403639022149
1	432.5	374.6	76.0	500.0	8.594141221795473
1	440.0	380.2	109.0	500.0	8.55893464748786
1	448.5	411.9	231.0	500.0	8.611385269055885
1	500.0	433.1	173.0	500.0	8.624078290043412
1	500.0	374.8	103.0	500.0	8.635459475722831
1	456.5	405.5	168.0	500.0	8.639621762673197
1	500.0	408.2	204.0	500.0	8.622151569156246
1	500.0	468.6	300.0	500.0	8.661245376475652
1	371.0	351.9	77.0	500.0	8.690128926615934
1	500.0	424.9	176.0	500.0	8.728938362251636
1	410.5	367.0	52.0	500.0	8.784159767577835
1	277.5	305.3	67.0	500.0	8.868124808804344
1	302.0	310.7	110.0	500.0	8.89979351085518
1	452.5	359.5	76.0	500.0	8.940893456961591
1	500.0	365.9	28.0	500.0	8.930352517302644
1	472.5	405.7	183.0	500.0	8.897261899168702
1	480.5	440.6	185.0	500.0	8.788429422551133
1	500.0	427.5	91.0	500.0	8.818855743672014
1	500.0	399.6	110.0	500.0	8.886574494437118
1	500.0	387.5	55.0	500.0	8.89691109622148
1	411.5	374.0	123.0	500.0	8.878450052666466
1	497.5	344.2	56.0	500.0	8.854517792701573
1	357.0	336.2	49.0	500.0	8.8994544312568
1	451.0	407.4	225.0	500.0	8.903362149998214
1	500.0	420.3	189.0	500.0	8.749008571821259
1	459.5	404.0	185.0	500.0	8.736453826958375
1	500.0	415.8	108.0	500.0	8.756378279587091
1	303.5	292.9	121.0	473.0	8.789636299204995
1	452.0	403.7	181.0	500.0	8.763677773830478
1	465.0	403.3	102.0	500.0	8.765769020834014
1	500.0	444.6	169.0	500.0	8.762572814745056
1	425.5	381.9	227.0	500.0	8.842867567023642
1	475.5	421.8	185.0	500.0	8.875064591662316
1	493.5	402.7	125.0	500.0	8.90965611137212
1	500.0	458.4	84.0	500.0	8.82561338717023
1	500.0	465.8	191.0	500.0	8.784977760098322
1	500.0	407.4	184.0	500.0	8.764799369381699
1	476.5	346.2	16.0	500.0	8.81882553373112
1	463.0	394.6	152.0	500.0	8.77327461733402
1	469.5	418.8	259.0	500.0	8.787659066370214
1	500.0	394.0	33.0	500.0	8.734529445359966
1	298.0	315.3	57.0	500.0	8.725380923509015
1	345.0	332.5	84.0	500.0	8.74347340130523
1	397.0	395.7	243.0	500.0	8.766587841743275
1	374.0	326.8	48.0	500.0	8.722232725076573
1	439.0	417.6	221.0	500.0	8.675405720741603
1	374.0	371.8	195.0	500.0	8.65911458166278
1	500.0	454.5	169.0	500.0	8.653570812966919
1	466.0	393.3	179.0	500.0	8.681166183884972
1	405.5	361.7	135.0	500.0	8.617708737746826
1	430.5	359.4	64.0	500.0	8.607116056387827
1	409.0	363.2	110.0	500.0	8.643274053535148
1	473.5	414.1	150.0	500.0	8.663144062130263
1	432.0	376.6	63.0	500.0	8.624905670592137
1	473.5	387.7	53.0	500.0	8.525710114444841
1	439.5	383.7	42.0	500.0	8.508426203316994
1	500.0	439.6	262.0	500.0	8.462035361750669
1	497.0	407.5	92.0	500.0	8.518930174768835
1	368.0	366.3	234.0	500.0	8.535002714270636
1	464.0	398.3	130.0	500.0	8.518986287312249
1	500.0	440.4	214.0	500.0	8.516857451165022
1	393.0	362.9	75.0	500.0	8.514959664983039
1	307.5	336.4	161.0	500.0	8.469864057742946
1	500.0	423.0	179.0	500.0	8.41848738162301
1	280.5	314.6	125.0	500.0	8.470097825093989
1	336.0	355.1	123.0	500.0	8.500059698443978
1	500.0	446.9	231.0	500.0	8.507914653243242
1	379.5	339.8	97.0	500.0	8.485091056605336
1	410.0	393.0	251.0	500.0	8.459076574392
1	365.5	331.0	51.0	500.0	8.494899940564567
1	235.0	271.0	24.0	500.0	8.527773270972107
1	351.5	309.5	50.0	500.0	8.508287508319366
1	426.0	387.4	114.0	500.0	8.49694368545958
1	369.0	354.6	81.0	500.0	8.48903275867394
1	490.5	387.7	139.0	500.0	8.517413066185346
1	453.5	363.5	61.0	500.0	8.504635344563974
1	486.5	411.1	148.0	500.0	8.508270293861596
1	279.5	315.2	110.0	500.0	8.48598543071497
1	445.0	385.6	70.0	500.0	8.483033270749623
1	401.0	386.9	209.0	500.0	8.538509392987631
1	455.5	394.7	157.0	500.0	8.466819197386679
1	467.0	387.6	199.0	500.0	8.421874636655676
1	384.0	349.4	78.0	500.0	8.485225985768379
1	460.0	394.1	104.0	500.0	8.552641134450692
1	414.0	355.8	137.0	500.0	8.54907315659905
1	297.0	359.8	237.0	500.0	8.543084602309445
1	480.0	436.8	316.0	500.0	8.524227329333916
1	485.0	440.0	295.0	500.0	8.54144714899135
1	410.0	395.7	198.0	500.0	8.51881201306724
1	500.0	463.7	299.0	500.0	8.521119275030852
1	500.0	434.9	267.0	500.0	8.585135615627806
1	369.0	333.4	78.0	500.0	8.659187873534236
1	497.0	425.3	191.0	500.0	8.685753744699884
1	500.0	465.9	159.0	500.0	8.677605196873374
1	406.0	376.7	81.0	500.0	8.702633526741844
1	360.5	346.6	157.0	500.0	8.624346865951555
1	484.0	414.9	234.0	500.0	8.642243753739827
1	431.0	375.5	42.0	500.0	8.578407546450617
1	462.0	385.9	54.0	500.0	8.639624012850204
1	447.5	402.3	204.0	500.0	8.62336469151687
1	329.5	370.1	289.0	500.0	8.574957148175152
1	500.0	454.4	245.0	500.0	8.574342471718634
1	467.5	404.9	199.0	500.0	8.63039823277505
1	382.0	366.4	216.0	500.0	8.69664475466279
1	414.5	366.9	176.0	500.0	8.716127356508391
1	255.0	245.2	91.0	447.0	8.686367180538081
1	500.0	382.0	65.0	500.0	8.74189529326543
1	463.0	433.8	284.0	500.0	8.70032688491462
1	353.0	297.6	58.0	500.0	8.68756493175156
1	500.0	479.3	293.0	500.0	8.62823731640314
1	500.0	415.7	60.0	500.0	8.641960909879288
1	498.0	439.6	292.0	500.0	8.6337556897471
1	470.0	452.6	335.0	500.0	8.646933779060356
1	389.0	349.2	111.0	500.0	8.639745437139549
1	500.0	419.7	152.0	500.0	8.712775005162921
1	468.5	438.0	317.0	500.0	8.697578358467005
1	500.0	422.5	188.0	500.0	8.628729932161065
1	447.0	391.7	165.0	500.0	8.613327416681024
1	462.5	395.5	174.0	500.0	8.616457796227
1	500.0	387.4	102.0	500.0	8.58445263214735
1	303.5	289.6	134.0	444.0	8.575133242343318
1	332.0	311.2	59.0	500.0	8.654748497849337
1	500.0	445.6	116.0	500.0	8.63375434737133
1	454.5	410.7	267.0	500.0	8.62471038461826
1	376.0	346.0	147.0	500.0	8.566344129027396
1	500.0	412.8	164.0	500.0	8.583232702701379
1	404.0	331.0	18.0	500.0	8.53316069850462
1	420.5	371.7	87.0	500.0	8.515732956536432
1	330.0	303.3	87.0	500.0	8.479182333792256
1	500.0	429.6	242.0	500.0	8.49572791078678
1	246.5	258.3	14.0	500.0	8.494965049662751
1	429.0	391.1	142.0	500.0	8.442092726943354
1	400.0	371.5	121.0	500.0	8.467867154174513
1	413.5	360.5	32.0	500.0	8.445298206603084
1	473.0	375.1	70.0	500.0	8.434550303332754
1	346.0	335.6	90.0	500.0	8.452493966732936
1	500.0	394.1	85.0	500.0	8.439630295467918
1	500.0	428.8	257.0	500.0	8.469335583777188
1	430.5	385.3	168.0	500.0	8.39890859477338
1	330.0	325.9	144.0	500.0	8.36513487725359
1	487.0	380.3	145.0	500.0	8.421349245744524
1	500.0	427.5	236.0	500.0	8.336533483065313
1	454.0	368.0	105.0	500.0	8.343698666127398
1	327.0	306.9	43.0	500.0	8.397863180611123
1	239.0	306.1	151.0	500.0	8.3504315846569
1	300.0	300.1	80.0	500.0	8.395906827918857
1	354.0	356.4	115.0	500.0	8.390104539669824
1	471.5	427.5	193.0	500.0	8.422956990836814
1	485.0	400.6	129.0	500.0	8.444004223388033
1	500.0	436.1	211.0	500.0	8.502619307389041
1	500.0	424.3	64.0	500.0	8.507387035832911
1	422.0	367.0	60.0	500.0	8.516916138179633
1	487.0	406.0	159.0	500.0	8.471990472648356
1	314.5	282.4	48.0	500.0	8.467650842456086
1	500.0	437.3	201.0	500.0	8.487594039265023
1	270.5	278.1	51.0	500.0	8.447894698113624
1	394.5	369.4	140.0	500.0	8.42330142752671
1	425.0	370.4	57.0	500.0	8.386098258025058
1	500.0	384.3	42.0	500.0	8.421885573562294
1	500.0	391.0	141.0	500.0	8.397557515372409
1	450.0	423.2	268.0	500.0	8.362598212799591
1	500.0	449.7	227.0	500.0	8.364176271909292
1	500.0	417.2	62.0	500.0	8.458124779363363
1	500.0	392.3	81.0	500.0	8.48387569545201
1	495.5	376.0	53.0	500.0	8.464536546610553
1	276.5	274.1	41.0	500.0	8.443495351016864
1	486.0	436.7	295.0	500.0	8.432912468058753
1	472.0	387.0	90.0	500.0	8.399252399481599
1	290.0	301.4	24.0	500.0	8.373198057248883
1	376.0	371.4	204.0	500.0	8.374484188622828
1	500.0	434.1	169.0	500.0	8.376569553319015
1	500.0	431.3	205.0	500.0	8.35562374570614
1	470.0	377.9	94.0	500.0	8.414325920069897
1	425.0	360.4	131.0	500.0	8.474528050652701
1	382.0	382.3	108.0	500.0	8.458314252721099
1	500.0	388.7	151.0	500.0	8.513187469799632
1	500.0	448.1	202.0	500.0	8.47130670935062
1	492.0	395.4	28.0	500.0	8.43942390670013
1	453.5	345.8	49.0	500.0	8.476854116566019
1	403.0	363.8	133.0	500.0	8.467717068375435
1	353.5	316.1	65.0	500.0	8.496464877116125
1	264.5	297.7	53.0	500.0	8.468853075219604
1	492.5	426.1	189.0	500.0	8.45817454633783
1	441.5	398.4	234.0	500.0	8.437313235917594
1	245.5	286.1	39.0	500.0	8.377717327123364
1	500.0	408.1	42.0	500.0	8.398475185515226
1	500.0	390.8	95.0	500.0	8.421123841809113
1	384.5	326.9	42.0	500.0	8.421985273566925
1	426.0	383.2	108.0	500.0	8.463063502373004
1	500.0	404.8	93.0	500.0	8.518301530821313
1	446.0	383.7	170.0	500.0	8.450549391994768
1	369.0	344.5	52.0	500.0	8.446257213907382
1	500.0	456.9	279.0	500.0	8.444687148605906
1	486.5	460.1	367.0	500.0	8.442272158724185
1	500.0	435.5	210.0	500.0	8.48711637654782
1	475.0	384.8	103.0	500.0	8.442002583500747
1	493.5	415.7	67.0	500.0	8.415395981036148
1	449.0	385.0	87.0	500.0	8.389063365181974
1	435.5	428.6	303.0	500.0	8.340797744696097
1	386.5	358.9	132.0	500.0	8.369044806504485
1	500.0	407.0	220.0	500.0	8.335058435655208
1	482.5	386.4	84.0	500.0	8.277865577813797
1	314.0	290.2	40.0	500.0	8.265807626009451
1	500.0	380.4	41.0	500.0	8.26866416680535
1	380.5	358.8	104.0	500.0	8.215985741418764
1	433.5	351.8	91.0	500.0	8.244263369114018
1	407.0	349.4	25.0	500.0	8.276951006809414
1	434.5	365.8	121.0	500.0	8.32242042480717
1	339.0	323.3	82.0	500.0	8.291938277531434
1	500.0	410.7	112.0	500.0	8.311149541683083
1	487.5	360.9	86.0	500.0	8.235240931617675
1	288.0	313.1	65.0	500.0	8.18394834766015
1	500.0	455.4	269.0	500.0	8.208015559470146
1	500.0	426.0	181.0	500.0	8.179861985506966
1	436.5	386.1	103.0	500.0	8.150129618089068
