5	292.9	316.41999999999996	184.0	497.6	8.504579116110241
5	433.9	417.0	269.2	500.0	8.510995336641349
5	385.7	361.64	181.4	481.8	8.514974812909164
5	376.0	382.22	300.8	461.8	8.526622912976515
5	445.1	391.82	215.6	485.6	8.529905153749274
5	345.1	359.84000000000003	270.8	448.6	8.521235234027058
5	450.1	446.66	345.6	500.0	8.514134909309066
5	460.0	408.66	274.2	500.0	8.52752674131849
5	426.79999999999995	414.76000000000005	303.8	500.0	8.528078695503922
5	443.6	405.15999999999997	194.4	500.0	8.532617100738566
5	483.6	455.7	331.4	500.0	8.531296818264314
5	427.29999999999995	434.2	353.4	500.0	8.556098425675016
5	433.1	438.76000000000005	305.2	500.0	8.55206168253727
5	440.4	438.82000000000005	368.6	500.0	8.54193994438362
5	482.1	452.21999999999997	326.2	500.0	8.555496894948366
5	399.79999999999995	404.48	299.6	500.0	8.568975894654473
5	440.0	432.34	292.4	500.0	8.564749403945738
5	419.5	410.41999999999996	332.6	448.2	8.57319730070135
5	420.1	408.62	265.0	500.0	8.5751811330542
5	383.29999999999995	380.78	247.4	500.0	8.578030857684023
5	388.2	388.43999999999994	259.4	500.0	8.580243157382569
5	371.0	355.19999999999993	232.4	414.0	8.572601335824077
5	395.3	375.7	225.0	475.2	8.577968625422027
5	371.6	364.14	155.6	500.0	8.565496868803873
5	444.4	422.82000000000005	254.8	500.0	8.567596727031232
5	426.7	418.9799999999999	287.8	500.0	8.551167388615461
5	491.8	460.88	312.8	500.0	8.56497324309948
5	426.3	436.16	355.6	500.0	8.555362521344195
5	399.2	384.02	240.8	485.6	8.56034645562012
5	438.3	428.16	319.8	500.0	8.560542592606824
5	415.3	424.0	320.6	500.0	8.55349812220637
5	458.4	451.86	365.6	500.0	8.566747452440609
5	438.6	446.46000000000004	382.8	500.0	8.556375933422425
5	423.3	436.73999999999995	328.8	500.0	8.560035385803882
5	481.4	451.3	356.6	500.0	8.56654175029402
5	492.5	473.0	407.0	500.0	8.557903674664457
5	468.9	449.71999999999997	320.4	500.0	8.557603221157395
5	500.0	483.34	445.6	500.0	8.547921671353315
5	475.1	463.48	404.4	500.0	8.542983737402118
5	462.3	457.38	410.6	500.0	8.546740229208428
5	436.5	446.16	359.4	500.0	8.55674228919344
5	467.6	453.34	383.0	500.0	8.55401302994502
5	455.1	447.2	307.6	500.0	8.551631969824877
5	499.3	448.34000000000003	288.6	500.0	8.555671880476293
5	500.0	442.28000000000003	147.6	500.0	8.55874867251265
5	480.0	447.82000000000005	303.4	500.0	8.568668495630593
5	459.5	462.52	420.4	500.0	8.572932719709977
5	500.0	462.26000000000005	318.4	500.0	8.563874278954726
5	497.6	466.2	368.2	500.0	8.562096898486516
5	471.7	448.16	364.8	500.0	8.565016387261165
5	472.0	442.34000000000003	329.4	500.0	8.555032114373272
5	462.6	439.21999999999997	340.8	500.0	8.554470665547544
5	447.6	449.48	348.4	500.0	8.554425571859255
5	479.4	466.67999999999995	400.2	500.0	8.556775471496538
5	462.4	462.16	400.4	500.0	8.566672678362277
5	491.2	454.62000000000006	331.2	500.0	8.555556020225849
5	482.0	460.98	349.4	500.0	8.561567242659468
5	425.70000000000005	432.34	344.6	500.0	8.561282861329403
5	447.1	457.23999999999995	373.8	500.0	8.560677666567749
5	456.9	440.21999999999997	268.0	500.0	8.56277419851678
5	466.0	449.9599999999999	255.2	500.0	8.559376965111488
5	456.9	451.93999999999994	362.0	500.0	8.563809355825908
5	452.9	418.73999999999995	227.8	500.0	8.564711312178742
5	426.0	429.5	317.6	500.0	8.543417257922457
5	459.79999999999995	457.37999999999994	384.6	500.0	8.539872209641008
5	448.5	433.26000000000005	312.6	500.0	8.5433562542156
5	490.1	445.88	278.8	500.0	8.542741846138256
5	497.8	471.8	406.8	500.0	8.533228563822528
5	430.70000000000005	433.9000000000001	321.8	500.0	8.53619895693597
5	500.0	470.46000000000004	330.2	500.0	8.526783383199804
5	494.2	460.48	370.8	500.0	8.517615400307372
5	438.6	449.14	384.8	500.0	8.509403854098862
5	462.4	446.06000000000006	294.8	500.0	8.508746440268736
5	471.1	465.66	376.0	500.0	8.516277366245683
5	445.8	440.21999999999997	335.8	500.0	8.522299959283298
5	489.70000000000005	462.9	382.8	500.0	8.523228621186457
5	396.9	409.35999999999996	263.2	500.0	8.513393860169765
5	433.9	419.8	261.8	500.0	8.520750813171496
5	461.1	458.4999999999999	407.4	500.0	8.513291433537697
5	489.6	440.23999999999995	302.2	500.0	8.528807165430383
5	500.0	471.32	338.0	500.0	8.52389081649515
5	454.70000000000005	433.91999999999996	332.0	500.0	8.51566290450078
5	493.5	447.75999999999993	293.4	500.0	8.50532290350624
5	460.79999999999995	450.68	357.8	500.0	8.489330054169228
5	437.6	425.56000000000006	350.2	486.6	8.486279344593163
5	474.7	451.64000000000004	307.6	500.0	8.491681610055961
5	496.4	441.2	233.8	500.0	8.493948535207108
5	487.3	468.82000000000005	390.6	500.0	8.493468013765746
5	484.6	472.56000000000006	425.2	500.0	8.48839832491039
5	450.70000000000005	452.91999999999996	409.6	500.0	8.49637957938408
5	479.0	466.03999999999996	401.4	500.0	8.49097774912554
5	417.2	428.98	318.0	500.0	8.4994345251547
5	495.4	467.76000000000005	387.2	500.0	8.4886339541344
5	500.0	462.52	346.4	500.0	8.490515461839408
5	496.0	474.6	303.8	500.0	8.496005961674983
5	481.6	471.53999999999996	408.0	500.0	8.499334864109308
5	500.0	481.62	416.6	500.0	8.497951141650066
5	500.0	479.21999999999997	388.6	500.0	8.487947516778547
5	500.0	465.18	323.0	500.0	8.48615713668124
5	476.9	438.93999999999994	245.8	500.0	8.492708043526655
5	500.0	478.7	342.6	500.0	8.48590879507614
5	500.0	488.8	436.6	500.0	8.493513449391566
5	500.0	478.8	380.4	500.0	8.481267035793664
5	494.1	476.46000000000004	407.0	500.0	8.471295591872577
5	500.0	478.93999999999994	411.0	500.0	8.475318120993297
5	479.79999999999995	461.35999999999996	366.6	500.0	8.482306080314487
5	500.0	493.93999999999994	446.8	500.0	8.500372122534987
5	472.6	456.93999999999994	354.4	500.0	8.505810111593489
5	491.2	462.82	355.8	500.0	8.514667574912869
5	461.4	449.18	361.2	500.0	8.510976557871167
5	500.0	475.84	327.0	500.0	8.512750956701357
5	500.0	454.08000000000004	255.8	500.0	8.506368217157911
5	462.1	453.78000000000003	388.0	500.0	8.518543229758693
5	500.0	483.8	436.8	500.0	8.49723838493023
5	475.2	472.96000000000004	433.6	500.0	8.495829649338583
5	500.0	481.21999999999997	325.8	500.0	8.497539579280252
5	500.0	484.62	392.0	500.0	8.485215168741064
5	484.1	453.71999999999997	276.8	500.0	8.493916533296703
5	473.1	463.36	393.6	500.0	8.488148472237738
5	488.70000000000005	469.0200000000001	372.4	500.0	8.489273310342575
5	465.70000000000005	441.4	307.4	500.0	8.483561070552987
5	500.0	487.88	415.4	500.0	8.491191950408997
5	488.3	465.88	362.4	500.0	8.48974297351232
5	487.0	466.82	369.8	500.0	8.481600129035725
5	498.5	485.84	417.8	500.0	8.47540666615036
5	481.3	468.36	396.0	500.0	8.476732644934819
5	498.6	487.56000000000006	451.0	500.0	8.48159236214896
5	500.0	483.34	409.4	500.0	8.477060173015104
5	500.0	487.5400000000001	389.6	500.0	8.456501556164902
5	500.0	469.84	350.6	500.0	8.446931020802227
5	500.0	481.23999999999995	424.0	500.0	8.454624258436837
5	496.2	476.68	425.4	500.0	8.447864903111766
5	486.8	469.73999999999995	402.2	500.0	8.450211750479237
5	500.0	482.12	406.2	500.0	8.436509579658347
5	455.7	433.02	272.8	500.0	8.435642293040491
5	500.0	486.43999999999994	431.8	500.0	8.433108145248331
5	455.9	458.08000000000004	389.4	500.0	8.429899583389117
5	469.7	459.91999999999996	390.2	500.0	8.432203809095688
5	496.9	476.43999999999994	412.2	500.0	8.433474466662663
5	477.8	470.46000000000004	411.8	500.0	8.442521794112526
5	499.3	469.6	342.0	500.0	8.430339132467076
5	453.9	449.2200000000001	392.8	500.0	8.428160903312182
5	460.2	459.6	403.6	500.0	8.422993144398786
5	482.29999999999995	458.21999999999997	337.2	500.0	8.413083902791078
5	480.9	465.55999999999995	375.2	500.0	8.41881584610339
5	412.5	436.12	396.4	500.0	8.41339647874498
5	478.7	447.76000000000005	287.6	500.0	8.408631492120305
5	470.5	440.38	353.2	500.0	8.402447363542715
5	467.70000000000005	443.74000000000007	306.6	500.0	8.385223419632078
5	498.4	493.12	470.2	500.0	8.373471890292018
5	463.6	452.91999999999996	370.0	500.0	8.35875445814769
5	487.0	480.82	419.4	500.0	8.351666517582938
5	492.70000000000005	465.0	345.2	500.0	8.334265419342474
5	476.5	463.06000000000006	385.8	500.0	8.33670755395396
5	463.4	452.82	330.4	500.0	8.339121078394406
5	492.20000000000005	480.38	405.4	500.0	8.331707179245248
5	500.0	485.38	417.4	500.0	8.331705311000977
5	467.1	455.4	381.6	500.0	8.33740712810135
5	500.0	487.12	427.4	500.0	8.325289003762002
5	497.8	484.66	425.6	500.0	8.323680498615715
5	500.0	469.3	299.8	500.0	8.328867624243864
5	449.0	442.74000000000007	353.2	500.0	8.344494730630174
5	500.0	498.37999999999994	486.4	500.0	8.352797050657834
5	500.0	457.0	341.6	500.0	8.356333284106999
5	500.0	483.88	374.2	500.0	8.3500972619301
5	500.0	489.08000000000004	411.6	500.0	8.341264713805797
5	455.9	447.98	326.0	500.0	8.330728189764676
5	500.0	491.52	435.4	500.0	8.352317605705121
5	480.5	448.48	297.6	500.0	8.3575923708205
5	499.3	472.38	416.6	500.0	8.355185983304937
5	482.5	473.36	418.4	500.0	8.350074991179262
5	489.1	469.2	406.4	500.0	8.355517313270619
5	478.8	464.58000000000004	394.8	500.0	8.356866006570407
5	492.3	476.8800000000001	411.8	500.0	8.366244838130813
5	491.29999999999995	478.43999999999994	356.0	500.0	8.37280781186834
5	480.1	463.12	397.0	500.0	8.36894980970195
5	500.0	472.76000000000005	344.6	500.0	8.371873602506952
5	497.2	470.2	373.0	500.0	8.390179256317852
5	485.79999999999995	476.85999999999996	422.8	500.0	8.391710026748433
5	500.0	480.3	410.8	500.0	8.386400927831627
5	500.0	477.3	336.6	500.0	8.397898282652283
5	425.7	425.48	254.2	500.0	8.394856457082021
5	500.0	487.74000000000007	410.8	500.0	8.393869073509265
5	480.3	447.56000000000006	330.0	500.0	8.384995027450909
5	461.5	451.02	315.8	500.0	8.386493328630946
5	461.4	450.9599999999999	342.4	500.0	8.387979425308794
5	495.0	469.12	409.8	500.0	8.384887614834977
5	499.7	461.35999999999996	393.4	500.0	8.377075881836191
5	500.0	475.2	409.8	500.0	8.383919929065538
5	464.2	459.62	408.8	500.0	8.376528729543558
5	500.0	468.52	324.8	500.0	8.354971104231824
5	500.0	491.71999999999997	436.6	500.0	8.366035316886908
5	499.0	470.66	406.6	500.0	8.3629389876742
5	500.0	482.3	409.8	500.0	8.376624299076635
5	477.3	461.6	407.6	500.0	8.372209254753866
5	500.0	473.4	420.0	500.0	8.358684570538568
5	493.4	459.84	336.6	500.0	8.35996862442213
5	487.1	472.8	400.0	500.0	8.367024644590844
5	500.0	462.56000000000006	335.8	500.0	8.362399274570402
5	491.4	472.2	410.2	500.0	8.3546824090966
5	500.0	490.73999999999995	407.4	500.0	8.35676766207759
5	500.0	474.6	425.0	500.0	8.356994868828474
5	500.0	465.84	368.8	500.0	8.356822365774219
5	493.9	478.46000000000004	440.8	500.0	8.349624326047559
5	500.0	496.68	466.8	500.0	8.352255853343685
5	476.8	465.08000000000004	407.0	500.0	8.339116904056581
5	500.0	496.2	479.8	500.0	8.346010542618128
5	500.0	473.14	401.2	500.0	8.343243633900585
5	496.0	438.32	261.4	500.0	8.339132449869256
5	500.0	477.14	409.0	500.0	8.332805700972479
5	500.0	477.46000000000004	372.8	500.0	8.317897083422249
5	500.0	486.41999999999996	427.4	500.0	8.311696281497618
5	500.0	500.0	500.0	500.0	8.304072517377364
5	487.2	477.28000000000003	437.0	500.0	8.304072517377364
5	500.0	496.86	487.6	500.0	8.317898445017148
5	500.0	494.9	449.0	500.0	8.314331214543124
5	500.0	487.71999999999997	431.6	500.0	8.31387675777633
5	500.0	482.26000000000005	408.6	500.0	8.320087844524318
5	500.0	491.56000000000006	418.2	500.0	8.322577775739799
5	495.8	457.34	324.4	500.0	8.3232601177201
5	500.0	481.3	369.4	500.0	8.333371977206138
5	500.0	476.1	424.8	500.0	8.335958001635206
5	500.0	486.62	408.4	500.0	8.344152842229823
5	500.0	499.53999999999996	495.4	500.0	8.33906015208869
5	500.0	473.71999999999997	342.0	500.0	8.337134309526855
5	500.0	475.52	404.0	500.0	8.33250376968165
5	500.0	475.4599999999999	334.8	500.0	8.33356090489055
5	500.0	496.62	477.6	500.0	8.336422924060201
5	500.0	489.0	426.0	500.0	8.335031777614569
5	500.0	479.36	376.6	500.0	8.33408499110717
5	500.0	472.5	282.8	500.0	8.329094658967534
5	497.4	477.82000000000005	435.2	500.0	8.329056948452736
5	457.70000000000005	448.93999999999994	356.2	500.0	8.324531687415039
5	500.0	471.1	351.4	500.0	8.324149900155566
5	500.0	479.67999999999995	388.2	500.0	8.313832916554272
5	500.0	474.85999999999996	409.4	500.0	8.313617417202114
5	500.0	499.02	490.2	500.0	8.315895080651895
5	499.4	482.96000000000004	410.0	500.0	8.31842128408708
5	500.0	468.68	389.0	500.0	8.30638206850752
5	500.0	481.4	373.6	500.0	8.31838427917553
5	466.70000000000005	457.18	389.6	500.0	8.321680127528422
5	485.2	470.58000000000004	414.4	500.0	8.331068524765435
5	500.0	492.8	428.4	500.0	8.326975766098723
5	500.0	490.18	438.8	500.0	8.324923638096047
5	486.0	469.0999999999999	409.6	500.0	8.31796233111619
5	477.8	445.53999999999996	356.8	500.0	8.311236764498966
5	497.7	480.0	431.6	500.0	8.316118764994895
5	500.0	488.64	435.0	500.0	8.312218900652018
5	484.6	474.56000000000006	412.0	500.0	8.309437186947747
5	428.8	449.16	393.2	500.0	8.308887091707904
5	486.4	480.71999999999997	450.2	500.0	8.31217724467008
5	464.3	436.24000000000007	252.4	500.0	8.296863346600277
5	500.0	481.48	367.6	500.0	8.284408681986616
5	478.8	457.91999999999996	355.2	500.0	8.27930763708869
5	500.0	485.8	396.8	500.0	8.27565506962264
5	477.2	465.8	402.0	500.0	8.271495516294554
5	500.0	474.34	401.4	500.0	8.27372010253032
5	497.9	487.88	436.8	500.0	8.27008339479228
5	500.0	471.12	408.0	500.0	8.247441748731049
5	493.7	467.34000000000003	344.8	500.0	8.247673293025457
5	473.5	454.9	352.0	500.0	8.247350345183014
5	500.0	476.2	407.8	500.0	8.246715007396231
5	500.0	479.64	372.2	500.0	8.2373427683241
5	500.0	491.28000000000003	452.4	500.0	8.242695674971978
5	475.5	454.6	348.8	500.0	8.254324214353497
5	486.8	474.5	432.0	500.0	8.263227796661988
5	461.0	442.68	307.0	500.0	8.257594431412187
5	500.0	485.44000000000005	434.6	500.0	8.252875850240441
5	462.3	440.53999999999996	333.0	500.0	8.257871062811002
5	500.0	478.82	347.0	500.0	8.251066378316237
5	500.0	500.0	500.0	500.0	8.23959392184217
5	490.8	452.67999999999995	339.4	500.0	8.23959392184217
5	500.0	462.34	349.0	500.0	8.232419236487155
5	500.0	473.1	388.6	500.0	8.224189203582508
5	500.0	487.25999999999993	436.4	500.0	8.21694524970491
5	493.6	465.62000000000006	342.0	500.0	8.20286900605135
5	500.0	492.68	426.8	500.0	8.202959084632317
5	497.2	480.26000000000005	389.6	500.0	8.187415743149685
5	500.0	497.43999999999994	474.4	500.0	8.177964797441325
5	500.0	480.26000000000005	367.8	500.0	8.185860018652395
5	487.8	456.62	276.6	500.0	8.18532152180108
5	493.7	469.62000000000006	390.6	500.0	8.190572069072257
5	460.0	455.88	360.0	500.0	8.187066940203525
5	500.0	487.06000000000006	418.2	500.0	8.181656657787434
5	500.0	473.21999999999997	391.4	500.0	8.172634620325749
5	500.0	482.34	423.4	500.0	8.16389978481927
5	500.0	487.28000000000003	372.8	500.0	8.190752647248207
5	500.0	492.43999999999994	424.4	500.0	8.18661136837746
5	500.0	491.76000000000005	439.6	500.0	8.207954339785434
5	500.0	464.64	344.2	500.0	8.19220058884404
5	500.0	500.0	500.0	500.0	8.205041628333575
5	500.0	493.6	436.0	500.0	8.205041628333575
5	500.0	492.08000000000004	420.8	500.0	8.219466008037253
5	500.0	474.86	392.2	500.0	8.215769717152615
5	500.0	487.68	422.8	500.0	8.21957562794647
5	500.0	487.06000000000006	430.2	500.0	8.21897898114647
5	488.9	471.05999999999995	426.2	500.0	8.230263224957955
5	500.0	490.76000000000005	422.6	500.0	8.217595647211164
5	500.0	487.16	451.4	500.0	8.215002572902835
5	500.0	491.08000000000004	447.0	500.0	8.213607463965499
5	500.0	498.4	484.0	500.0	8.22088841266168
5	500.0	475.02	416.4	500.0	8.227424228841345
5	500.0	485.76000000000005	416.0	500.0	8.236649524760388
5	500.0	489.02	433.0	500.0	8.233902031336516
5	500.0	465.52	345.6	500.0	8.24896390068636
5	500.0	491.21999999999997	412.2	500.0	8.25641517533544
5	496.2	429.02	223.4	500.0	8.262817639284345
5	500.0	479.4	325.2	500.0	8.270711610900063
5	489.2	463.9	355.2	500.0	8.268441951577868
5	500.0	485.75999999999993	421.4	500.0	8.265568863310138
5	500.0	491.64	430.8	500.0	8.271142173864876
5	500.0	481.48	413.4	500.0	8.264432307016994
5	481.9	470.03999999999996	403.6	500.0	8.283174324720632
5	500.0	475.75999999999993	408.0	500.0	8.26814678006391
5	475.9	466.88	410.4	500.0	8.247258804375369
5	483.8	471.9799999999999	405.0	500.0	8.259027845476664
5	487.9	475.32	391.8	500.0	8.236582586399749
5	500.0	487.1	449.2	500.0	8.238484451884874
5	496.2	473.65999999999997	428.6	500.0	8.239169156438495
5	471.29999999999995	462.1	399.0	500.0	8.230546544056477
5	496.4	481.2799999999999	410.8	500.0	8.236870418915249
5	500.0	480.16	420.0	500.0	8.251749951666946
5	496.5	483.34	403.0	500.0	8.249645048104275
5	500.0	478.6	387.0	500.0	8.242576248993291
5	500.0	473.26000000000005	408.0	500.0	8.275359616559877
5	494.1	472.34	406.4	500.0	8.276214432584327
5	497.20000000000005	478.38	406.4	500.0	8.259473809177228
5	498.2	484.52	399.8	500.0	8.254780946537203
5	500.0	471.91999999999996	261.4	500.0	8.258233311807578
5	500.0	480.4599999999999	312.4	500.0	8.242430818856773
5	500.0	470.53999999999996	332.6	500.0	8.256482537085915
5	500.0	472.3	407.4	500.0	8.25838097421259
5	500.0	482.21999999999997	425.6	500.0	8.252720704994552
5	500.0	481.62	411.0	500.0	8.249821961902123
5	500.0	477.76000000000005	370.8	500.0	8.245716004038453
5	500.0	491.52	426.0	500.0	8.251220375717143
5	500.0	498.26000000000005	482.6	500.0	8.25077339059892
5	500.0	481.7000000000001	406.6	500.0	8.254628576433056
5	500.0	496.36	463.6	500.0	8.255340235300118
5	500.0	499.12	491.2	500.0	8.249370616235757
5	500.0	482.2	381.6	500.0	8.264741103787124
5	500.0	478.08000000000004	328.4	500.0	8.271341155657385
5	500.0	484.3	413.2	500.0	8.272202024429822
5	500.0	494.82	459.4	500.0	8.282401536000243
5	500.0	485.2	415.0	500.0	8.290788332291008
5	500.0	479.25999999999993	378.6	500.0	8.28939942245104
5	500.0	489.6	428.6	500.0	8.305713405153694
5	500.0	488.56000000000006	385.6	500.0	8.307513310086867
5	500.0	486.4	429.2	500.0	8.302180971048966
5	500.0	495.66	456.6	500.0	8.298034887538732
5	500.0	488.96000000000004	428.0	500.0	8.296640635615992
5	500.0	488.0	461.6	500.0	8.309185539246311
5	473.6	451.08000000000004	359.6	500.0	8.313356378662663
5	500.0	467.73999999999995	410.4	500.0	8.28754044588513
5	486.8	465.76000000000005	351.0	500.0	8.278809276917467
5	500.0	447.46000000000004	186.0	500.0	8.272350009918531
5	483.9	472.1	419.0	500.0	8.262642880539513
5	473.3	466.25999999999993	409.4	500.0	8.265449062099576
5	496.6	476.35999999999996	406.0	500.0	8.274817596676936
5	500.0	480.84	394.6	500.0	8.256675818727771
5	500.0	465.93999999999994	251.2	500.0	8.25190495685156
5	470.0	446.96000000000004	363.4	500.0	8.2511364435182
5	500.0	491.53999999999996	424.0	500.0	8.240760645423025
5	469.8	466.05999999999995	385.2	500.0	8.241923103701444
5	500.0	493.84	461.8	500.0	8.246954369218637
5	497.6	476.84	412.0	500.0	8.256539929756988
5	500.0	482.4	425.2	500.0	8.246651990890301
5	500.0	471.28000000000003	367.2	500.0	8.252657900289671
5	490.3	472.14000000000004	333.0	500.0	8.268676144891064
5	500.0	500.0	500.0	500.0	8.25104206113653
5	500.0	493.62	475.0	500.0	8.25104206113653
5	500.0	483.14	419.4	500.0	8.2580631768547
5	500.0	483.4999999999999	416.4	500.0	8.273716560142661
5	458.0	461.66	407.0	500.0	8.275494812663299
5	496.3	476.8	401.8	500.0	8.27372185755521
5	487.1	459.43999999999994	330.2	500.0	8.29023905690993
5	476.1	451.36	359.6	500.0	8.308591884768072
5	500.0	470.14	334.0	500.0	8.319932529338923
5	438.4	414.32	288.2	500.0	8.309801428760403
5	500.0	471.94000000000005	358.0	500.0	8.308257169297194
5	472.2	461.53999999999996	402.4	500.0	8.30302718584487
5	461.20000000000005	460.6000000000001	418.2	500.0	8.320977514273231
5	500.0	486.18	414.0	500.0	8.32491333086521
5	478.8	453.1	271.0	500.0	8.324977510557057
5	500.0	485.91999999999996	429.2	500.0	8.321101853446756
5	500.0	497.34	473.4	500.0	8.320667868405627
5	500.0	475.28000000000003	413.2	500.0	8.316130232987158
5	500.0	488.24000000000007	393.6	500.0	8.312654532529958
5	500.0	477.05999999999995	419.2	500.0	8.314238792941293
5	500.0	480.2	356.2	500.0	8.319770244976871
5	500.0	471.7	362.8	500.0	8.31361459513533
5	500.0	477.82	418.2	500.0	8.320797264719317
5	500.0	491.73999999999995	424.0	500.0	8.311415948765958
5	500.0	491.14	470.0	500.0	8.31546221778914
5	500.0	476.0400000000001	336.2	500.0	8.326459118678315
5	500.0	483.3	419.0	500.0	8.344590466771159
5	500.0	485.71999999999997	393.4	500.0	8.350324872196644
5	500.0	464.91999999999996	320.2	500.0	8.335344083030677
5	500.0	496.93999999999994	478.6	500.0	8.330027370355852
5	500.0	475.58000000000004	390.0	500.0	8.343981220225423
5	500.0	472.76000000000005	344.0	500.0	8.363112482656298
5	500.0	444.36	218.0	500.0	8.359635631743032
5	500.0	492.84	473.2	500.0	8.356939151573071
5	500.0	482.5400000000001	370.4	500.0	8.350987343627517
5	496.8	460.2	333.2	500.0	8.347914380797521
5	448.2	440.4599999999999	291.0	500.0	8.337972317872083
5	472.7	451.2	328.2	500.0	8.327667506109572
5	500.0	476.38	353.8	500.0	8.332690075920127
5	500.0	486.84	407.8	500.0	8.318205975693507
5	500.0	489.43999999999994	406.6	500.0	8.316901692087141
5	500.0	492.5	425.0	500.0	8.316669121907488
5	500.0	486.06000000000006	437.8	500.0	8.312574064974827
5	500.0	485.06000000000006	423.2	500.0	8.324619324299302
5	500.0	490.1	431.0	500.0	8.315644682091978
5	500.0	493.88	438.8	500.0	8.301765196150813
5	451.5	459.91999999999996	413.4	500.0	8.311294540311627
5	500.0	489.88	419.4	500.0	8.324574847838397
5	500.0	487.73999999999995	394.6	500.0	8.331598804529293
5	500.0	494.52	466.0	500.0	8.336645930778051
5	500.0	493.38	433.8	500.0	8.347841155822668
5	500.0	496.3	463.0	500.0	8.34535719522541
5	500.0	491.6	416.8	500.0	8.360458693184187
5	500.0	500.0	500.0	500.0	8.363202005517273
5	500.0	498.62	486.2	500.0	8.363202005517273
5	500.0	495.86	473.6	500.0	8.364402993807888
5	500.0	483.03999999999996	407.0	500.0	8.367350624152904
5	500.0	492.44000000000005	458.6	500.0	8.352148649055662
5	500.0	500.0	500.0	500.0	8.345130599955866
5	500.0	489.71999999999997	429.8	500.0	8.345130599955866
5	441.8	436.36	266.2	500.0	8.355214886245337
5	485.2	482.56000000000006	456.8	500.0	8.36276205722132
5	500.0	491.86	470.0	500.0	8.350872531408493
5	500.0	500.0	500.0	500.0	8.344292656919384
5	500.0	489.03999999999996	409.8	500.0	8.344292656919384
5	489.2	481.5	431.4	500.0	8.346316364275067
5	463.1	461.58000000000004	396.0	500.0	8.352770158906925
5	500.0	474.84	385.0	500.0	8.366099137002085
5	500.0	476.73999999999995	413.2	500.0	8.36140835785315
5	472.9	469.7000000000001	412.0	500.0	8.364280902165223
5	500.0	465.68	326.6	500.0	8.36326197846993
5	498.2	488.0	463.0	500.0	8.35302854356318
5	500.0	498.9	489.0	500.0	8.343497991070912
5	494.0	479.0200000000001	408.4	500.0	8.353726889442058
5	490.7	477.84	427.4	500.0	8.350497008387665
5	500.0	459.8	256.6	500.0	8.322224307859564
5	498.8	484.0000000000001	435.6	500.0	8.33023865190328
5	500.0	497.5	486.6	500.0	8.314545849112468
5	500.0	450.08000000000004	332.8	500.0	8.30292132403521
5	500.0	456.0799999999999	266.0	500.0	8.285552987432878
5	500.0	465.23999999999995	347.8	500.0	8.272484519269815
5	500.0	498.18	481.8	500.0	8.282575804238386
5	500.0	464.78000000000003	323.4	500.0	8.265272987257712
5	500.0	481.36	389.2	500.0	8.268857467914088
5	500.0	486.1	430.4	500.0	8.255951390366281
5	500.0	472.32	339.6	500.0	8.261349831490467
5	500.0	487.08000000000004	398.4	500.0	8.243963777176353
5	500.0	490.73999999999995	434.6	500.0	8.232408650425064
5	500.0	496.14	466.0	500.0	8.239670529794806
5	500.0	475.4599999999999	410.2	500.0	8.22561763742779
5	500.0	497.5	475.0	500.0	8.204988758949373
5	500.0	486.56000000000006	407.2	500.0	8.19226143111714
5	500.0	479.98	386.4	500.0	8.179218064993615
5	500.0	500.0	500.0	500.0	8.180693039580955
5	486.2	468.7999999999999	394.8	500.0	8.180693039580955
5	500.0	493.91999999999996	450.4	500.0	8.179257347058575
5	500.0	494.9	457.2	500.0	8.165960119084792
5	500.0	498.06000000000006	480.6	500.0	8.168291491364839
5	500.0	489.06000000000006	425.4	500.0	8.164956817047484
5	500.0	470.36	414.0	500.0	8.170051526728667
5	500.0	474.9	344.2	500.0	8.14711786545335
5	500.0	500.0	500.0	500.0	8.146907774858851
5	500.0	492.12	421.2	500.0	8.146907774858851
5	500.0	472.18	370.0	500.0	8.144593564900415
5	500.0	483.18	416.0	500.0	8.136363890073987
5	500.0	496.38	463.8	500.0	8.143223923737352
5	500.0	473.7	379.8	500.0	8.146579304317273
5	500.0	485.82	432.8	500.0	8.15009939258014
5	500.0	486.32000000000005	390.6	500.0	8.144958612976948
5	491.4	438.4	270.4	500.0	8.139168448156891
5	500.0	500.0	500.0	500.0	8.145088500148061
5	500.0	488.08000000000004	388.8	500.0	8.145088500148061
5	474.8	458.64	342.2	500.0	8.138685192001777
5	500.0	488.91999999999996	426.4	500.0	8.138261067708044
5	500.0	500.0	500.0	500.0	8.135212444603473
5	500.0	493.23999999999995	463.8	500.0	8.135212444603473
5	500.0	491.86	418.6	500.0	8.144339679197206
5	500.0	494.48	470.0	500.0	8.146897122323256
5	500.0	479.24000000000007	393.8	500.0	8.152972426925697
5	500.0	500.0	500.0	500.0	8.159068311986566
5	500.0	476.03999999999996	407.2	500.0	8.159068311986566
5	500.0	481.93999999999994	414.6	500.0	8.140860479695391
5	500.0	496.53999999999996	465.4	500.0	8.146892897221933
5	500.0	487.26000000000005	415.4	500.0	8.15305374937189
5	500.0	476.0	357.8	500.0	8.159165049360169
5	500.0	491.21999999999997	438.4	500.0	8.145284909710192
5	500.0	483.73999999999995	410.0	500.0	8.151800414182054
5	500.0	461.43999999999994	318.2	500.0	8.151676463999491
5	500.0	489.03999999999996	407.0	500.0	8.158806088867156
5	500.0	486.52	417.4	500.0	8.164824485814504
5	500.0	481.52	366.0	500.0	8.17729700917514
5	500.0	490.2	409.8	500.0	8.180317075625034
5	500.0	489.85999999999996	420.6	500.0	8.182752887288524
5	500.0	491.26000000000005	417.0	500.0	8.179297200486365
5	500.0	448.23999999999995	293.4	500.0	8.179005881786379
5	500.0	477.76000000000005	422.6	500.0	8.18480967037322
5	500.0	486.1	420.2	500.0	8.179692281507677
5	500.0	484.52	414.0	500.0	8.18077623803119
5	500.0	492.84	428.4	500.0	8.17828407897943
5	500.0	490.6	413.0	500.0	8.183259281309589
5	500.0	487.38	373.8	500.0	8.191249056183109
5	496.4	442.91999999999996	187.2	500.0	8.180370515028585
5	500.0	473.16	342.6	500.0	8.168725942940068
5	500.0	480.53999999999996	390.8	500.0	8.153897762720954
5	475.9	459.98	337.8	500.0	8.13812797503525
5	500.0	483.32	419.0	500.0	8.16031721258461
5	500.0	482.46000000000004	381.0	500.0	8.16136156355865
5	500.0	488.02	402.8	500.0	8.16144174360666
5	500.0	466.52	342.6	500.0	8.161096955206892
5	500.0	490.66	411.8	500.0	8.138964096600995
5	500.0	478.87999999999994	419.0	500.0	8.133869581055388
5	478.5	448.35999999999996	329.6	500.0	8.145746877452007
5	500.0	470.46000000000004	322.0	500.0	8.126733236072008
5	500.0	482.82	422.4	500.0	8.121552090498945
5	500.0	469.43999999999994	316.2	500.0	8.136486210025668
5	500.0	482.6	415.4	500.0	8.13016561189615
5	500.0	497.76000000000005	481.6	500.0	8.132561364841875
5	500.0	464.98	297.6	500.0	8.132532501095785
5	500.0	480.88	423.0	500.0	8.123051668376375
5	500.0	474.1	398.0	500.0	8.130122690392046
5	500.0	455.62	266.4	500.0	8.124545161819736
5	500.0	479.21999999999997	357.4	500.0	8.10448583079217
5	456.4	432.7	303.0	500.0	8.110465894964625
5	500.0	467.91999999999996	300.0	500.0	8.09628662710025
5	500.0	472.9599999999999	351.4	500.0	8.114678880640069
5	500.0	489.84	437.4	500.0	8.123265896097172
5	500.0	479.21999999999997	431.2	500.0	8.119842698089974
5	484.3	462.28000000000003	364.4	500.0	8.115740540300193
5	488.0	465.6	402.4	500.0	8.12266910170231
5	490.8	476.73999999999995	410.6	500.0	8.120566912070421
5	461.7	435.8	285.0	500.0	8.113886970327943
5	491.0	457.18	362.4	500.0	8.109956333842211
5	500.0	480.53999999999996	372.4	500.0	8.112349592639221
5	499.7	467.21999999999997	337.0	500.0	8.110863305762088
5	453.0	459.86	407.8	500.0	8.128074564933913
5	490.2	457.0	320.4	500.0	8.134630583153335
5	500.0	466.18	310.6	500.0	8.13223694040959
5	500.0	482.28000000000003	407.2	500.0	8.141388837472553
5	500.0	480.85999999999996	429.4	500.0	8.145338756102243
5	500.0	481.26000000000005	360.8	500.0	8.158675897037954
5	500.0	469.1	377.8	500.0	8.149937768595974
5	500.0	482.3	434.6	500.0	8.15825437364733
5	500.0	479.9200000000001	418.2	500.0	8.163524974151668
5	493.7	468.05999999999995	409.2	500.0	8.150902029629703
5	500.0	495.86	458.6	500.0	8.17613085527471
5	500.0	485.1	410.0	500.0	8.17804732733441
5	500.0	496.52	465.6	500.0	8.162920349978364
5	500.0	480.58000000000004	375.2	500.0	8.154680931372173
5	500.0	497.12	471.2	500.0	8.13947068180058
5	500.0	483.96000000000004	421.8	500.0	8.139537310809283
5	484.4	449.3	343.4	500.0	8.13581451114643
5	461.79999999999995	441.46000000000004	315.4	500.0	8.139824050137197
5	500.0	467.12	398.4	500.0	8.148268619895525
5	500.0	477.16	385.0	500.0	8.140651540728042
5	500.0	477.34	409.2	500.0	8.137661080246131
5	489.3	472.38	418.2	500.0	8.119224347090213
5	500.0	460.4599999999999	200.8	500.0	8.116503990569113
5	500.0	491.66	435.0	500.0	8.112066872753255
5	500.0	487.56000000000006	380.6	500.0	8.116490332792061
5	500.0	497.91999999999996	482.0	500.0	8.127588526115312
5	500.0	470.68	345.8	500.0	8.124972259189567
5	500.0	483.78000000000003	415.4	500.0	8.121188611110838
5	469.3	459.03999999999996	348.4	500.0	8.141691015867115
5	500.0	494.36	451.0	500.0	8.137347486874502
5	500.0	480.7	417.0	500.0	8.130809364048469
5	500.0	484.34	425.6	500.0	8.133799434022617
5	500.0	487.94000000000005	400.6	500.0	8.127957193767283
5	500.0	495.91999999999996	459.2	500.0	8.135617366838877
5	500.0	493.66	436.6	500.0	8.153076309852086
5	500.0	470.41999999999996	336.8	500.0	8.163534811115122
5	500.0	496.75999999999993	483.4	500.0	8.15409386271383
5	500.0	491.68	455.8	500.0	8.155604966280556
5	450.20000000000005	446.06000000000006	334.4	500.0	8.143366642640547
5	500.0	482.7	327.0	500.0	8.13714044426906
5	500.0	470.16	377.6	500.0	8.135532300323865
5	500.0	500.0	500.0	500.0	8.136318110830723
5	500.0	492.38	430.8	500.0	8.136318110830723
5	500.0	487.43999999999994	437.2	500.0	8.13539410099272
5	500.0	494.62	473.0	500.0	8.140559931252257
5	500.0	477.08000000000004	341.2	500.0	8.146451657968507
5	500.0	485.5	421.4	500.0	8.13263863417174
5	500.0	462.2200000000001	259.6	500.0	8.123436619868029
5	500.0	474.16	349.6	500.0	8.132991640809585
5	500.0	473.68	315.6	500.0	8.138185505805604
5	500.0	477.46000000000004	351.2	500.0	8.144201777711089
5	500.0	500.0	500.0	500.0	8.178466875566585
5	500.0	488.4	423.6	500.0	8.178466875566585
5	500.0	464.56000000000006	292.8	500.0	8.203416852202407
5	500.0	473.52	343.4	500.0	8.197326034568201
5	500.0	487.93999999999994	420.4	500.0	8.198823210888374
5	500.0	488.06000000000006	438.0	500.0	8.183163811994257
5	500.0	500.0	500.0	500.0	8.186499220396819
5	500.0	480.93999999999994	424.4	500.0	8.186499220396819
5	500.0	495.76000000000005	457.6	500.0	8.188604266049127
5	500.0	479.91999999999996	424.2	500.0	8.17918553654004
5	500.0	493.26000000000005	460.4	500.0	8.180529235858431
5	500.0	485.5	410.2	500.0	8.189418972766001
5	500.0	483.7	417.2	500.0	8.19194789844316
5	500.0	484.52	414.2	500.0	8.184109649195328
5	500.0	486.48	408.4	500.0	8.186121045237318
5	500.0	474.15999999999997	348.4	500.0	8.195823952930278
5	500.0	482.96000000000004	329.6	500.0	8.186043024285821
5	500.0	487.34	449.0	500.0	8.201888936351704
5	473.8	466.91999999999996	415.0	500.0	8.19651865494163
5	496.4	460.06000000000006	361.8	500.0	8.199761918985093
5	500.0	489.91999999999996	407.4	500.0	8.190307503521622
5	500.0	468.36	274.0	500.0	8.186061239489387
5	500.0	474.66	380.4	500.0	8.173123264265485
5	500.0	493.56000000000006	435.6	500.0	8.17811166794572
5	500.0	469.71999999999997	378.8	500.0	8.176516012690083
5	500.0	493.12	435.2	500.0	8.156124001255597
5	500.0	493.3	445.0	500.0	8.164478985720837
5	500.0	491.62	456.0	500.0	8.181549514356313
5	500.0	491.64	416.4	500.0	8.185837495225687
5	500.0	491.62	431.2	500.0	8.200848784780678
5	500.0	474.88	343.8	500.0	8.199598259836684
5	496.4	462.36	348.8	500.0	8.203210933409688
5	500.0	480.0200000000001	427.4	500.0	8.216868414493442
5	500.0	495.8	465.4	500.0	8.209377225106453
5	500.0	491.66	445.6	500.0	8.201619418713864
5	500.0	469.62000000000006	325.2	500.0	8.201051912981107
5	500.0	479.82	298.2	500.0	8.191324893951796
5	500.0	454.16	241.4	500.0	8.213644891914218
5	500.0	484.86	427.4	500.0	8.20402640379431
5	500.0	500.0	500.0	500.0	8.181621631359466
5	461.1	459.68	414.8	500.0	8.181621631359466
5	500.0	500.0	500.0	500.0	8.175792605339845
5	500.0	496.93999999999994	469.4	500.0	8.175792605339845
5	500.0	500.0	500.0	500.0	8.17826354940333
5	500.0	488.14	434.8	500.0	8.17826354940333
5	500.0	486.48	364.8	500.0	8.172045916087313
5	500.0	491.65999999999997	445.4	500.0	8.182064374155754
5	500.0	477.03999999999996	270.4	500.0	8.166275501370936
5	500.0	491.12	440.6	500.0	8.165681302257408
5	500.0	491.8	418.0	500.0	8.164316909548939
5	500.0	487.84	427.6	500.0	8.159703510279895
5	500.0	485.88	375.2	500.0	8.147862453343135
5	500.0	473.71999999999997	374.2	500.0	8.129244844836725
5	500.0	488.05999999999995	419.4	500.0	8.137285613353832
5	500.0	479.93999999999994	408.0	500.0	8.129111051712936
5	500.0	477.36	393.0	500.0	8.129399493482158
5	500.0	467.9	369.4	500.0	8.139256946445645
5	500.0	481.94000000000005	435.6	500.0	8.152405086777637
5	500.0	480.28000000000003	364.4	500.0	8.166304357242677
5	500.0	481.2	386.6	500.0	8.168906675141047
5	500.0	490.06000000000006	433.8	500.0	8.158477812277262
5	500.0	483.53999999999996	437.8	500.0	8.165998148979204
5	500.0	473.12000000000006	399.4	500.0	8.173529674709052
5	500.0	500.0	500.0	500.0	8.19059496422315
5	498.1	486.03999999999996	454.6	500.0	8.19059496422315
5	500.0	488.16	433.0	500.0	8.18047350437192
5	500.0	482.66	432.6	500.0	8.178421717271643
5	500.0	488.12	434.4	500.0	8.174993528376412
5	500.0	470.65999999999997	299.4	500.0	8.165336303104535
5	500.0	462.88	339.4	500.0	8.174863626160066
5	500.0	483.43999999999994	383.0	500.0	8.182228335545592
5	500.0	490.4	428.0	500.0	8.183161660683497
5	500.0	500.0	500.0	500.0	8.16433193153319
5	500.0	500.0	500.0	500.0	8.16433193153319
5	500.0	497.98	479.8	500.0	8.16433193153319
5	500.0	492.14	421.4	500.0	8.165324655511132
5	500.0	474.84000000000003	354.8	500.0	8.178088848662107
5	500.0	497.5	475.0	500.0	8.167236530207182
5	500.0	500.0	500.0	500.0	8.166125184635662
5	500.0	463.16	329.4	500.0	8.166125184635662
5	500.0	492.02	420.2	500.0	8.170348366740907
5	500.0	500.0	500.0	500.0	8.182955068790884
5	500.0	491.93999999999994	419.4	500.0	8.182955068790884
5	500.0	500.0	500.0	500.0	8.19247846459989
5	500.0	494.12	441.2	500.0	8.19247846459989
5	500.0	500.0	500.0	500.0	8.177194640985254
5	500.0	498.8	488.0	500.0	8.177194640985254
5	500.0	495.32	453.2	500.0	8.173104089665195
5	500.0	491.26000000000005	412.6	500.0	8.161992239606061
5	500.0	485.71999999999997	357.2	500.0	8.151587421412293
5	500.0	486.58000000000004	441.6	500.0	8.149729817162672
5	500.0	495.53999999999996	455.4	500.0	8.151555470045759
5	500.0	500.0	500.0	500.0	8.144025218054459
5	500.0	475.18	270.8	500.0	8.144025218054459
5	500.0	486.43999999999994	438.6	500.0	8.150912328199297
5	500.0	475.68	357.6	500.0	8.151333819935424
5	500.0	499.76000000000005	497.6	500.0	8.15470052664565
5	500.0	485.91999999999996	440.6	500.0	8.161710932652996
5	500.0	463.8	286.0	500.0	8.183674477858057
5	500.0	472.34	393.2	500.0	8.179678925306584
5	487.9	470.4	413.0	500.0	8.198892876880732
5	500.0	476.2	380.4	500.0	8.198543525295298
5	471.5	445.12	319.0	500.0	8.189442688421483
5	497.9	468.15999999999997	339.4	500.0	8.188430470056794
5	500.0	469.06000000000006	357.0	500.0	8.186666930253292
5	500.0	464.62	304.2	500.0	8.192307623292196
5	472.6	444.38	308.4	500.0	8.182699904879009
5	496.7	456.68	335.0	500.0	8.189139364231169
5	500.0	469.34	371.0	500.0	8.190721596929302
5	500.0	478.5	417.2	500.0	8.213337551910968
5	500.0	486.32	379.0	500.0	8.216665272576591
5	468.29999999999995	466.23999999999995	413.0	500.0	8.229208715782544
5	456.2	429.4	294.0	500.0	8.21576178773796
5	500.0	489.82	442.2	500.0	8.242582734886746
5	485.2	480.76000000000005	456.6	500.0	8.25754571536261
5	500.0	484.82	433.8	500.0	8.281410840938564
5	464.8	459.88	400.0	500.0	8.271844080090395
5	486.8	475.41999999999996	433.0	500.0	8.273022913752616
5	500.0	464.76000000000005	278.6	500.0	8.290362681918584
5	475.1	470.62	417.2	500.0	8.281952492949214
5	474.4	457.23999999999995	342.0	500.0	8.277902704296725
5	500.0	482.84	439.0	500.0	8.277176684106445
5	496.9	442.56000000000006	264.2	500.0	8.259056688002982
5	500.0	479.91999999999996	412.2	500.0	8.241306678590233
5	500.0	491.5	415.0	500.0	8.253627007729024
5	490.0	467.5	409.2	500.0	8.268600769953974
5	453.9	454.2000000000001	407.0	500.0	8.27476195535847
5	494.0	477.16	411.0	500.0	8.279709460720364
5	483.7	471.02	392.2	500.0	8.26149792173318
5	465.3	459.56000000000006	409.0	500.0	8.271677397293567
5	495.3	445.2	249.6	500.0	8.269091136636234
5	500.0	469.02	335.2	500.0	8.254456877601529
5	500.0	470.36	419.6	500.0	8.23248350836312
5	475.5	465.86	410.4	500.0	8.230060822979402
5	495.3	462.52	376.0	500.0	8.232205298347367
5	500.0	494.2	457.8	500.0	8.228729075580757
5	412.4	423.23999999999995	363.6	500.0	8.22780886454624
5	500.0	468.52	347.8	500.0	8.226208733106658
5	456.8	439.5400000000001	319.4	500.0	8.206992568450499
5	500.0	462.93999999999994	383.0	500.0	8.213750864181314
5	494.8	470.62	412.6	500.0	8.201195879882091
5	500.0	473.14	412.6	500.0	8.175795703868877
5	500.0	484.03999999999996	417.8	500.0	8.18009206586897
5	500.0	494.43999999999994	445.4	500.0	8.168283529821354
5	500.0	488.9	420.2	500.0	8.176876338211274
5	500.0	486.8	387.2	500.0	8.183601872043
5	500.0	477.36	408.2	500.0	8.202613361315407
5	500.0	485.34000000000003	415.2	500.0	8.206832158617624
5	500.0	490.3	403.0	500.0	8.207784956261953
5	500.0	494.48	444.8	500.0	8.198341002523687
5	500.0	469.2799999999999	358.4	500.0	8.2085521279914
5	500.0	486.0	390.2	500.0	8.219072047513455
5	494.8	472.12	400.0	500.0	8.205785071643616
5	500.0	484.15999999999997	419.4	500.0	8.210345662760883
5	491.7	471.23999999999995	414.4	500.0	8.19974332457995
5	500.0	482.21999999999997	390.8	500.0	8.209065322427334
5	500.0	485.52	417.0	500.0	8.199639300189041
5	500.0	492.66	444.6	500.0	8.208580607036014
5	500.0	484.32	429.4	500.0	8.217813638358704
5	500.0	479.48	415.4	500.0	8.205873689152986
5	500.0	483.64	336.4	500.0	8.213472671350576
5	500.0	485.76000000000005	413.0	500.0	8.197308839213587
5	500.0	481.0999999999999	405.2	500.0	8.20519545287324
5	479.0	448.7	341.4	500.0	8.192743407764318
5	475.6	464.8	390.8	500.0	8.180723716444923
5	500.0	494.3	443.0	500.0	8.199513822727361
5	477.9	463.2	409.2	500.0	8.205895233379284
5	421.0	423.38	232.8	500.0	8.1986723272586
5	500.0	487.9	439.2	500.0	8.194827395269767
5	500.0	486.21999999999997	433.2	500.0	8.19614143972095
5	500.0	475.7	331.8	500.0	8.202023350839603
5	500.0	466.48	382.4	500.0	8.20657660194041
5	500.0	487.3	409.2	500.0	8.225668654910931
5	500.0	479.84	390.8	500.0	8.223933344506667
5	500.0	473.2	411.2	500.0	8.204108275747796
5	470.7	445.1	328.8	500.0	8.187356808797194
5	500.0	462.82	352.8	500.0	8.172858927584052
5	500.0	481.21999999999997	424.0	500.0	8.170135377085193
5	500.0	478.48	410.0	500.0	8.164759949961395
5	500.0	491.84000000000003	468.8	500.0	8.169806728279653
5	490.7	464.34	329.4	500.0	8.169769280729675
5	492.2	471.7799999999999	365.8	500.0	8.180880053557894
5	500.0	465.21999999999997	328.6	500.0	8.165040672040984
5	500.0	490.84	445.4	500.0	8.15768931482822
5	500.0	495.0400000000001	463.6	500.0	8.165058183622058
5	500.0	473.6	333.0	500.0	8.185575340543174
5	500.0	493.94000000000005	459.6	500.0	8.19474342282541
5	500.0	486.34	435.6	500.0	8.177744804508748
5	500.0	491.84	418.4	500.0	8.171882583209138
5	500.0	460.62	334.6	500.0	8.166722568689687
5	500.0	488.06000000000006	421.0	500.0	8.147389141793814
5	500.0	484.0799999999999	406.6	500.0	8.14323428874536
5	500.0	470.2	370.2	500.0	8.116674813256884
5	500.0	489.93999999999994	428.6	500.0	8.11692413969308
5	460.79999999999995	443.62	312.0	500.0	8.116491457347616
5	497.6	474.18	368.2	500.0	8.106536743334926
5	452.9	448.86	373.8	500.0	8.105900645779238
5	442.8	429.06000000000006	247.8	500.0	8.1196848437739
5	500.0	450.7	296.8	500.0	8.131424655470463
5	500.0	476.96000000000004	361.6	500.0	8.135338037168701
5	481.1	469.43999999999994	409.0	500.0	8.132181210972098
5	500.0	473.24000000000007	373.8	500.0	8.145415406810663
5	500.0	482.36	410.8	500.0	8.134458651174759
5	500.0	472.82	409.2	500.0	8.142507176441976
5	500.0	485.34	442.4	500.0	8.152352188878
5	500.0	497.82	478.2	500.0	8.14535119370127
5	432.5	430.53999999999996	346.4	500.0	8.148364780618218
5	500.0	492.64	429.0	500.0	8.12183031805043
5	483.4	456.93999999999994	367.4	500.0	8.136301655367461
5	500.0	466.76000000000005	326.4	500.0	8.135696338675498
5	487.9	466.9	389.4	500.0	8.134450916824212
5	500.0	480.06000000000006	418.6	500.0	8.136198620500709
5	490.2	449.86	151.0	500.0	8.138134170869785
5	500.0	492.32	448.8	500.0	8.157518327596518
5	500.0	467.36	367.2	500.0	8.145790957441733
5	500.0	486.06000000000006	419.8	500.0	8.12773969981803
5	500.0	479.26000000000005	402.4	500.0	8.145882001444866
5	500.0	484.41999999999996	369.6	500.0	8.150983248130773
5	500.0	490.21999999999997	464.6	500.0	8.1389345617124
5	500.0	484.62	408.8	500.0	8.126355033247714
5	468.7	465.58000000000004	394.2	500.0	8.13596794796041
5	497.2	456.88	215.0	500.0	8.139353571537766
5	500.0	495.32	453.2	500.0	8.133323989680171
5	500.0	492.3	423.0	500.0	8.124523552746252
5	500.0	485.48	410.0	500.0	8.123124849856314
5	500.0	482.93999999999994	398.8	500.0	8.1163136166116
5	500.0	498.26000000000005	482.6	500.0	8.122188761606303
5	500.0	468.68	284.4	500.0	8.109117699841006
5	498.6	474.76000000000005	413.8	500.0	8.104251475602938
5	500.0	484.43999999999994	418.8	500.0	8.102393441974233
5	500.0	473.16	384.8	500.0	8.099694208219809
5	500.0	482.26000000000005	382.4	500.0	8.09163423077499
5	500.0	500.0	500.0	500.0	8.092784995809133
5	442.1	444.06000000000006	329.6	500.0	8.092784995809133
5	500.0	472.6	304.4	500.0	8.078078534613182
5	500.0	494.93999999999994	449.4	500.0	8.062811076962193
5	500.0	485.55999999999995	404.2	500.0	8.076539972290051
5	500.0	498.88	489.6	500.0	8.053463028032319
5	496.2	474.43999999999994	406.8	500.0	8.037753907866774
5	500.0	470.32	391.2	500.0	8.028638274824994
5	468.5	464.5799999999999	404.8	500.0	8.01612636928424
5	500.0	500.0	500.0	500.0	7.998421554128175
5	500.0	497.96000000000004	480.0	500.0	7.998421554128175
5	500.0	451.43999999999994	231.6	500.0	7.985283516928814
5	500.0	466.82000000000005	398.6	500.0	8.005849008597243
5	500.0	483.64	419.0	500.0	8.004253192346559
5	486.9	467.91999999999996	388.0	500.0	8.016945248954542
5	500.0	478.4	413.8	500.0	8.019559683291027
5	500.0	489.58000000000004	409.8	500.0	8.017993893921146
5	500.0	491.64000000000004	460.2	500.0	8.023846007177335
5	500.0	492.26000000000005	422.6	500.0	8.025927571159293
5	500.0	488.5	433.4	500.0	8.02008299858619
5	500.0	491.4	441.2	500.0	8.031948227018425
5	500.0	487.3	426.6	500.0	8.017817967162063
5	500.0	480.91999999999996	402.2	500.0	8.019879021101765
5	500.0	498.68	486.8	500.0	8.019057143089256
5	500.0	499.86	498.6	500.0	8.029256088893328
5	500.0	489.4	446.6	500.0	8.016975242394832
5	500.0	440.16	256.4	500.0	8.021680831815036
5	500.0	500.0	500.0	500.0	8.030991080607844
5	500.0	487.93999999999994	409.2	500.0	8.030991080607844
5	500.0	480.53999999999996	385.2	500.0	8.033233920525452
5	500.0	488.12	381.2	500.0	8.045876056187296
5	500.0	490.73999999999995	407.4	500.0	8.03722715688888
5	500.0	457.53999999999996	332.2	500.0	8.028626097970207
5	500.0	500.0	500.0	500.0	8.04046029140795
5	500.0	485.56000000000006	419.8	500.0	8.04046029140795
5	496.0	471.23999999999995	391.4	500.0	8.043493841105747
5	500.0	455.41999999999996	208.8	500.0	8.036269218229588
5	500.0	463.16	361.0	500.0	8.047024793892989
5	500.0	490.8	408.0	500.0	8.037558737323607
5	500.0	493.34	433.4	500.0	8.023866868597604
5	500.0	492.41999999999996	467.0	500.0	8.03245916013841
5	500.0	491.98	419.8	500.0	8.034716237493557
5	500.0	490.38	424.6	500.0	8.033656023819242
5	500.0	483.08000000000004	408.2	500.0	8.037610038046546
5	500.0	496.8	468.0	500.0	8.024198102679929
5	500.0	489.86	422.6	500.0	8.026738495801133
5	500.0	493.98	446.2	500.0	8.027424336381095
5	500.0	471.24000000000007	359.8	500.0	8.038413341809918
5	500.0	482.25999999999993	373.4	500.0	8.019642985595281
5	500.0	497.36	473.6	500.0	8.01839294312631
5	500.0	485.64	356.4	500.0	8.019828350456487
5	500.0	493.06000000000006	430.6	500.0	8.019894794689483
5	500.0	491.98	421.4	500.0	8.02147051214081
5	500.0	490.91999999999996	440.0	500.0	8.024451867384823
5	500.0	493.46000000000004	444.6	500.0	8.004195669964536
5	500.0	481.02	310.2	500.0	7.9992027323799
5	500.0	483.32000000000005	426.6	500.0	7.9732189016951605
5	500.0	470.82	387.6	500.0	7.967385769417672
5	500.0	469.4799999999999	375.4	500.0	7.977946743454377
5	404.0	420.37999999999994	336.6	500.0	7.982202057673196
5	500.0	484.82	412.2	500.0	7.9585491411367615
5	500.0	479.6	408.4	500.0	7.954335792565355
5	500.0	493.52	435.2	500.0	7.956285815755122
5	500.0	490.68	436.0	500.0	7.953162431511126
5	500.0	475.14	375.4	500.0	7.954093724976673
5	500.0	492.8	428.0	500.0	7.958119749219073
5	500.0	479.32	342.2	500.0	7.9423575691665205
5	500.0	468.91999999999996	359.2	500.0	7.943237122164343
5	500.0	491.43999999999994	416.2	500.0	7.940209690552949
5	500.0	494.86	448.6	500.0	7.954521315830615
5	500.0	491.12	441.8	500.0	7.953846532649334
5	500.0	476.52	408.6	500.0	7.9417474124247525
5	500.0	477.12	410.0	500.0	7.947504324480081
5	500.0	496.6	466.0	500.0	7.9508778052546685
5	500.0	493.86	438.6	500.0	7.943781177966973
5	500.0	488.9	408.2	500.0	7.931694798932824
5	500.0	465.14	231.0	500.0	7.944011467911073
5	498.2	475.23999999999995	379.2	500.0	7.951788566720697
5	500.0	494.96000000000004	451.6	500.0	7.950977299394142
5	500.0	492.6	437.4	500.0	7.936511383115116
5	500.0	493.12	465.4	500.0	7.924896183017222
5	500.0	487.23999999999995	402.0	500.0	7.924169826791855
5	500.0	500.0	500.0	500.0	7.930541526388683
5	500.0	490.03999999999996	451.2	500.0	7.930541526388683
5	498.2	471.0799999999999	377.4	500.0	7.921193174075771
5	498.4	440.4599999999999	156.2	500.0	7.92228599618556
5	500.0	480.36	423.4	500.0	7.9205892130705235
5	500.0	477.76000000000005	372.8	500.0	7.8962902031736695
5	500.0	493.64	436.4	500.0	7.890501309441138
5	500.0	490.18	440.0	500.0	7.915476756337132
5	500.0	495.64	456.4	500.0	7.917719122218203
5	500.0	482.08000000000004	356.4	500.0	7.924235561637995
5	500.0	487.23999999999995	441.0	500.0	7.935887711220987
5	500.0	493.82	438.2	500.0	7.933799530435839
5	500.0	479.98	403.4	500.0	7.92712904094695
5	500.0	500.0	500.0	500.0	7.9495627717154935
5	500.0	486.7	367.0	500.0	7.9495627717154935
5	500.0	488.3	422.2	500.0	7.942934412097513
5	500.0	497.52	475.2	500.0	7.935991649482857
5	500.0	499.6	496.0	500.0	7.938503452265542
5	500.0	472.36	223.6	500.0	7.934285565808318
5	500.0	493.98	450.0	500.0	7.9505999060887635
5	500.0	485.1	425.8	500.0	7.949146473719964
5	500.0	491.62	416.2	500.0	7.963758244667223
5	500.0	485.14	411.0	500.0	7.942969029156259
5	500.0	500.0	500.0	500.0	7.9548289075239245
5	500.0	485.26000000000005	424.0	500.0	7.9548289075239245
5	500.0	494.71999999999997	447.2	500.0	7.953993088234117
5	500.0	485.8	389.6	500.0	7.958951714984184
5	478.5	454.93999999999994	321.8	500.0	7.958571070350269
5	500.0	494.41999999999996	448.0	500.0	7.966956944924306
5	500.0	498.52	485.2	500.0	7.988067652157402
5	500.0	498.36	483.6	500.0	8.011253666052898
5	500.0	484.02	419.6	500.0	8.03640955231565
5	500.0	488.96000000000004	389.6	500.0	8.040184672810787
5	500.0	500.0	500.0	500.0	8.04321890045694
5	500.0	491.76000000000005	417.6	500.0	8.04321890045694
5	500.0	479.24000000000007	420.2	500.0	8.05103807941559
5	500.0	488.2	425.4	500.0	8.067612666959988
5	500.0	493.56000000000006	435.6	500.0	8.058612618293989
5	500.0	500.0	500.0	500.0	8.059565040262116
5	500.0	466.98	338.8	500.0	8.059565040262116
5	500.0	491.4	438.6	500.0	8.075682555818918
5	500.0	490.68	406.8	500.0	8.07189342805989
5	500.0	487.16	371.6	500.0	8.06486478213537
5	500.0	486.8	373.6	500.0	8.070202831571946
5	500.0	486.7	436.0	500.0	8.065599199953956
5	500.0	491.37999999999994	417.4	500.0	8.052962825568846
5	500.0	499.28000000000003	492.8	500.0	8.066431414764914
5	500.0	459.8	310.6	500.0	8.061240519827631
5	500.0	467.6	336.4	500.0	8.058089905563303
5	500.0	490.78000000000003	407.8	500.0	8.042307556189492
5	500.0	480.82	428.4	500.0	8.035867209780909
5	500.0	473.73999999999995	368.8	500.0	8.027103209342014
5	500.0	467.62	349.8	500.0	8.028769283900335
5	500.0	471.7	398.2	500.0	8.006509571797283
5	500.0	500.0	500.0	500.0	8.013946750525077
5	500.0	484.91999999999996	422.8	500.0	8.013946750525077
5	500.0	500.0	500.0	500.0	8.001858076941819
5	500.0	500.0	500.0	500.0	8.001858076941819
5	500.0	490.96000000000004	409.6	500.0	8.001858076941819
5	500.0	490.76000000000005	407.6	500.0	8.01156029723536
5	500.0	491.53999999999996	415.4	500.0	8.00589563250398
5	500.0	491.02	410.2	500.0	7.999216022775046
5	500.0	493.58000000000004	435.8	500.0	8.001453396822747
5	500.0	491.7200000000001	436.6	500.0	7.985045490310716
5	500.0	487.53999999999996	412.6	500.0	8.002571716112
5	500.0	497.06000000000006	476.8	500.0	7.984800995216333
5	500.0	486.28000000000003	441.8	500.0	7.990037343981039
5	500.0	495.68	456.8	500.0	7.958433366152522
5	500.0	494.03999999999996	440.4	500.0	7.952780457096033
5	500.0	494.86	448.6	500.0	7.964340714691243
5	500.0	499.32	493.2	500.0	7.960963806056526
5	500.0	473.05999999999995	409.2	500.0	7.967035613125535
5	500.0	488.0	421.4	500.0	7.958923092089939
5	500.0	500.0	500.0	500.0	7.964241476796043
5	500.0	488.21999999999997	411.2	500.0	7.964241476796043
5	500.0	500.0	500.0	500.0	7.962815478009549
5	500.0	484.91999999999996	425.8	500.0	7.962815478009549
5	500.0	495.32	453.2	500.0	7.966479240620739
5	500.0	498.46000000000004	484.6	500.0	7.964342321924981
5	500.0	500.0	500.0	500.0	7.969999917926014
5	500.0	496.28000000000003	463.0	500.0	7.969999917926014
5	500.0	500.0	500.0	500.0	7.963891349610733
5	500.0	500.0	500.0	500.0	7.963891349610733
5	500.0	485.7	413.8	500.0	7.963891349610733
5	500.0	500.0	500.0	500.0	7.9646265041205195
5	500.0	498.36	483.6	500.0	7.9646265041205195
5	500.0	500.0	500.0	500.0	7.972536978403013
5	500.0	500.0	500.0	500.0	7.972536978403013
5	500.0	500.0	500.0	500.0	7.972536978403013
5	500.0	494.12	441.2	500.0	7.972536978403013
5	500.0	492.12	421.2	500.0	7.97466795588237
5	500.0	497.1	471.0	500.0	7.967309613086655
5	500.0	487.0200000000001	420.6	500.0	7.961980831883777
5	500.0	482.2	382.4	500.0	7.9654916424303694
5	500.0	492.46000000000004	424.6	500.0	7.966207046707862
5	500.0	491.7	417.0	500.0	7.972218268272047
5	500.0	490.2	434.0	500.0	7.976751496056708
5	500.0	495.9	459.0	500.0	7.950253299077348
5	500.0	492.23999999999995	422.4	500.0	7.949524218449614
5	500.0	500.0	500.0	500.0	7.960665287946399
5	500.0	482.0	418.0	500.0	7.960665287946399
5	500.0	493.62	436.2	500.0	7.975504423519948
5	500.0	500.0	500.0	500.0	7.99380618816647
5	500.0	496.91999999999996	469.2	500.0	7.99380618816647
5	500.0	497.46000000000004	474.6	500.0	8.006129738068742
5	500.0	496.56000000000006	465.6	500.0	8.02235507013836
5	500.0	490.06000000000006	416.0	500.0	7.997007861010041
5	500.0	484.9	357.4	500.0	8.012108685513748
5	500.0	491.18	411.8	500.0	8.030430214363228
5	500.0	500.0	500.0	500.0	8.005198139731558
5	500.0	499.9	499.0	500.0	8.005198139731558
5	494.3	475.05999999999995	426.8	500.0	8.001158001396968
5	500.0	486.38	388.6	500.0	8.012315103490346
5	467.4	457.9	360.4	500.0	8.004523733746572
5	500.0	480.66	329.2	500.0	8.014785211422124
5	500.0	481.68	425.4	500.0	8.018620495964326
5	500.0	481.06000000000006	418.4	500.0	8.027667624130201
5	500.0	491.91999999999996	419.2	500.0	8.019043056573905
5	500.0	479.98	423.8	500.0	8.045094006637736
5	500.0	488.41999999999996	411.6	500.0	8.033854269999923
5	500.0	466.32	323.8	500.0	8.030592866697749
5	493.8	462.52	351.6	500.0	8.02897541227362
5	500.0	483.2	411.2	500.0	8.047623135413463
5	500.0	474.02	334.2	500.0	8.05595172021996
5	500.0	476.48	403.2	500.0	8.065703317643132
5	450.20000000000005	454.0	382.8	500.0	8.063929437700388
5	476.7	454.21999999999997	322.8	500.0	8.048084033443118
5	448.1	453.2	373.8	500.0	8.046004209572642
5	483.9	469.98	410.8	500.0	8.043769820629304
5	500.0	475.87999999999994	309.4	500.0	8.045317861719699
5	500.0	486.53999999999996	434.6	500.0	8.03948324947758
5	500.0	477.53999999999996	367.2	500.0	8.036376684878675
5	485.20000000000005	460.15999999999997	374.8	500.0	8.027109910411857
5	500.0	491.7	428.6	500.0	8.034407725890256
5	492.9	477.38	428.0	500.0	8.039627729096063
5	500.0	449.5	311.6	500.0	8.022354040771019
5	500.0	477.5	346.2	500.0	8.031420003349655
5	495.8	474.64	381.4	500.0	8.01613323141868
5	429.3	426.18	278.0	500.0	8.025808966522307
5	494.9	475.93999999999994	407.8	500.0	8.014734851422016
5	500.0	480.88	414.0	500.0	7.991187322192469
5	469.8	431.58000000000004	189.8	500.0	8.013266896526227
5	500.0	466.2	343.8	500.0	8.007495783989127
5	448.4	458.78000000000003	403.2	500.0	7.996988158266384
5	499.3	460.8	358.0	500.0	7.992735532734203
5	500.0	498.91999999999996	495.0	500.0	8.02216047143216
5	493.1	446.68	332.0	500.0	8.024433115215563
5	500.0	469.5	279.4	500.0	8.035221779300967
5	500.0	477.5400000000001	405.6	500.0	8.029545479158852
5	500.0	493.8	439.8	500.0	8.012451860010422
5	500.0	484.88	396.4	500.0	8.005708192848665
5	500.0	482.56000000000006	369.0	500.0	8.02438773854348
5	479.9	474.38	424.6	500.0	8.041553874397907
5	488.5	453.68	332.8	500.0	8.050891169178128
5	500.0	481.2	390.8	500.0	8.055281633079503
5	481.2	463.26000000000005	394.6	500.0	8.057346955638275
5	455.20000000000005	433.91999999999996	194.4	500.0	8.084727294686653
5	491.4	483.4	449.0	500.0	8.059254003498596
5	444.2	428.35999999999996	316.8	500.0	8.08941131376611
5	482.0	456.91999999999996	363.8	500.0	8.086972577892421
5	500.0	478.21999999999997	404.6	500.0	8.083734969454667
5	499.6	447.4	234.6	500.0	8.073953283847647
5	494.5	481.58000000000004	409.2	500.0	8.052118228019332
5	487.8	471.5400000000001	318.0	500.0	8.052176732419165
5	463.6	438.96000000000004	269.8	500.0	8.03621260821035
5	367.79999999999995	359.36	209.4	500.0	8.032333595036707
5	427.8	434.8	359.6	500.0	8.036590735770627
5	494.20000000000005	469.02	336.2	500.0	8.025606765213908
5	497.1	479.93999999999994	413.4	500.0	8.021798951122046
5	459.6	440.66	282.2	500.0	8.020078292941852
5	493.70000000000005	462.98	341.4	500.0	8.02612359594077
5	476.2	457.32000000000005	357.2	500.0	8.02280407279995
5	493.0	466.19999999999993	313.0	500.0	8.021348589395108
5	482.4	445.1	344.0	500.0	8.028027234623142
5	465.6	446.58000000000004	309.6	500.0	8.031821653515927
5	498.2	484.82	432.8	500.0	8.045042465625405
5	499.9	483.84000000000003	427.6	500.0	8.044641624393686
5	499.3	469.41999999999996	407.4	500.0	8.049697377437445
5	500.0	457.5	285.8	500.0	8.065579893040246
5	492.7	461.48	353.8	500.0	8.078234385461144
5	500.0	464.6	402.8	500.0	8.078967070693801
5	416.7	435.2	380.4	500.0	8.080863358766829
5	500.0	475.68	418.6	500.0	8.089020655757894
5	486.4	444.2	315.4	500.0	8.098801535226569
5	468.0	449.71999999999997	320.0	500.0	8.108848635861424
5	471.9	439.38	253.0	500.0	8.0989904303633
5	463.0	422.6	202.2	500.0	8.091913682244451
5	480.9	467.2	402.6	500.0	8.090461003885379
5	417.5	432.85999999999996	355.0	500.0	8.11115509995599
5	500.0	483.34	405.6	500.0	8.097106528365288
5	488.5	463.64	325.8	500.0	8.080042502295903
5	465.5	451.12	383.2	500.0	8.079558862502001
