5	490.1	467.76000000000005	352.0	500.0	8.629659403756722
5	498.0	471.66	363.0	500.0	8.634082921497102
5	480.5	465.18	404.6	500.0	8.632005868759444
5	500.0	475.76000000000005	410.8	500.0	8.642589974517579
5	496.5	480.98	412.0	500.0	8.630702043076461
5	441.3	447.26000000000005	350.4	500.0	8.639003318129712
5	500.0	475.14	363.8	500.0	8.65323966234342
5	459.0	453.8	375.2	500.0	8.669637356140644
5	475.1	464.02	410.4	500.0	8.663000568374592
5	500.0	458.36	279.0	500.0	8.665427925307004
5	450.4	450.3800000000001	408.8	500.0	8.66416354349739
5	477.4	442.56000000000006	318.6	500.0	8.68436388079116
5	435.1	441.43999999999994	381.4	500.0	8.670119872885332
5	470.5	461.41999999999996	392.4	500.0	8.657153428033292
5	487.4	467.43999999999994	313.2	500.0	8.654964779638728
5	445.0	450.2	385.8	500.0	8.63467614881009
5	454.6	458.28000000000003	407.4	500.0	8.63516594292682
5	425.20000000000005	428.03999999999996	356.2	500.0	8.635355969834286
5	427.9	432.9	335.4	500.0	8.631252734041793
5	494.2	472.87999999999994	393.2	500.0	8.62918299023569
5	495.2	481.7199999999999	412.6	500.0	8.62763835985893
5	460.79999999999995	445.41999999999996	317.0	500.0	8.638323486092794
5	463.8	461.58000000000004	383.4	500.0	8.654967295319722
5	443.4	440.8	376.4	500.0	8.652935870779038
5	491.7	473.08000000000004	354.6	500.0	8.636298509428679
5	445.9	450.58000000000004	431.0	498.4	8.641079305465796
5	477.8	450.66	333.6	500.0	8.649876660220853
5	434.7	428.34	334.8	500.0	8.644229374444768
5	430.29999999999995	431.7	339.2	500.0	8.64105669748821
5	483.4	464.14000000000004	383.2	500.0	8.629073682695836
5	479.1	473.14	355.4	500.0	8.63988831712822
5	500.0	481.88	357.4	500.0	8.664152012798889
5	441.4	441.5400000000001	316.0	500.0	8.65685780026946
5	459.4	436.28000000000003	253.8	500.0	8.659405803001054
5	474.7	470.76000000000005	423.0	500.0	8.644756459689317
5	429.6	419.8	314.6	500.0	8.636918399580923
5	486.20000000000005	477.02	423.4	500.0	8.638593482667806
5	471.1	461.88	390.2	500.0	8.66442125458414
5	414.0	411.71999999999997	261.8	500.0	8.659950160933295
5	475.20000000000005	454.4799999999999	351.4	500.0	8.6470318854534
5	455.0	455.62	392.8	500.0	8.643055923952486
5	431.6	426.4	327.0	500.0	8.639535917121252
5	496.8	461.96000000000004	366.8	500.0	8.634797731155912
5	476.4	462.52	389.4	500.0	8.62815634300352
5	441.70000000000005	437.65999999999997	313.6	500.0	8.62644037973499
5	425.5	427.86	301.0	500.0	8.610858955221339
5	475.4	440.74000000000007	318.6	500.0	8.60928131769982
5	470.9	466.4200000000001	412.6	500.0	8.60858798220937
5	441.9	432.38	333.4	500.0	8.610527510908485
5	424.3	416.52	356.2	482.2	8.620629839749787
5	486.5	468.5200000000001	394.0	500.0	8.628048593032101
5	449.9	440.26000000000005	357.2	500.0	8.628646636142149
5	462.1	459.82	366.8	500.0	8.613171973347624
5	446.5	439.52	316.4	500.0	8.624045649018932
5	451.4	418.16	152.0	500.0	8.637143701650446
5	485.5	469.5	396.8	500.0	8.624366726720073
5	499.7	473.84	391.0	500.0	8.629232056034596
5	464.5	434.96000000000004	298.6	500.0	8.649205990125752
5	487.29999999999995	462.32	384.4	500.0	8.661463050721908
5	462.9	454.02	363.6	500.0	8.661020692538338
5	486.2	464.02	397.4	500.0	8.657319269019132
5	446.4	447.23999999999995	377.0	488.4	8.666786408053724
5	492.0	477.18	423.2	500.0	8.672669174265542
5	464.3	435.32	296.4	500.0	8.66634316495184
5	443.6	437.78000000000003	343.0	500.0	8.646497655110283
5	455.0	442.76000000000005	342.2	500.0	8.658680415226168
5	449.4	450.5200000000001	374.0	500.0	8.669408577883486
5	463.0	456.53999999999996	394.6	500.0	8.675705158433445
5	436.4	428.53999999999996	220.6	500.0	8.670717708825114
5	486.29999999999995	473.36	369.6	500.0	8.661479140983436
5	469.79999999999995	458.38	386.0	500.0	8.683437779503425
5	497.6	477.82	394.8	500.0	8.679770372027928
5	484.5	471.98	406.6	500.0	8.677499872342262
5	446.7	448.32	328.8	500.0	8.681794319015205
5	496.9	460.52	303.4	500.0	8.682391216240541
5	497.6	452.35999999999996	306.4	500.0	8.66952539984704
5	500.0	479.1	430.4	500.0	8.67258189226077
5	456.1	447.14	365.2	500.0	8.663415991734453
5	500.0	481.56000000000006	437.0	500.0	8.652224767149399
5	476.70000000000005	470.08000000000004	420.0	500.0	8.642134182689436
5	382.5	409.96000000000004	312.8	500.0	8.639417454642286
5	459.9	463.32	403.6	500.0	8.630457238355364
5	475.6	474.0400000000001	411.2	500.0	8.62816112757242
5	490.0	476.44000000000005	408.8	500.0	8.636997902421696
5	473.29999999999995	464.71999999999997	403.6	500.0	8.648609603781454
5	471.0	456.32	392.2	500.0	8.657604568133236
5	500.0	478.43999999999994	435.0	500.0	8.656883712006994
5	458.6	453.94000000000005	402.0	500.0	8.66641015283174
5	488.79999999999995	462.91999999999996	360.2	500.0	8.664014866500015
5	409.4	423.5	328.8	500.0	8.66296427199356
5	451.29999999999995	452.48	402.6	500.0	8.665437009300721
5	439.79999999999995	449.66	391.2	500.0	8.672730213100255
5	477.5	468.12	429.0	500.0	8.690736123513126
5	476.5	454.7799999999999	366.0	500.0	8.69032577058602
5	469.70000000000005	455.2200000000001	363.6	500.0	8.708614072396577
5	476.1	462.82000000000005	353.6	500.0	8.719770420283051
5	460.9	467.2999999999999	435.4	500.0	8.696450383111475
5	468.6	446.18	217.2	500.0	8.695282647702372
5	473.29999999999995	466.62	400.8	500.0	8.69610475359098
5	471.4	461.1	385.8	500.0	8.709651223592395
