	168.0
	98.0
	52.0
	84.0
	131.0
	50.0
	298.0
	26.0
	109.0
	101.0
	294.0
	24.0
	153.0
	73.0
	308.0
	47.0
	103.0
	68.0
	46.0
	85.0
	99.0
	73.0
	97.0
	133.0
	375.0
	147.0
	97.0
	251.0
	184.0
	86.0
	47.0
	271.0
	25.0
	154.0
	158.0
	165.0
	217.0
	131.0
	131.0
	229.0
	199.0
	18.0
	155.0
	144.0
	299.0
	261.0
	32.0
	171.0
	120.0
	165.0
	36.0
	245.0
	187.0
	115.0
	140.0
	158.0
	188.0
	209.0
	104.0
	197.0
	89.0
	90.0
	218.0
	218.0
	217.0
	93.0
	144.0
	127.0
	211.0
	146.0
	205.0
	86.0
	181.0
	60.0
	177.0
	245.0
	227.0
	131.0
	190.0
	348.0
	134.0
	54.0
	72.0
	16.0
	173.0
	28.0
	178.0
	153.0
	61.0
	65.0
	163.0
	21.0
	104.0
	100.0
	383.0
	144.0
	38.0
	22.0
	62.0
	150.0
	244.0
	23.0
	32.0
	31.0
	188.0
	332.0
	118.0
	209.0
	174.0
	24.0
	267.0
	124.0
	275.0
	116.0
	68.0
	188.0
	81.0
	308.0
	162.0
	43.0
	334.0
	90.0
	144.0
	100.0
	82.0
	22.0
	28.0
	38.0
	83.0
	106.0
	31.0
	228.0
	134.0
	91.0
	176.0
	51.0
	202.0
	234.0
	263.0
	140.0
	230.0
	29.0
	39.0
	283.0
	198.0
	252.0
	137.0
	45.0
	56.0
	14.0
	164.0
	89.0
	16.0
	103.0
	66.0
	121.0
	189.0
	127.0
	105.0
	158.0
	159.0
	19.0
	39.0
	349.0
	54.0
	196.0
	42.0
	40.0
	37.0
	298.0
	200.0
	354.0
	149.0
	22.0
	26.0
	232.0
	322.0
	23.0
	91.0
	135.0
	227.0
	137.0
	37.0
	33.0
	252.0
	132.0
	205.0
	158.0
	88.0
	63.0
	245.0
	76.0
	225.0
	195.0
	29.0
	62.0
	43.0
	24.0
	83.0
	109.0
	38.0
	43.0
	30.0
	215.0
	89.0
	222.0
	23.0
	174.0
	54.0
	126.0
	41.0
	96.0
	25.0
	125.0
	190.0
	27.0
	207.0
	198.0
	140.0
	76.0
	100.0
	93.0
	185.0
	185.0
	169.0
	218.0
	98.0
	216.0
	234.0
	25.0
	161.0
	172.0
	115.0
	85.0
	177.0
	141.0
	167.0
	17.0
	158.0
	191.0
	26.0
	29.0
	205.0
	143.0
	85.0
	138.0
	119.0
	129.0
	216.0
	179.0
	23.0
	177.0
	33.0
	141.0
	310.0
	175.0
	163.0
	92.0
	88.0
	125.0
	49.0
	133.0
	54.0
	167.0
	122.0
	302.0
	104.0
	173.0
	120.0
	273.0
	36.0
	26.0
	37.0
	90.0
	260.0
	106.0
	210.0
	97.0
	134.0
	167.0
	56.0
	316.0
	280.0
	114.0
	31.0
	215.0
	199.0
	66.0
	129.0
	25.0
	366.0
	135.0
	356.0
	131.0
	116.0
