	108.0
	275.0
	127.0
	53.0
	219.0
	157.0
	29.0
	155.0
	130.0
	177.0
	101.0
	85.0
	80.0
	21.0
	18.0
	96.0
	168.0
	171.0
	282.0
	305.0
	164.0
	56.0
	211.0
	20.0
	247.0
	195.0
	198.0
	279.0
	178.0
	205.0
	84.0
	153.0
	103.0
	161.0
	68.0
	55.0
	126.0
	197.0
	191.0
	89.0
	79.0
	176.0
	14.0
	189.0
	188.0
	108.0
	176.0
	134.0
	262.0
	99.0
	168.0
	79.0
	60.0
	118.0
	51.0
	78.0
	197.0
	144.0
	63.0
	222.0
	278.0
	269.0
	134.0
	60.0
	105.0
	243.0
	239.0
	99.0
	76.0
	56.0
	65.0
	178.0
	134.0
	184.0
	98.0
	176.0
	19.0
	39.0
	223.0
	243.0
	38.0
	216.0
	101.0
	101.0
	222.0
	121.0
	107.0
	77.0
	74.0
	144.0
	40.0
	159.0
	267.0
	84.0
	323.0
	81.0
	189.0
	123.0
	197.0
	182.0
	53.0
	310.0
	120.0
	239.0
	80.0
	214.0
	109.0
	126.0
	144.0
	13.0
	142.0
	210.0
	279.0
	65.0
	108.0
	108.0
	39.0
	24.0
	152.0
	222.0
	216.0
	212.0
	149.0
	143.0
	65.0
	68.0
	205.0
	104.0
	401.0
	100.0
	279.0
	100.0
	82.0
	243.0
	77.0
	156.0
	160.0
	26.0
	212.0
	180.0
	76.0
	62.0
	41.0
	53.0
	354.0
	121.0
	161.0
	113.0
	42.0
	83.0
	284.0
	122.0
	84.0
	350.0
	273.0
	151.0
	366.0
	208.0
	154.0
	97.0
	49.0
	63.0
	107.0
	130.0
	182.0
	117.0
	129.0
	183.0
	144.0
	89.0
	111.0
	177.0
	149.0
	120.0
	234.0
	230.0
	191.0
	155.0
	233.0
	214.0
	131.0
	193.0
	137.0
	39.0
	164.0
	107.0
	229.0
	132.0
	210.0
	343.0
	127.0
	104.0
	45.0
	30.0
	130.0
	49.0
	102.0
	237.0
	201.0
	178.0
	132.0
	155.0
	140.0
	72.0
	83.0
	58.0
	251.0
	96.0
	99.0
	148.0
	198.0
	66.0
	149.0
	139.0
	164.0
	160.0
	139.0
	66.0
	116.0
	140.0
	35.0
	119.0
	110.0
	120.0
	76.0
	117.0
	25.0
	252.0
	82.0
	184.0
	108.0
	166.0
	144.0
	102.0
	139.0
	277.0
	82.0
	177.0
	175.0
	46.0
	268.0
	180.0
	228.0
	98.0
	133.0
	201.0
	181.0
	91.0
	151.0
	195.0
	147.0
	101.0
	61.0
	93.0
	163.0
	280.0
	299.0
	39.0
	160.0
	119.0
	105.0
	231.0
	193.0
	141.0
	185.0
	65.0
	221.0
	72.0
	153.0
	131.0
	54.0
	183.0
	236.0
	239.0
	55.0
	211.0
	177.0
