1	23.0	29.2	11.0	84.0	8.482067376152427
1	16.5	27.1	10.0	72.0	8.488056235816087
1	16.5	19.1	8.0	39.0	8.486090506201647
1	15.0	17.2	10.0	28.0	8.48843445252118
1	20.0	21.3	11.0	33.0	8.499632925520281
1	18.0	19.3	10.0	33.0	8.51575106589268
1	18.0	19.1	9.0	41.0	8.513606232139548
1	14.5	16.1	9.0	30.0	8.529867057662486
1	12.5	13.2	8.0	25.0	8.523830790131656
1	23.0	25.0	13.0	40.0	8.511838464628818
1	16.5	18.2	13.0	33.0	8.503298689424758
1	19.0	22.2	9.0	44.0	8.515612850461297
1	22.0	18.7	11.0	25.0	8.50661877518629
1	16.0	17.5	11.0	30.0	8.514581156322187
1	20.0	22.2	13.0	40.0	8.499360820695363
1	19.5	20.4	11.0	39.0	8.499525321444933
1	16.0	23.5	13.0	63.0	8.491185588972277
1	16.5	18.5	10.0	37.0	8.500796579020248
1	13.5	18.6	9.0	46.0	8.500424937633266
1	19.0	21.1	12.0	35.0	8.498514515581695
1	18.5	19.9	11.0	43.0	8.502050603336844
1	21.5	22.5	11.0	34.0	8.501173987612422
1	15.5	23.3	11.0	58.0	8.504670714893184
1	18.5	20.7	9.0	42.0	8.49659278523304
1	18.0	19.3	13.0	32.0	8.502118847004395
1	18.0	23.1	11.0	51.0	8.49658803308119
1	24.0	25.0	12.0	47.0	8.505279565016025
1	19.0	21.2	13.0	49.0	8.510242231477857
1	18.0	23.9	9.0	62.0	8.521961697555838
1	19.5	21.1	13.0	34.0	8.515477154404236
1	19.0	25.3	13.0	55.0	8.525343593004603
1	17.5	18.6	12.0	31.0	8.526166904829193
1	19.0	24.1	10.0	50.0	8.527188481316214
1	14.0	14.6	9.0	22.0	8.529692703592579
1	15.5	16.7	11.0	27.0	8.528794485262502
1	14.5	17.9	11.0	29.0	8.520269499539122
1	19.0	26.3	16.0	55.0	8.508159869189429
1	22.0	19.6	10.0	27.0	8.521200363584601
1	25.5	30.4	15.0	67.0	8.521959449456748
1	28.0	32.1	12.0	63.0	8.521219297451044
1	26.0	26.0	10.0	41.0	8.526026845199603
1	21.5	28.6	14.0	70.0	8.53828257141717
1	29.0	31.8	10.0	68.0	8.53095237881273
1	15.0	19.4	11.0	42.0	8.528210665172212
1	23.0	32.2	11.0	76.0	8.524468228166072
1	19.0	24.9	12.0	59.0	8.537979667033655
1	25.0	28.8	22.0	43.0	8.536402150659551
1	18.5	20.8	10.0	47.0	8.533248435323365
1	21.5	23.5	13.0	37.0	8.543376777975563
1	22.0	23.4	12.0	40.0	8.550348383937925
1	21.0	23.4	13.0	39.0	8.549189178704188
1	21.0	25.6	11.0	58.0	8.547756345109361
1	21.0	23.2	12.0	42.0	8.547180196232212
1	20.0	24.5	13.0	49.0	8.540381707949921
1	16.5	24.6	13.0	53.0	8.54205752851043
1	22.5	22.9	9.0	44.0	8.549323558365286
1	24.5	25.8	11.0	51.0	8.545565851391197
1	27.5	31.0	15.0	68.0	8.544138063941041
1	19.0	22.0	13.0	53.0	8.5358418853722
1	32.5	32.2	15.0	45.0	8.547673681842674
1	25.0	26.5	13.0	40.0	8.544207552090672
1	13.5	21.2	11.0	41.0	8.549207567049319
1	25.0	24.3	19.0	30.0	8.551666866549748
1	22.5	31.9	11.0	87.0	8.55785500495917
1	26.5	28.3	11.0	70.0	8.552715958483168
1	24.5	27.2	13.0	60.0	8.546782503373443
1	26.0	29.7	14.0	54.0	8.544220713383229
1	30.0	32.6	12.0	53.0	8.54556540429987
1	34.0	39.1	19.0	78.0	8.553215318524368
1	23.0	29.5	13.0	89.0	8.53846190964348
1	27.0	26.9	16.0	39.0	8.536540075298133
1	27.0	35.2	14.0	122.0	8.540204568443217
1	27.5	29.1	15.0	46.0	8.54969937293968
1	25.5	33.3	11.0	88.0	8.558133186694233
1	28.5	32.1	13.0	78.0	8.55334781030146
1	21.5	29.3	17.0	85.0	8.553915811707341
1	26.0	27.3	16.0	46.0	8.555473203972367
1	34.5	40.0	16.0	69.0	8.555922576872714
1	26.0	29.9	16.0	60.0	8.563849516252528
1	38.0	33.8	12.0	50.0	8.574984131924921
1	30.5	34.1	12.0	63.0	8.570403767115689
1	24.0	30.1	16.0	61.0	8.56655955872877
1	28.0	34.5	11.0	75.0	8.567940398321007
1	40.0	44.8	20.0	79.0	8.565003089957449
1	28.0	31.1	13.0	57.0	8.561030267355905
1	26.5	30.1	14.0	61.0	8.557735678373145
1	32.0	39.7	16.0	97.0	8.549666242903191
1	23.0	24.2	15.0	42.0	8.546341343208516
1	26.0	39.3	14.0	82.0	8.547631971793743
1	39.0	45.1	11.0	101.0	8.548270267569839
1	27.0	35.0	18.0	71.0	8.54361460304343
1	35.0	46.6	20.0	98.0	8.546596082045516
1	38.5	49.6	10.0	111.0	8.547005255812037
1	31.0	59.3	17.0	230.0	8.55149833294677
1	28.5	34.8	12.0	130.0	8.553441951493905
1	38.0	38.8	14.0	82.0	8.56256720091681
1	27.5	40.6	11.0	118.0	8.5638675341967
1	30.0	31.6	14.0	62.0	8.560014040796233
1	53.5	52.4	16.0	109.0	8.54794890250768
1	24.0	27.9	13.0	60.0	8.547266764826023
1	28.5	31.0	14.0	68.0	8.543544960901094
1	36.5	40.0	24.0	78.0	8.537543739372126
1	40.5	41.8	13.0	82.0	8.525395073196774
1	35.0	42.0	16.0	105.0	8.54425480406428
1	37.0	45.1	19.0	88.0	8.538160316624383
1	34.0	35.1	11.0	63.0	8.534310342538314
1	26.0	44.4	14.0	116.0	8.53084961475603
1	22.5	28.1	14.0	63.0	8.520032072609053
1	50.0	49.8	19.0	84.0	8.520322727840714
1	55.5	65.3	27.0	129.0	8.521457807104522
1	50.5	54.8	11.0	126.0	8.525103380771606
1	42.5	51.5	14.0	119.0	8.514148720151521
1	28.0	42.2	13.0	121.0	8.520553254578939
1	35.0	43.1	12.0	84.0	8.537866505905933
1	27.5	45.0	15.0	104.0	8.538646417577619
1	26.0	30.7	11.0	82.0	8.538951400165468
1	38.0	45.6	12.0	77.0	8.543635994002209
1	35.5	38.5	12.0	89.0	8.55962790146634
1	24.5	26.2	17.0	38.0	8.554050323897195
1	36.0	40.1	12.0	86.0	8.549026596911688
1	38.5	42.4	13.0	132.0	8.544768950347086
1	28.0	33.2	18.0	75.0	8.545675360658974
1	32.0	32.0	12.0	52.0	8.54562135467662
1	44.5	63.4	25.0	161.0	8.538104025742777
1	29.0	30.5	18.0	54.0	8.537038988841624
1	28.0	37.8	18.0	134.0	8.531287712805105
1	31.5	34.4	18.0	73.0	8.515266510049456
1	24.0	31.2	15.0	63.0	8.519489342148256
1	29.0	45.0	20.0	89.0	8.521543005401984
1	27.0	28.8	18.0	47.0	8.525120292982987
1	39.0	45.9	28.0	70.0	8.518601944921548
1	24.0	29.4	14.0	62.0	8.51222397942468
1	35.5	41.9	17.0	78.0	8.509151824727645
1	50.5	48.1	12.0	98.0	8.51288756151088
1	26.5	35.1	15.0	91.0	8.520293515265106
1	27.0	28.7	12.0	44.0	8.527404472836178
1	45.5	49.5	18.0	89.0	8.521755375580623
1	26.5	28.3	14.0	51.0	8.513739884929773
1	40.5	43.2	9.0	76.0	8.509850289496622
1	26.0	29.7	12.0	64.0	8.519594451290708
1	26.5	30.5	12.0	51.0	8.527324307870865
1	29.0	44.7	15.0	95.0	8.527785860721103
1	24.5	27.3	9.0	59.0	8.530437982034368
1	25.0	31.1	13.0	73.0	8.536574613543342
1	37.5	40.5	14.0	95.0	8.534280938563306
1	27.0	34.8	13.0	89.0	8.540124645178937
1	45.0	49.8	10.0	106.0	8.550738565801007
1	41.0	42.8	18.0	82.0	8.547657471856791
1	31.5	46.3	10.0	158.0	8.550827287767863
1	30.5	41.0	20.0	134.0	8.54858005501106
1	29.0	35.6	11.0	82.0	8.531159593846922
1	56.0	63.5	15.0	135.0	8.527439121118546
1	29.0	43.3	11.0	125.0	8.530400001940786
1	50.0	50.1	19.0	80.0	8.528927614758858
1	33.5	35.8	13.0	69.0	8.525742261943645
1	37.5	37.0	10.0	64.0	8.520803965061678
1	42.0	43.1	27.0	67.0	8.517340091206261
1	39.5	56.5	15.0	227.0	8.512007015139028
1	43.5	45.0	18.0	84.0	8.505124810144347
1	37.0	39.0	20.0	69.0	8.499641522988066
1	39.0	39.2	13.0	77.0	8.502292418646206
1	32.5	40.0	20.0	87.0	8.505520348368938
1	48.5	50.1	17.0	91.0	8.507329591582481
1	42.5	47.3	9.0	127.0	8.518800247695529
1	50.5	62.6	22.0	141.0	8.513580888960217
1	35.0	46.9	15.0	96.0	8.507262503393763
1	47.0	47.4	16.0	75.0	8.506379041919303
1	38.5	46.4	17.0	95.0	8.50679856322277
1	39.0	38.0	22.0	69.0	8.51339894897344
1	40.0	47.3	9.0	118.0	8.520494251620548
1	57.0	53.9	16.0	97.0	8.514466969641946
1	44.5	41.9	14.0	65.0	8.509453241469664
1	38.0	34.6	19.0	52.0	8.51841360013339
1	31.5	34.0	10.0	67.0	8.504533855697794
1	31.0	41.6	12.0	105.0	8.495802808549561
1	76.5	71.6	29.0	125.0	8.494163898363075
1	42.5	43.0	30.0	58.0	8.485507116693121
1	41.5	41.6	16.0	79.0	8.479868804069342
1	73.5	68.0	33.0	155.0	8.484091014691097
1	35.0	39.8	20.0	73.0	8.49041924731366
1	38.0	50.7	19.0	124.0	8.491456129710372
1	34.5	35.8	11.0	75.0	8.490502625241959
1	28.0	40.8	16.0	103.0	8.50236399321804
1	26.0	40.3	16.0	111.0	8.49306859872862
1	49.5	50.3	14.0	83.0	8.482230743983077
1	39.5	47.1	24.0	102.0	8.485690620025709
1	37.5	53.7	14.0	121.0	8.491191571411617
1	54.0	54.1	23.0	84.0	8.49191461238723
1	41.0	58.2	19.0	117.0	8.49438199941463
1	23.0	34.2	13.0	79.0	8.495229227540603
1	43.5	45.2	25.0	79.0	8.492489853683447
1	34.5	37.9	19.0	66.0	8.495348486891062
1	36.0	39.8	10.0	88.0	8.493579357095518
1	40.5	50.5	21.0	108.0	8.488682696314562
1	36.5	39.0	12.0	84.0	8.484857694599052
1	34.0	44.0	15.0	114.0	8.481376326840214
1	39.0	52.0	10.0	124.0	8.472570053240048
1	39.0	56.8	16.0	134.0	8.466242498305531
1	59.0	63.8	36.0	126.0	8.474671784790813
1	36.5	35.8	9.0	61.0	8.478571829992584
1	38.5	42.9	19.0	91.0	8.482705210433197
1	38.0	41.5	16.0	86.0	8.489464618126407
1	45.5	53.4	19.0	120.0	8.481038725436104
1	40.0	56.0	20.0	151.0	8.476649748049379
1	38.5	39.6	20.0	76.0	8.479187888686672
1	44.5	46.4	25.0	75.0	8.48517863920736
1	39.0	42.4	14.0	89.0	8.49867585402963
1	40.5	42.6	26.0	69.0	8.50910421816069
1	38.0	36.7	17.0	75.0	8.499525243910895
1	42.5	47.1	17.0	103.0	8.485205529189821
1	39.0	49.8	17.0	106.0	8.502298888025479
1	44.0	42.6	15.0	91.0	8.498885743115316
1	41.0	44.0	14.0	83.0	8.502947960352664
1	44.0	48.1	22.0	88.0	8.499526975629175
1	36.5	51.8	15.0	183.0	8.495405220244653
1	43.5	53.0	25.0	132.0	8.497601002882233
1	35.0	44.9	20.0	138.0	8.504221064907368
1	75.5	66.5	24.0	121.0	8.514546085345334
1	57.5	56.7	21.0	98.0	8.517621152283771
1	31.5	31.7	17.0	60.0	8.511843937109173
1	43.5	45.1	19.0	99.0	8.513283787009557
1	49.5	58.9	20.0	155.0	8.525288593164213
1	49.5	52.4	22.0	88.0	8.516548807685297
1	44.5	44.7	26.0	65.0	8.513735230830887
1	44.5	49.0	11.0	104.0	8.516576837857937
1	46.5	62.9	16.0	122.0	8.513943611513973
1	49.5	52.8	30.0	103.0	8.516273062733633
1	31.5	31.8	13.0	53.0	8.517339167991867
1	43.5	48.8	19.0	88.0	8.502507770478571
1	57.5	69.0	26.0	147.0	8.499751412983837
1	58.5	68.3	34.0	124.0	8.500233118220361
1	60.0	59.2	32.0	90.0	8.499672202274045
1	61.0	71.9	20.0	141.0	8.489772467547967
1	56.0	62.9	30.0	118.0	8.480899920057494
1	56.0	80.9	41.0	171.0	8.490293525262318
1	34.5	40.2	12.0	84.0	8.493390365878213
1	43.0	47.2	27.0	110.0	8.501996906639802
1	32.0	38.7	19.0	97.0	8.502594480394318
1	38.5	43.1	17.0	114.0	8.49242644754175
1	38.0	39.6	12.0	83.0	8.481361384220152
1	48.0	57.6	15.0	123.0	8.488562263075446
1	33.5	71.4	26.0	309.0	8.477377733327653
1	54.5	51.4	18.0	81.0	8.478039457797548
1	37.5	44.3	22.0	88.0	8.479504692617141
1	48.5	59.5	20.0	152.0	8.47261535867159
1	50.0	51.6	24.0	109.0	8.466133545811834
1	59.0	65.8	21.0	199.0	8.468113303167119
1	40.0	53.6	12.0	132.0	8.467902750828344
1	42.0	46.8	19.0	77.0	8.462781398390229
1	46.5	46.3	10.0	73.0	8.458609818196969
1	37.0	49.4	14.0	174.0	8.446215224099742
1	41.0	48.4	18.0	119.0	8.449343837022322
1	35.0	39.2	24.0	70.0	8.449033430450816
1	34.5	46.9	18.0	127.0	8.448645671850958
1	58.5	63.2	14.0	107.0	8.444321736099141
1	63.5	82.0	18.0	183.0	8.462530824847075
1	39.5	42.2	16.0	84.0	8.464926135209572
1	53.0	50.1	13.0	117.0	8.468565038396171
1	48.5	56.7	21.0	144.0	8.46845632894591
1	37.5	63.5	15.0	252.0	8.481655678961527
1	51.5	49.5	13.0	88.0	8.495469636905996
1	56.0	65.7	16.0	149.0	8.489054610059371
1	44.0	49.4	30.0	115.0	8.49174064512173
1	47.0	49.9	19.0	104.0	8.483549148644821
1	34.5	47.3	14.0	109.0	8.509574305713711
1	65.0	59.0	22.0	106.0	8.509245477860723
1	40.5	47.3	19.0	104.0	8.507638835777492
1	49.5	62.8	29.0	163.0	8.496959976941666
1	37.0	44.9	13.0	106.0	8.495327736333412
1	57.0	57.0	20.0	117.0	8.493052641672103
1	40.0	47.1	18.0	104.0	8.480953692083174
1	46.0	59.5	19.0	161.0	8.485933800738241
1	58.5	69.6	20.0	202.0	8.477761563329242
1	41.5	43.0	16.0	98.0	8.49467810981939
1	40.0	55.2	16.0	177.0	8.506898542783167
1	47.5	92.4	26.0	352.0	8.50967091053203
1	42.0	47.1	32.0	72.0	8.502257345708868
1	47.5	58.8	12.0	153.0	8.5003527347878
1	52.5	60.9	34.0	134.0	8.50258962083744
1	64.0	57.9	24.0	86.0	8.506198771975567
1	43.0	51.1	21.0	119.0	8.518014323074812
1	43.0	46.9	21.0	98.0	8.512504375735443
1	60.0	55.9	24.0	76.0	8.512160367866034
1	43.0	45.8	19.0	75.0	8.513652392983415
1	35.5	43.6	22.0	84.0	8.521147344921646
1	79.5	75.8	30.0	152.0	8.519874274026325
1	50.0	60.5	23.0	128.0	8.505730648651376
1	61.0	67.6	28.0	132.0	8.497634450056367
1	52.0	63.3	16.0	180.0	8.495622389284334
1	33.0	50.8	24.0	199.0	8.492149115459249
1	39.0	39.7	9.0	83.0	8.490295675382663
1	41.5	40.7	28.0	58.0	8.490709267534864
1	42.5	56.9	12.0	152.0	8.483607261807895
1	37.0	37.8	12.0	71.0	8.487307656512408
1	47.0	61.9	16.0	183.0	8.48270304634802
1	30.5	39.7	17.0	88.0	8.47678069981005
1	39.0	43.4	20.0	103.0	8.48215865825763
1	57.0	56.1	20.0	89.0	8.483711116731694
1	45.0	59.5	30.0	99.0	8.478596740515922
1	38.5	42.4	18.0	98.0	8.480092077017922
1	38.0	54.5	24.0	177.0	8.475591031677864
1	41.5	65.6	17.0	149.0	8.486663853303824
1	36.0	34.4	17.0	54.0	8.493035161370782
1	56.0	63.0	20.0	114.0	8.489479717368447
1	31.5	43.6	11.0	118.0	8.472048959258775
1	42.5	54.8	22.0	104.0	8.472834410628522
1	48.5	61.9	12.0	147.0	8.47666286555005
1	56.5	68.9	19.0	130.0	8.473543889615838
1	53.0	80.5	18.0	333.0	8.473574587019572
1	56.5	56.8	38.0	87.0	8.476296635881075
1	36.5	39.9	25.0	60.0	8.480915572986822
1	29.0	36.5	16.0	87.0	8.484847684695287
1	48.0	72.7	17.0	245.0	8.480631751687701
1	36.0	41.5	18.0	71.0	8.488977533306713
1	30.5	36.4	11.0	92.0	8.489323152780258
1	40.5	53.7	14.0	122.0	8.499586633180561
1	54.5	53.7	18.0	100.0	8.510876642318115
1	55.5	56.0	21.0	89.0	8.5182169312826
1	56.5	54.8	25.0	82.0	8.522362936492518
1	41.5	48.4	25.0	94.0	8.517156233157294
1	33.5	55.7	18.0	200.0	8.520736150079463
1	45.5	59.5	16.0	158.0	8.522928346679828
1	20.5	27.8	12.0	78.0	8.518797682812753
1	58.5	58.7	27.0	115.0	8.521675312075145
1	54.0	54.4	20.0	127.0	8.511645580037433
1	62.5	64.0	11.0	113.0	8.501983027825295
1	32.0	43.8	23.0	95.0	8.508455790859355
1	52.0	68.6	18.0	171.0	8.500369866289166
1	41.5	38.8	15.0	72.0	8.500414142458855
1	43.0	57.5	25.0	150.0	8.510006268048052
1	44.5	44.6	21.0	63.0	8.503549283022021
1	57.5	69.8	17.0	181.0	8.524944470266629
1	51.0	58.1	25.0	101.0	8.51210936066778
1	61.0	56.9	28.0	81.0	8.526183843142553
1	42.0	56.0	16.0	145.0	8.518549116663399
1	71.5	78.3	37.0	131.0	8.518747401079114
1	55.0	76.3	23.0	265.0	8.513752406563258
1	33.5	44.1	12.0	103.0	8.50794805928483
1	45.0	55.7	23.0	113.0	8.49921525506468
1	52.5	52.5	14.0	88.0	8.50449896229929
1	34.0	37.6	23.0	58.0	8.495069719040993
1	45.5	61.4	31.0	144.0	8.489164789031458
1	43.0	50.1	30.0	94.0	8.486517589128665
1	48.5	60.5	22.0	195.0	8.485857471685028
1	52.5	74.0	26.0	192.0	8.476265836998769
1	35.5	54.3	13.0	139.0	8.487260387442063
1	33.0	52.7	17.0	154.0	8.479224446090155
1	24.0	27.8	13.0	50.0	8.469999845403812
1	41.5	38.1	13.0	72.0	8.477057499617157
1	40.0	50.4	19.0	100.0	8.481862677822008
1	32.5	41.4	16.0	119.0	8.489689548245332
1	66.0	79.2	27.0	171.0	8.487586589119198
1	48.5	49.8	15.0	116.0	8.49704416648239
1	40.5	39.0	11.0	62.0	8.50745187568509
1	34.0	40.5	20.0	94.0	8.507763136895074
1	46.5	63.1	18.0	128.0	8.500670642486151
1	29.0	34.0	14.0	65.0	8.482780412369427
1	36.0	48.6	14.0	103.0	8.479655418254893
1	32.5	41.1	14.0	76.0	8.479937597141676
1	74.0	80.1	24.0	148.0	8.478974580509872
1	52.5	81.2	31.0	254.0	8.469279625745202
1	58.5	72.8	14.0	222.0	8.479119797107174
1	43.0	52.2	17.0	106.0	8.482622488053446
1	69.5	83.6	16.0	193.0	8.490814546058951
1	41.5	61.9	27.0	154.0	8.495849777874572
1	45.5	52.8	23.0	89.0	8.491916924355207
1	35.0	44.0	16.0	111.0	8.493586949634915
1	45.0	56.8	11.0	114.0	8.497988522900423
1	54.0	58.1	24.0	99.0	8.488319590638431
1	50.5	64.7	25.0	136.0	8.481474896876694
1	41.5	50.7	24.0	101.0	8.48121889830907
1	69.0	60.6	20.0	98.0	8.48354580831311
1	44.5	46.0	22.0	77.0	8.480322375228804
1	76.5	68.8	29.0	104.0	8.478011580617636
1	45.5	65.2	15.0	137.0	8.485484709214143
1	79.5	81.2	29.0	132.0	8.480478047885008
1	45.5	55.2	23.0	129.0	8.480181893824016
1	29.0	39.1	13.0	79.0	8.468303252643256
1	44.5	51.3	31.0	86.0	8.467361895429212
1	37.0	39.9	10.0	80.0	8.466818292151588
1	36.0	39.7	15.0	68.0	8.46069593301328
1	48.5	62.9	27.0	154.0	8.461826366385193
1	64.5	66.9	15.0	118.0	8.456483696272743
1	58.0	57.4	30.0	97.0	8.448140435760816
1	44.5	46.2	11.0	95.0	8.447235112612338
1	31.0	39.7	16.0	94.0	8.449379428592874
1	52.5	55.7	17.0	97.0	8.455661622237166
1	48.0	45.1	12.0	75.0	8.451574735665389
1	43.0	43.7	20.0	73.0	8.452324790677867
1	35.0	39.6	16.0	93.0	8.447858827521413
1	41.0	41.1	28.0	56.0	8.437942928291399
1	50.0	50.9	18.0	81.0	8.445683750008918
1	38.0	53.6	11.0	161.0	8.436247022988718
1	38.5	45.8	15.0	115.0	8.425833812232193
1	32.5	46.0	13.0	116.0	8.425527976247201
1	41.5	50.1	12.0	123.0	8.42745032786652
1	37.5	50.4	22.0	115.0	8.4316995529856
1	34.5	48.9	15.0	108.0	8.439113372017442
1	39.0	44.2	13.0	110.0	8.436069190198152
1	64.5	60.6	24.0	92.0	8.444279545729527
1	36.0	44.6	19.0	98.0	8.441606501343355
1	43.0	50.3	17.0	98.0	8.446525388473514
1	44.0	54.6	29.0	125.0	8.434220446786966
1	40.5	38.3	16.0	51.0	8.438281587421885
1	36.5	36.6	13.0	72.0	8.433226109878202
1	36.5	56.9	11.0	154.0	8.430035508581694
1	66.0	62.6	19.0	108.0	8.42976551872045
1	30.0	56.9	15.0	174.0	8.431379039061705
1	42.5	58.7	9.0	148.0	8.436849545955464
1	51.0	83.0	17.0	254.0	8.425263309557172
1	51.0	60.3	31.0	119.0	8.404439718899896
1	38.0	47.6	23.0	94.0	8.410801079755236
1	70.5	84.1	46.0	231.0	8.412831147651012
1	46.5	58.5	21.0	133.0	8.407501606355266
1	44.5	45.3	14.0	95.0	8.397102294566922
1	37.0	43.8	17.0	95.0	8.41983084670428
1	53.5	67.6	20.0	133.0	8.41240416028335
1	39.5	47.3	19.0	94.0	8.407171213771386
1	58.5	53.7	23.0	75.0	8.417011154118395
1	42.5	51.5	14.0	114.0	8.410901888787079
1	36.0	39.3	20.0	66.0	8.415184530624328
1	44.5	40.8	12.0	58.0	8.41320516310144
1	42.5	50.5	13.0	165.0	8.418784647361166
1	29.5	54.8	19.0	208.0	8.4193141787127
1	51.0	56.4	14.0	123.0	8.429276836051676
1	45.5	46.7	17.0	90.0	8.43425021836158
1	41.0	53.6	21.0	102.0	8.426434241917876
1	54.0	68.6	34.0	142.0	8.422064367710437
1	44.5	61.1	18.0	147.0	8.412935329419627
1	41.0	53.4	18.0	146.0	8.416447849095709
1	60.0	71.9	17.0	165.0	8.420602751412362
1	40.5	39.0	17.0	54.0	8.428567994398447
1	47.0	49.7	18.0	101.0	8.423107398820486
1	41.5	44.2	17.0	89.0	8.43448446911632
1	56.5	60.7	22.0	108.0	8.432201068925327
1	59.0	59.8	31.0	94.0	8.442577825844342
1	57.0	65.4	13.0	151.0	8.423169876334116
1	54.0	57.6	26.0	145.0	8.43806601879195
1	57.0	50.5	23.0	69.0	8.429899358139904
1	39.0	45.4	18.0	99.0	8.4331399509558
1	47.5	52.8	12.0	111.0	8.427431133674538
1	34.0	44.3	13.0	141.0	8.431912852438943
1	42.5	44.6	19.0	90.0	8.42800024782576
1	30.5	41.6	19.0	99.0	8.43061196517153
1	43.5	56.7	16.0	169.0	8.440062213403898
1	47.5	51.1	20.0	126.0	8.438273947088993
1	81.0	69.0	15.0	126.0	8.436634638231126
1	44.0	54.0	31.0	98.0	8.45963672188865
1	42.5	54.4	19.0	141.0	8.446961687696547
1	48.0	52.1	15.0	91.0	8.458693233049729
1	48.5	49.9	19.0	78.0	8.464547571540061
1	55.0	59.4	16.0	141.0	8.467528118554577
1	54.5	76.8	24.0	221.0	8.467540441272476
1	40.0	55.8	18.0	146.0	8.475930869055874
1	78.5	92.2	26.0	200.0	8.47677452290705
1	49.5	56.4	24.0	116.0	8.47157413668306
1	46.5	52.7	18.0	124.0	8.479707691299287
1	53.0	57.5	24.0	106.0	8.477178997451118
1	57.0	62.2	18.0	141.0	8.490078625296961
1	57.5	55.0	18.0	97.0	8.500324236078649
1	57.5	58.2	29.0	109.0	8.499154806677444
1	75.0	77.8	31.0	134.0	8.513491014204781
1	60.5	67.6	14.0	166.0	8.522519491492606
1	37.0	59.8	13.0	175.0	8.526802359130016
1	57.0	64.9	37.0	117.0	8.522224394450856
1	62.0	66.5	19.0	159.0	8.517884899936295
1	54.0	57.0	26.0	90.0	8.518252418166876
1	75.5	95.9	16.0	259.0	8.504361086146112
1	53.5	57.9	21.0	110.0	8.51117057332002
1	45.0	61.8	22.0	172.0	8.507186834256656
1	61.5	61.3	17.0	121.0	8.505038329057866
1	49.0	73.6	13.0	168.0	8.504406854173169
1	57.0	64.8	20.0	136.0	8.502360862576749
1	58.0	67.8	27.0	192.0	8.516052988298881
1	36.5	43.7	16.0	78.0	8.51365661566041
1	77.0	74.8	24.0	136.0	8.517914830028197
1	67.0	65.8	23.0	101.0	8.533958837241954
1	57.5	56.5	22.0	93.0	8.535835951558655
1	77.5	86.7	32.0	163.0	8.527573978873162
1	44.0	48.4	19.0	95.0	8.52963888261072
1	63.0	81.0	12.0	187.0	8.53410157671024
1	54.5	63.7	15.0	116.0	8.527197038332242
1	41.5	54.3	25.0	91.0	8.530702113125706
1	34.5	40.0	18.0	87.0	8.534689297217518
1	48.0	54.3	14.0	125.0	8.526637855743546
1	42.0	42.5	18.0	69.0	8.516540147230959
1	40.5	53.9	29.0	127.0	8.501283783799325
1	47.5	40.1	17.0	60.0	8.492772145440203
1	51.5	48.9	13.0	92.0	8.506391055994678
1	69.0	76.9	19.0	154.0	8.500918068026277
1	56.0	65.3	20.0	119.0	8.4901876978435
1	53.5	56.2	24.0	107.0	8.50088796606554
1	43.5	39.2	11.0	62.0	8.498235026962945
1	46.5	46.2	18.0	75.0	8.491064030569001
1	58.0	63.8	24.0	103.0	8.475735834424023
1	48.0	55.8	21.0	120.0	8.464860379776686
1	43.0	54.1	24.0	89.0	8.455869142761706
1	43.5	53.2	19.0	114.0	8.447446418615923
1	63.5	80.2	31.0	193.0	8.429461858706343
1	56.0	71.5	26.0	165.0	8.429999734102779
1	46.0	54.7	16.0	130.0	8.418614723988519
1	82.5	86.1	16.0	214.0	8.392630247885672
1	46.5	50.8	18.0	110.0	8.40214969578184
1	40.0	58.2	24.0	137.0	8.394071523385003
1	53.0	63.0	15.0	157.0	8.397204137354938
1	51.5	61.2	17.0	140.0	8.413854837597862
1	81.5	77.1	26.0	120.0	8.420434864737485
1	66.0	61.8	10.0	112.0	8.418106905009346
1	75.0	73.1	33.0	101.0	8.416529319798657
1	87.5	93.8	36.0	200.0	8.425740908748653
1	43.5	50.3	22.0	86.0	8.424705019514512
1	65.0	65.5	33.0	106.0	8.427569349394828
1	62.5	75.5	28.0	201.0	8.43264959040395
1	64.0	59.2	26.0	93.0	8.42646876857984
1	55.5	53.5	20.0	86.0	8.436339990249563
1	61.0	67.7	25.0	170.0	8.43785072279307
1	56.5	60.2	35.0	102.0	8.436872981143548
1	57.5	87.2	24.0	219.0	8.45153517810587
1	51.0	56.7	24.0	120.0	8.453829815693144
1	58.5	61.1	25.0	117.0	8.439714922665285
1	47.5	69.3	24.0	200.0	8.4287362703558
1	101.0	104.7	22.0	224.0	8.422692820248754
1	42.0	53.8	27.0	93.0	8.43153592790072
1	46.0	53.8	12.0	132.0	8.435154611410308
1	62.5	57.0	16.0	124.0	8.430900213287934
1	68.5	63.2	15.0	107.0	8.424930172945643
1	53.0	50.9	29.0	71.0	8.420405190512724
1	48.5	63.8	25.0	123.0	8.422934956333908
1	66.0	78.0	27.0	140.0	8.43676531118718
1	55.0	59.5	12.0	139.0	8.4502997929505
1	47.5	51.2	25.0	114.0	8.458053268401892
1	50.5	55.6	16.0	117.0	8.461977689554416
1	70.5	82.2	18.0	247.0	8.457828250595275
1	78.0	81.3	24.0	156.0	8.462763591749392
1	55.5	64.0	41.0	123.0	8.466349756802535
1	59.5	73.0	13.0	150.0	8.463622476175567
1	79.0	91.7	30.0	225.0	8.471452095245821
1	79.0	92.1	12.0	201.0	8.464426912534927
1	93.5	102.4	19.0	197.0	8.462725103458075
1	72.0	82.1	16.0	195.0	8.456887319355513
1	103.0	94.7	43.0	146.0	8.45766834533787
1	70.5	67.6	13.0	141.0	8.450408835464067
1	95.0	91.9	15.0	229.0	8.463007598437942
1	83.5	97.0	34.0	201.0	8.468328970908324
1	74.5	67.6	22.0	122.0	8.466921797660758
1	67.0	80.7	22.0	180.0	8.464620866701768
1	77.0	98.3	42.0	185.0	8.458785802638737
1	104.5	109.7	28.0	220.0	8.444949911424409
1	68.0	74.5	19.0	152.0	8.432189951696905
1	85.5	78.2	16.0	145.0	8.423972452103714
1	101.0	95.3	28.0	181.0	8.432034159660393
1	89.5	83.1	39.0	126.0	8.429258700939577
1	70.5	78.4	20.0	170.0	8.42941906692433
1	72.0	82.7	32.0	167.0	8.431539193579098
1	62.0	82.6	22.0	272.0	8.427695527078715
1	58.5	68.2	30.0	140.0	8.428743029226512
1	84.0	86.4	14.0	156.0	8.425104851867154
1	77.0	76.8	28.0	121.0	8.4113218504003
1	75.5	91.0	46.0	163.0	8.402654337865142
1	69.5	67.4	17.0	108.0	8.386597924422668
1	84.5	87.5	21.0	206.0	8.389144474800517
1	44.0	58.0	15.0	132.0	8.391097030276072
1	75.5	77.4	29.0	150.0	8.381779239102547
1	77.0	105.3	48.0	342.0	8.391974676936062
1	44.0	46.2	11.0	85.0	8.388629773080657
1	59.0	69.3	29.0	128.0	8.402583808564659
1	101.5	106.8	49.0	178.0	8.409447156328737
1	59.0	76.0	28.0	230.0	8.409095886545463
1	57.0	85.9	34.0	339.0	8.41454388210408
1	87.0	97.0	31.0	318.0	8.408522020227597
1	68.0	77.3	24.0	186.0	8.398400446652033
1	77.0	86.4	30.0	238.0	8.407127657267697
1	97.0	95.4	47.0	167.0	8.397379047580507
1	43.5	78.2	16.0	241.0	8.398540799538749
1	82.0	122.8	30.0	374.0	8.399741535124347
1	95.5	88.6	26.0	177.0	8.392497598506235
1	90.0	113.8	50.0	304.0	8.398243260919532
1	103.0	96.1	31.0	168.0	8.400071140989684
1	109.0	109.3	33.0	196.0	8.404037493086015
1	89.0	105.7	24.0	195.0	8.395796220306233
1	86.0	99.5	33.0	205.0	8.395101800291554
1	112.5	133.4	37.0	364.0	8.398364424834815
1	158.5	134.0	30.0	250.0	8.397147777978148
1	152.0	175.6	90.0	400.0	8.40091807958328
1	87.0	126.4	49.0	349.0	8.384692824642864
1	58.0	66.2	29.0	132.0	8.367562479478144
1	111.0	111.7	47.0	184.0	8.363184828946528
1	97.0	97.8	33.0	156.0	8.359048620506902
1	93.0	100.8	47.0	207.0	8.369606558163875
1	105.0	106.1	61.0	153.0	8.364149054931499
1	118.5	121.1	56.0	198.0	8.363491345894333
1	101.0	109.4	56.0	202.0	8.370486724969298
1	133.0	137.4	81.0	200.0	8.381722491665059
1	109.0	120.8	33.0	321.0	8.38126959265549
1	68.0	77.6	21.0	157.0	8.388788211103323
1	119.0	112.5	50.0	179.0	8.4140657733531
1	80.5	95.0	17.0	315.0	8.413109368737755
1	122.0	134.0	30.0	220.0	8.409134426733129
1	99.5	116.4	17.0	244.0	8.409209920258963
1	113.0	149.7	34.0	307.0	8.40973618709552
1	104.5	161.8	39.0	335.0	8.420345160611824
1	112.5	102.7	15.0	228.0	8.430422820129548
1	120.5	139.8	22.0	325.0	8.43945553987936
1	172.0	210.0	123.0	500.0	8.445751819984629
1	128.0	134.3	59.0	239.0	8.450545088296344
1	137.0	150.6	62.0	325.0	8.44864250405716
1	113.0	127.6	13.0	316.0	8.430617615625632
1	96.5	93.9	46.0	146.0	8.441930391620957
1	82.5	138.7	31.0	390.0	8.45501187754756
1	155.0	152.2	26.0	329.0	8.456385042722316
1	95.0	102.1	10.0	194.0	8.445179063522087
1	102.0	117.8	44.0	240.0	8.456315790856632
1	82.5	87.3	48.0	172.0	8.461177829155824
1	95.5	120.2	33.0	356.0	8.460586515777479
1	125.0	127.4	43.0	270.0	8.471348416165913
1	89.5	97.7	69.0	153.0	8.479506409860418
1	72.5	93.5	29.0	206.0	8.487793858859137
1	96.5	108.7	19.0	193.0	8.47558389138749
1	117.5	124.2	42.0	259.0	8.49247929411227
1	150.0	140.3	58.0	198.0	8.488922095381557
1	101.0	132.8	60.0	268.0	8.481568433166759
1	148.5	122.6	30.0	223.0	8.471308704586074
1	80.5	95.1	34.0	225.0	8.473253811380445
1	137.0	143.0	49.0	285.0	8.45921744896489
1	115.5	107.5	19.0	178.0	8.46815141367766
1	132.0	162.4	32.0	413.0	8.463316408512092
1	154.5	144.2	19.0	226.0	8.473122876292637
1	105.0	124.7	25.0	322.0	8.46905527609152
1	155.0	147.7	45.0	207.0	8.457650738235971
1	114.0	130.5	43.0	368.0	8.473346750287822
1	139.5	183.3	66.0	452.0	8.480287913558538
1	115.0	133.7	46.0	251.0	8.486594234412133
1	128.5	131.0	25.0	212.0	8.47791514895103
1	93.0	113.8	32.0	274.0	8.477352175725763
1	103.0	124.9	33.0	367.0	8.473750658583453
1	62.5	65.3	26.0	106.0	8.459822805922947
1	104.5	106.0	39.0	186.0	8.45804538099106
1	127.5	119.4	63.0	230.0	8.456352554838235
1	104.5	119.5	39.0	290.0	8.446153741665759
1	49.5	82.5	25.0	177.0	8.452709492722592
1	56.5	77.9	18.0	190.0	8.456190782322171
1	80.0	107.7	32.0	302.0	8.451274724964092
1	94.5	140.5	55.0	500.0	8.459958189867463
1	84.5	83.9	29.0	133.0	8.473526932024718
1	95.0	87.4	27.0	132.0	8.473636257501038
1	118.5	117.5	32.0	244.0	8.485875200662273
1	118.5	117.9	24.0	236.0	8.499948960569345
1	94.5	119.9	27.0	412.0	8.481171952226205
1	135.0	144.2	49.0	255.0	8.499873145446946
1	109.5	118.3	26.0	267.0	8.484733311932493
1	130.5	142.0	45.0	268.0	8.487216780223886
1	145.5	133.6	68.0	188.0	8.481237302906498
1	108.0	124.5	27.0	214.0	8.476265123054027
1	140.5	169.2	25.0	450.0	8.463227869646731
1	122.5	131.9	48.0	226.0	8.472097344298477
1	86.5	102.9	13.0	241.0	8.468289477873599
1	124.0	124.7	26.0	280.0	8.467034401088284
1	118.0	118.8	38.0	209.0	8.453140796322554
1	84.5	94.5	34.0	181.0	8.467696519685497
1	167.0	167.3	26.0	275.0	8.461043826967307
1	126.5	158.9	63.0	412.0	8.470968276062921
1	109.5	119.2	24.0	233.0	8.477176439447971
1	113.0	122.3	32.0	221.0	8.488790455978396
1	122.0	168.3	28.0	455.0	8.499159955152233
1	250.5	254.9	44.0	500.0	8.50040658429588
1	113.5	128.7	28.0	216.0	8.495272900719652
1	122.0	117.1	42.0	212.0	8.504602985127056
1	120.5	151.7	43.0	500.0	8.499108895329192
1	148.0	146.0	42.0	286.0	8.51031899371458
1	115.0	141.8	29.0	401.0	8.50419974656597
1	118.5	108.6	30.0	180.0	8.503933727682977
1	130.5	151.3	20.0	352.0	8.507373270945688
1	83.5	101.9	54.0	195.0	8.517885442954032
1	169.0	190.7	47.0	331.0	8.519148602328078
1	151.5	156.0	31.0	289.0	8.530210483440367
1	157.0	150.2	82.0	249.0	8.538583047636608
1	135.5	142.7	33.0	275.0	8.52561986368717
1	170.0	200.5	28.0	500.0	8.516530815523268
1	109.0	141.0	55.0	500.0	8.53336778006977
1	99.5	111.1	25.0	206.0	8.527893491525216
1	96.0	96.7	13.0	193.0	8.533104044008462
1	171.5	189.2	98.0	344.0	8.520267522460417
1	142.5	145.8	50.0	260.0	8.51043626836526
1	112.0	116.3	15.0	240.0	8.52322505944347
1	133.0	140.4	43.0	293.0	8.528425698822762
1	83.5	81.8	33.0	126.0	8.52369590533303
1	86.0	100.1	50.0	176.0	8.51059776859155
1	89.0	109.4	51.0	225.0	8.497449086814218
1	78.5	120.0	20.0	310.0	8.508552474455804
1	80.0	96.2	24.0	214.0	8.51948896910856
1	119.5	123.6	22.0	234.0	8.51728192819467
1	146.5	162.1	37.0	298.0	8.508554412170328
1	84.0	98.9	31.0	222.0	8.507912822609457
1	148.0	148.2	26.0	253.0	8.518039554839108
1	78.0	92.1	32.0	253.0	8.539224688732576
1	77.0	93.9	20.0	208.0	8.541204562112569
1	92.0	105.3	37.0	201.0	8.540854046737095
1	64.0	100.8	44.0	216.0	8.533199974089092
1	113.5	148.5	37.0	311.0	8.538620879251846
1	101.0	89.0	45.0	133.0	8.539978466631048
1	128.0	127.3	24.0	231.0	8.551817829581745
1	95.5	106.4	45.0	171.0	8.541240392935068
1	88.0	104.6	42.0	192.0	8.565401534303946
1	81.0	104.5	40.0	225.0	8.55734008458099
1	103.5	153.9	61.0	419.0	8.56520071829174
1	105.0	93.9	15.0	165.0	8.571040574042332
1	95.0	104.0	46.0	223.0	8.550077323142899
1	116.0	156.3	51.0	376.0	8.532805475705583
1	93.5	99.3	55.0	153.0	8.535260145866223
1	124.5	152.6	54.0	322.0	8.547840872244029
1	57.5	93.3	32.0	282.0	8.553834400538141
1	92.5	112.3	46.0	193.0	8.561686781024244
1	142.5	171.4	36.0	500.0	8.557522149292375
1	142.0	170.3	44.0	383.0	8.564801560734265
1	129.0	128.8	37.0	271.0	8.565106337206336
1	150.0	140.6	34.0	231.0	8.55961077709552
1	140.5	187.5	81.0	500.0	8.56066769931006
1	117.0	166.7	36.0	389.0	8.562868268266024
1	103.5	97.7	13.0	211.0	8.572822709232609
1	213.0	210.8	84.0	312.0	8.578282981144033
1	155.5	167.7	88.0	323.0	8.589105699089316
1	129.5	130.9	36.0	250.0	8.587941780793887
1	165.0	165.3	24.0	353.0	8.568921274697368
1	158.5	181.2	75.0	467.0	8.560273934316145
1	110.5	115.8	14.0	230.0	8.563767455343358
1	141.0	167.8	67.0	402.0	8.577738947475886
1	127.5	151.0	75.0	313.0	8.576213890065969
1	150.0	190.3	80.0	400.0	8.579084833629308
1	205.5	208.0	59.0	423.0	8.594072689111579
1	172.0	171.2	56.0	277.0	8.57367190231145
1	94.5	116.6	30.0	223.0	8.559056671045035
1	141.0	183.2	56.0	500.0	8.545315231875497
1	149.5	199.7	61.0	461.0	8.562071673561867
1	191.0	213.5	93.0	500.0	8.56140980784632
1	119.5	149.7	51.0	500.0	8.548910222179925
1	137.5	151.9	62.0	321.0	8.549499387655096
1	128.5	164.7	54.0	299.0	8.542647794430184
1	143.5	228.3	49.0	500.0	8.520687834759737
1	196.0	232.4	40.0	457.0	8.527722199445666
1	155.0	225.3	44.0	471.0	8.530902923982705
1	141.5	140.0	56.0	246.0	8.536075183889077
1	140.0	189.3	63.0	411.0	8.542106247031898
1	123.5	136.1	63.0	320.0	8.533214657113016
1	232.5	241.8	94.0	397.0	8.523478193772641
1	140.0	171.1	88.0	414.0	8.512296163897515
1	157.0	195.1	76.0	476.0	8.50806566636479
1	154.5	160.0	54.0	257.0	8.501819880073507
1	178.0	210.7	74.0	500.0	8.49080650193315
1	135.0	133.6	42.0	274.0	8.493242918507583
1	98.0	112.5	54.0	217.0	8.502896896203676
1	162.5	149.1	21.0	252.0	8.501216756171923
1	91.5	106.3	57.0	190.0	8.48240285114428
1	98.0	160.2	61.0	489.0	8.473157986249593
1	156.0	157.3	79.0	253.0	8.470727431216307
1	219.5	210.8	46.0	406.0	8.477692936271803
1	118.0	161.5	40.0	500.0	8.47618526454733
1	212.0	236.7	84.0	431.0	8.474963146607847
1	192.0	187.0	20.0	479.0	8.49813729209235
1	196.5	243.8	25.0	500.0	8.499712102759439
1	161.5	177.3	74.0	302.0	8.496566520561371
1	101.5	146.3	37.0	451.0	8.496193979421067
1	140.0	163.2	43.0	426.0	8.491880492986812
1	113.0	123.3	28.0	327.0	8.501634648604036
1	119.5	148.9	69.0	357.0	8.512910024941245
1	127.0	171.4	81.0	500.0	8.5236450480774
1	195.0	182.8	110.0	236.0	8.520802885490781
1	112.5	123.3	23.0	244.0	8.509528298564474
1	152.5	213.9	106.0	500.0	8.509618327849058
1	167.0	176.7	131.0	266.0	8.520448814225583
1	158.5	197.0	56.0	447.0	8.51239257690654
1	220.5	237.4	21.0	500.0	8.516456323368457
1	170.5	203.4	42.0	468.0	8.517977988760313
1	251.5	248.2	102.0	500.0	8.529035235015439
1	226.5	220.9	16.0	366.0	8.51148678028565
1	81.0	94.8	44.0	173.0	8.513830627325238
1	192.5	192.4	31.0	500.0	8.495165302088676
1	121.5	127.4	70.0	217.0	8.497358620363409
1	126.0	180.9	81.0	434.0	8.496696062989274
1	204.5	229.5	109.0	500.0	8.512749483999213
1	119.0	163.8	36.0	403.0	8.519911394978367
1	219.0	284.3	112.0	500.0	8.49560284284634
1	98.0	96.2	14.0	175.0	8.495918717456389
1	197.5	234.9	36.0	500.0	8.500209891435857
1	234.0	221.3	60.0	500.0	8.498053847679062
1	152.0	179.8	77.0	329.0	8.498966119535414
1	150.0	174.2	41.0	402.0	8.500657573630797
1	258.0	232.1	18.0	415.0	8.48327660243393
1	122.5	180.1	33.0	461.0	8.469780824864777
1	146.5	181.2	30.0	425.0	8.470327491288412
1	119.5	137.3	48.0	256.0	8.46770000422522
1	147.5	168.3	130.0	245.0	8.468130941408951
1	155.0	151.0	12.0	268.0	8.46045095093737
1	120.5	115.6	17.0	168.0	8.446253098695326
1	116.0	116.0	50.0	212.0	8.434020823425124
1	148.0	169.3	52.0	418.0	8.439028838745415
1	141.0	168.6	71.0	372.0	8.444402396918772
1	243.0	244.1	64.0	487.0	8.460052939537958
1	173.5	201.4	70.0	464.0	8.443931400607525
1	89.0	103.6	49.0	168.0	8.421824188378771
1	264.5	255.8	32.0	430.0	8.416089658976208
1	121.5	187.6	35.0	500.0	8.405175891397429
1	108.5	168.8	66.0	500.0	8.400046538661593
1	218.0	252.9	54.0	500.0	8.39694803444784
1	211.0	215.2	50.0	459.0	8.400200232764607
1	179.5	192.5	82.0	447.0	8.411643950538021
1	222.0	222.7	52.0	500.0	8.411758548618996
1	300.5	313.8	104.0	500.0	8.413961113330506
1	124.5	190.0	52.0	500.0	8.436156245896814
1	214.0	224.1	109.0	380.0	8.439286949071269
1	119.5	134.7	32.0	370.0	8.407168533247436
1	136.0	164.2	43.0	500.0	8.397755409441377
1	339.5	324.7	99.0	500.0	8.396337024400248
1	222.0	181.4	55.0	286.0	8.382187500723509
1	110.0	156.6	29.0	350.0	8.373394649942044
1	180.0	233.9	57.0	500.0	8.375240312154524
1	214.5	235.0	99.0	500.0	8.367399554097396
1	207.0	208.5	28.0	500.0	8.386080429413903
1	190.5	215.5	101.0	451.0	8.382392954297373
1	178.5	199.4	26.0	500.0	8.394173674745248
1	223.5	247.7	75.0	469.0	8.386711133443132
1	169.5	248.4	49.0	500.0	8.385740761787915
1	271.0	272.9	103.0	491.0	8.397692509749538
1	209.0	204.2	29.0	500.0	8.39288783830267
1	226.0	219.9	19.0	406.0	8.39446107158193
1	186.0	222.8	29.0	421.0	8.385162942218432
1	174.5	204.6	82.0	496.0	8.388548477616318
1	113.0	166.4	65.0	388.0	8.390456655990775
1	149.5	141.4	65.0	183.0	8.387074831712049
1	174.5	211.4	109.0	405.0	8.373146407101215
1	107.0	152.0	18.0	500.0	8.3728250828449
1	163.5	184.3	17.0	491.0	8.401980704833068
1	241.0	242.0	104.0	500.0	8.39821581906137
1	196.5	230.3	61.0	500.0	8.41111892680198
1	208.5	274.1	56.0	500.0	8.403430006056311
1	150.0	172.0	21.0	374.0	8.401496217755108
1	213.0	196.4	21.0	384.0	8.419940064702793
1	184.0	235.0	87.0	500.0	8.42488859932874
1	199.0	188.3	104.0	296.0	8.424771032949575
1	170.5	187.3	32.0	500.0	8.432123841052993
1	178.5	195.1	46.0	482.0	8.43622625826167
1	151.0	184.1	45.0	500.0	8.450774615399968
1	163.0	173.8	42.0	295.0	8.457142516754024
1	157.0	151.1	43.0	277.0	8.440823236293303
1	170.0	175.5	56.0	457.0	8.436324713845258
1	115.5	123.7	28.0	254.0	8.432341524143345
1	148.5	155.7	54.0	284.0	8.423658252979505
1	168.0	183.8	37.0	447.0	8.414548514854795
1	191.5	175.7	46.0	287.0	8.433488316242572
1	115.0	148.9	53.0	307.0	8.435238626083038
1	118.5	138.5	33.0	362.0	8.424520979282246
1	118.0	126.2	51.0	245.0	8.42075811768489
1	74.5	108.6	34.0	226.0	8.407251082814305
1	133.0	170.4	30.0	474.0	8.41471694013988
1	145.5	174.6	25.0	500.0	8.419641079785704
1	118.5	164.8	35.0	500.0	8.432725384120173
1	140.0	176.5	35.0	423.0	8.439170573224919
1	169.5	166.5	60.0	289.0	8.438079544769451
1	125.0	157.3	10.0	364.0	8.43181393018216
1	131.5	135.4	36.0	320.0	8.446120772219514
1	151.5	153.3	36.0	319.0	8.454299162123181
1	94.0	94.0	40.0	146.0	8.454705320113886
1	133.0	158.6	38.0	340.0	8.436483444730202
1	88.5	107.0	39.0	232.0	8.445354967290891
1	150.0	177.9	78.0	334.0	8.441505354404507
1	179.5	190.6	107.0	360.0	8.448307981046284
1	226.0	237.9	63.0	458.0	8.445413849255527
1	133.0	143.6	21.0	291.0	8.444618584955457
1	130.5	159.1	75.0	359.0	8.44738229472897
1	167.0	206.2	62.0	399.0	8.449603926688374
1	219.0	244.1	111.0	500.0	8.438968722109212
1	201.0	206.3	39.0	410.0	8.440746124253302
1	189.0	221.9	32.0	421.0	8.45467524741111
1	170.5	175.2	117.0	337.0	8.45068209894192
1	210.0	200.9	15.0	449.0	8.442761371955198
1	144.5	164.0	26.0	497.0	8.438948332496459
1	146.5	162.2	24.0	348.0	8.431273080889172
1	144.0	174.6	36.0	397.0	8.435405026446615
1	241.0	254.8	68.0	500.0	8.423476327905542
1	134.5	202.1	20.0	500.0	8.424575801057054
1	243.5	276.1	109.0	500.0	8.436499963124554
1	198.0	189.6	38.0	337.0	8.433576244893716
1	264.0	279.7	104.0	500.0	8.426236926490464
1	239.5	242.9	98.0	402.0	8.42185650665828
1	330.0	314.5	83.0	500.0	8.414216956574176
1	274.5	247.9	23.0	386.0	8.408925058927402
1	135.0	174.0	58.0	500.0	8.390653484108693
1	294.5	290.9	19.0	500.0	8.374213366809117
1	218.0	249.1	140.0	500.0	8.372987774524544
1	194.0	290.9	68.0	500.0	8.362554291965168
1	237.5	283.7	142.0	500.0	8.349064302364573
1	274.0	296.5	110.0	500.0	8.344884781007435
1	222.0	256.2	118.0	500.0	8.344526638618188
1	252.5	262.5	94.0	465.0	8.362484026483472
1	260.5	291.2	101.0	500.0	8.372612059909168
1	180.0	257.4	81.0	500.0	8.362574445141648
1	170.5	180.8	12.0	388.0	8.352675969460021
1	127.0	199.1	13.0	500.0	8.34561744531664
1	235.0	235.3	47.0	500.0	8.341393878304006
1	159.5	222.0	63.0	500.0	8.347877060881473
1	301.0	283.7	58.0	492.0	8.35820849845011
1	198.0	234.4	65.0	458.0	8.350618246115392
1	275.5	256.9	107.0	392.0	8.368006576176619
1	153.0	237.5	31.0	500.0	8.374555568390205
1	211.5	185.9	43.0	330.0	8.378204799626184
1	237.0	240.7	26.0	500.0	8.373416181819866
1	286.5	267.3	87.0	500.0	8.372941816308447
1	226.0	243.5	104.0	500.0	8.352431986287382
1	237.5	272.4	118.0	500.0	8.35232335137185
1	245.0	261.0	47.0	500.0	8.367189900599534
1	237.5	223.0	79.0	438.0	8.38900870251624
1	352.5	293.7	45.0	500.0	8.379987191977204
1	240.0	265.2	112.0	487.0	8.369408791160286
1	235.5	270.1	127.0	500.0	8.363653505264832
1	234.5	275.5	175.0	500.0	8.36411637771403
1	167.5	194.4	41.0	445.0	8.3567645049394
1	179.5	168.5	44.0	240.0	8.363221937194725
1	322.5	309.2	32.0	500.0	8.366811139044415
1	182.0	245.1	65.0	500.0	8.36529364098784
1	144.0	176.8	21.0	446.0	8.38454609597555
1	110.0	140.2	26.0	258.0	8.371483890323336
1	282.5	253.5	57.0	500.0	8.359094677241146
1	249.5	247.7	108.0	377.0	8.351802969864334
1	148.5	184.7	72.0	417.0	8.352767672407055
1	160.0	215.6	34.0	500.0	8.364692447975667
1	231.0	248.9	77.0	500.0	8.355679233779107
1	149.5	213.2	75.0	423.0	8.33916508684067
1	262.5	265.7	103.0	444.0	8.343260859026586
1	316.0	301.6	46.0	500.0	8.3503655618815
1	235.5	287.0	93.0	500.0	8.350939255666932
1	336.0	312.4	106.0	500.0	8.342702101237125
1	208.0	246.4	129.0	437.0	8.336866208974463
1	302.5	297.5	101.0	500.0	8.351956940245557
1	356.5	347.2	190.0	500.0	8.363140283732118
1	265.5	290.3	109.0	500.0	8.349172777432415
1	192.5	227.2	96.0	500.0	8.347873429705185
1	206.0	236.2	39.0	500.0	8.343530585475053
1	199.5	233.3	88.0	500.0	8.330592812378791
1	369.0	313.1	42.0	500.0	8.31854578068021
1	227.5	257.6	49.0	500.0	8.319993407235371
1	301.5	286.2	122.0	496.0	8.3141431941328
1	343.0	341.5	140.0	500.0	8.306174691565795
1	310.5	288.1	117.0	495.0	8.314044887675141
1	257.0	287.7	58.0	500.0	8.311149923983725
1	360.5	345.0	82.0	500.0	8.315931143643112
1	292.0	316.0	163.0	500.0	8.319376628228548
1	329.0	309.3	46.0	500.0	8.317960326864071
1	297.5	274.0	106.0	500.0	8.321466103903337
1	326.5	327.0	27.0	500.0	8.336348967989352
1	309.0	322.3	80.0	500.0	8.340887124510234
1	279.0	298.8	181.0	500.0	8.352027265858661
1	293.0	311.2	121.0	470.0	8.35209509717947
1	310.5	312.8	97.0	500.0	8.341894743021207
1	277.0	305.7	50.0	500.0	8.340393452619573
1	244.5	257.1	64.0	401.0	8.327171119763985
1	333.5	322.9	23.0	500.0	8.318888888236527
1	310.5	287.0	43.0	500.0	8.309703879936963
1	241.0	253.3	89.0	438.0	8.320268114424303
1	335.0	341.1	61.0	500.0	8.31989383216361
1	371.0	372.9	108.0	500.0	8.3251868154835
1	229.0	262.5	53.0	500.0	8.322193275692689
1	284.0	307.2	127.0	500.0	8.31311371684832
1	336.5	327.6	112.0	500.0	8.311403052366078
1	269.0	270.4	48.0	500.0	8.312013149400395
1	233.0	263.9	79.0	500.0	8.302263785752015
1	350.0	341.8	70.0	500.0	8.307797627033379
1	303.5	301.6	28.0	500.0	8.278718442680935
1	384.5	342.9	82.0	500.0	8.266248853581581
1	253.5	280.8	144.0	500.0	8.269553477912726
1	362.0	328.9	70.0	500.0	8.29059085045343
1	337.5	306.0	45.0	500.0	8.293195564495436
1	311.0	322.7	51.0	500.0	8.302573786384109
1	216.0	254.2	17.0	500.0	8.308962365191741
1	284.5	299.7	60.0	500.0	8.309003043390451
1	366.5	325.6	80.0	500.0	8.30802209954399
1	290.5	314.0	84.0	500.0	8.307627169950667
1	299.5	299.8	68.0	487.0	8.31648152353124
1	139.5	226.0	64.0	500.0	8.324907341546924
1	158.0	222.1	90.0	500.0	8.336620144545183
1	245.0	266.8	112.0	500.0	8.342765705543187
1	268.0	302.6	71.0	500.0	8.323396906990247
1	311.5	303.6	143.0	500.0	8.34091745210673
1	319.0	335.2	150.0	500.0	8.34266177147351
1	154.5	148.4	71.0	261.0	8.329674382845727
1	374.5	339.4	102.0	500.0	8.330621215180258
1	375.0	332.3	48.0	500.0	8.340068510407947
1	183.0	235.0	94.0	500.0	8.33449832511871
1	311.5	285.3	53.0	500.0	8.330704308517952
1	360.0	329.7	142.0	500.0	8.315588329736519
1	363.0	373.1	209.0	500.0	8.310643483952385
1	386.0	372.4	128.0	500.0	8.323144606839932
1	373.5	351.5	64.0	500.0	8.321603069301073
1	283.5	303.2	78.0	500.0	8.320540486813583
1	444.0	376.3	107.0	500.0	8.325331789854518
1	312.5	276.0	67.0	500.0	8.320462102559828
1	234.0	255.2	124.0	500.0	8.313915719078208
1	468.5	387.2	33.0	500.0	8.31830299778104
1	300.0	299.2	50.0	500.0	8.32589846408519
1	339.0	348.6	119.0	500.0	8.336916496069376
1	280.5	316.7	49.0	500.0	8.338362262699158
1	211.0	254.5	39.0	500.0	8.334486547786891
1	230.0	258.0	70.0	500.0	8.319423918549019
1	326.0	297.9	60.0	500.0	8.32140544235426
1	353.5	333.4	102.0	500.0	8.331955198408616
1	393.0	376.8	195.0	500.0	8.326018493993626
1	400.5	351.7	79.0	500.0	8.332789262444932
1	314.5	249.5	38.0	500.0	8.330434658180312
1	284.0	321.4	94.0	500.0	8.320875083519876
1	308.0	326.4	146.0	500.0	8.327302825689747
1	231.5	234.3	22.0	500.0	8.333056903553512
1	190.0	227.6	79.0	468.0	8.326015544071302
1	228.5	289.4	191.0	500.0	8.335669726708108
1	265.5	220.1	38.0	428.0	8.324829361329266
1	288.5	317.0	102.0	500.0	8.320243315434638
1	239.5	253.3	75.0	448.0	8.32472466239433
1	260.0	271.8	56.0	500.0	8.334543997785897
1	255.0	267.0	105.0	500.0	8.332774492170934
1	189.0	208.8	50.0	500.0	8.338308235458193
1	438.0	407.3	200.0	500.0	8.330903549128037
1	159.0	254.0	110.0	500.0	8.333523993446105
1	257.0	283.7	106.0	500.0	8.35001312957346
1	277.5	307.8	93.0	500.0	8.339482857426795
1	500.0	401.2	126.0	500.0	8.344107955497329
1	333.0	333.6	88.0	500.0	8.36117348513527
1	327.0	316.6	84.0	500.0	8.354621258100044
1	278.0	301.1	132.0	500.0	8.338782035895543
1	376.0	362.0	69.0	500.0	8.327550606722362
1	242.0	262.1	104.0	500.0	8.330399205996136
1	242.0	259.8	63.0	500.0	8.340878253454365
1	283.0	281.1	113.0	500.0	8.347809481428293
1	389.5	362.8	95.0	500.0	8.340396469061773
1	355.5	348.9	126.0	500.0	8.319807713894374
1	258.0	294.3	92.0	500.0	8.33144793496203
1	313.0	321.9	149.0	500.0	8.325421423965166
1	368.0	338.4	73.0	500.0	8.322479489272196
1	470.0	380.4	165.0	500.0	8.304200117731709
1	279.5	328.0	196.0	500.0	8.296282487967124
1	294.0	305.5	132.0	500.0	8.295651153074477
1	385.5	387.5	263.0	500.0	8.305335480443919
1	205.0	248.6	69.0	500.0	8.308131906520662
1	244.0	238.7	99.0	386.0	8.295878652958285
1	176.5	191.5	42.0	357.0	8.31270321851652
1	273.0	287.3	70.0	500.0	8.297147437609825
1	255.0	270.3	85.0	500.0	8.306774277275807
1	313.0	318.3	76.0	500.0	8.304455614155664
1	412.0	345.4	73.0	500.0	8.31448650900957
1	343.0	315.7	36.0	500.0	8.310761527545928
1	307.5	320.3	148.0	500.0	8.306073281280247
1	266.0	275.3	47.0	500.0	8.311166550216821
1	196.0	243.5	114.0	498.0	8.297887873329184
1	268.5	264.8	27.0	500.0	8.300707802176895
1	296.5	281.6	89.0	500.0	8.303965723636738
1	350.0	324.7	96.0	500.0	8.307653334272313
1	420.0	359.0	127.0	500.0	8.300557111584409
1	352.0	334.9	122.0	500.0	8.320345459770426
1	163.5	217.1	72.0	500.0	8.340802421714606
1	500.0	424.1	256.0	500.0	8.349234192961898
1	211.5	266.0	115.0	500.0	8.359367730005477
1	298.0	293.5	35.0	500.0	8.341594660505466
1	282.0	297.2	150.0	500.0	8.319410047858689
1	265.0	300.3	164.0	500.0	8.324366042477449
1	163.0	217.0	33.0	449.0	8.301050994032193
1	334.0	343.5	109.0	500.0	8.283786789940947
1	307.5	321.3	174.0	500.0	8.284964578167719
1	290.5	260.1	42.0	476.0	8.280276054756845
1	250.0	276.1	13.0	500.0	8.296034262349506
1	346.5	336.2	112.0	500.0	8.303875171135372
1	323.0	315.8	105.0	500.0	8.289950566803782
1	270.0	304.0	74.0	500.0	8.295651915343877
1	496.0	422.6	117.0	500.0	8.300088601851119
1	359.0	340.0	104.0	500.0	8.299686941895562
1	282.0	279.7	18.0	500.0	8.298930195857798
1	436.5	387.7	153.0	500.0	8.297878195244817
1	366.5	342.3	73.0	500.0	8.277732196844148
1	419.5	357.4	94.0	500.0	8.276761202323295
1	286.5	316.2	126.0	500.0	8.273501676521288
1	323.5	286.7	61.0	500.0	8.268314382820403
1	236.5	306.3	122.0	500.0	8.256367036369706
1	399.0	323.3	69.0	500.0	8.26241082731553
1	309.0	338.5	124.0	500.0	8.256132085289853
1	335.5	355.4	154.0	500.0	8.252448127502642
1	312.5	324.7	61.0	500.0	8.251470560575207
1	411.0	390.7	164.0	500.0	8.260663151433269
1	178.5	210.0	116.0	350.0	8.269777084852619
1	319.0	314.4	136.0	500.0	8.284057032278858
1	333.0	325.9	105.0	500.0	8.30353147355736
1	478.0	394.4	140.0	500.0	8.29919233661305
1	476.5	419.5	186.0	500.0	8.31116896788831
1	153.0	211.6	94.0	500.0	8.309559952827069
1	256.0	282.4	140.0	499.0	8.323175197852285
1	347.5	367.0	218.0	500.0	8.320870816435352
1	290.5	313.3	105.0	500.0	8.324559754981179
1	356.0	330.3	59.0	500.0	8.319723233632866
1	326.5	341.0	189.0	500.0	8.301900075141845
1	270.5	276.1	108.0	500.0	8.295383837453084
1	286.5	287.0	65.0	500.0	8.273445542946329
1	238.0	262.0	122.0	500.0	8.28105491427595
1	310.0	315.8	117.0	500.0	8.25951248004492
1	279.0	293.5	114.0	500.0	8.235773703303558
1	242.5	305.3	126.0	500.0	8.231123362382965
1	362.5	331.9	124.0	500.0	8.23166036750541
1	224.0	264.0	118.0	500.0	8.23309442410813
1	463.5	341.9	102.0	500.0	8.245284601519142
1	329.5	315.8	127.0	500.0	8.25901383993988
1	135.5	185.8	84.0	373.0	8.233585339708965
1	287.0	289.9	83.0	500.0	8.234978222692975
1	217.5	275.7	103.0	500.0	8.221207697740146
1	208.5	230.5	99.0	425.0	8.24142836071646
1	400.0	385.8	209.0	500.0	8.232964903482864
1	331.0	318.3	59.0	500.0	8.23605847802852
1	349.0	337.2	91.0	500.0	8.239237010490891
1	253.5	288.9	45.0	500.0	8.260515860661615
1	334.5	312.6	72.0	500.0	8.268297354915747
1	280.0	297.8	73.0	500.0	8.274646850449578
1	289.5	272.3	105.0	500.0	8.276267631573909
1	301.0	318.1	135.0	500.0	8.289753626268999
1	280.0	283.2	117.0	500.0	8.283911568711389
1	303.5	317.6	59.0	500.0	8.289710928518451
1	340.0	344.5	205.0	500.0	8.29800439957587
1	276.0	286.3	73.0	500.0	8.296342216446577
1	327.0	319.7	113.0	500.0	8.304997275952319
1	373.5	342.1	24.0	500.0	8.31660836326891
1	278.5	305.6	81.0	500.0	8.30230839275529
1	271.5	297.8	21.0	500.0	8.297646282345518
1	221.5	272.6	116.0	456.0	8.300743472274885
1	280.5	324.3	111.0	500.0	8.307709145299885
1	431.0	355.5	71.0	500.0	8.338158352461258
1	247.0	248.3	86.0	500.0	8.324533305192697
1	332.0	338.3	126.0	500.0	8.34070216822631
1	206.5	247.1	90.0	500.0	8.341900137675523
1	304.0	301.6	100.0	500.0	8.32965449883135
1	279.5	301.5	101.0	500.0	8.341792132128708
1	389.0	356.5	117.0	500.0	8.332985039176855
1	500.0	400.4	99.0	500.0	8.344653225772902
1	279.0	312.4	52.0	500.0	8.338716109475099
1	277.0	256.1	69.0	500.0	8.345750320627277
1	398.0	371.9	161.0	500.0	8.363354599402669
1	214.5	272.9	61.0	500.0	8.36093829510676
1	260.0	280.6	75.0	500.0	8.34516786124906
1	278.0	283.9	62.0	500.0	8.364098527665211
1	223.5	226.0	58.0	500.0	8.356535520912553
1	181.5	256.5	79.0	500.0	8.361048136814563
1	209.5	238.9	55.0	464.0	8.362995472959742
1	319.0	335.2	19.0	500.0	8.376543931593487
1	180.5	230.6	80.0	500.0	8.378811002191629
1	316.0	312.7	82.0	500.0	8.385870160935697
1	245.0	244.9	97.0	500.0	8.3804662682436
1	267.0	285.8	72.0	500.0	8.367737291848721
1	270.5	262.6	29.0	500.0	8.344157259189362
1	360.5	328.4	43.0	500.0	8.331248132361297
1	322.0	292.4	62.0	458.0	8.340733287618574
1	305.0	282.8	28.0	500.0	8.340467899565379
1	421.0	366.9	122.0	500.0	8.337411718218808
1	330.0	302.0	27.0	500.0	8.373772525428668
1	500.0	385.1	59.0	500.0	8.367067766082513
1	309.0	308.4	88.0	500.0	8.369467259643882
1	314.5	336.4	150.0	500.0	8.356079890751033
1	240.5	298.0	27.0	500.0	8.356550518689666
1	364.5	323.8	58.0	500.0	8.346156196896036
1	297.5	305.2	100.0	500.0	8.352079689114406
1	287.5	308.9	30.0	500.0	8.373799420614686
1	249.5	257.7	29.0	500.0	8.385969984372537
1	338.5	335.7	104.0	500.0	8.386448130273246
1	326.0	325.8	159.0	500.0	8.409611946702078
1	159.0	206.1	15.0	500.0	8.395069031068838
1	232.0	282.8	52.0	500.0	8.3939219655621
1	332.5	288.9	76.0	500.0	8.407727353383283
1	311.5	291.9	57.0	500.0	8.406931432477583
1	158.0	174.9	31.0	352.0	8.406396499944433
1	284.5	295.1	94.0	500.0	8.392338148920325
1	352.0	320.4	112.0	500.0	8.401603287197329
1	284.5	283.0	66.0	500.0	8.40075308730375
1	500.0	369.2	72.0	500.0	8.382027981298211
1	355.5	319.2	138.0	500.0	8.390977470115637
1	331.5	301.9	101.0	500.0	8.381219926280298
1	395.5	359.9	97.0	500.0	8.372202889868582
1	391.5	355.8	101.0	500.0	8.379465373890962
1	352.5	342.9	26.0	500.0	8.380520000253924
1	270.0	293.3	157.0	500.0	8.378910338517827
1	336.0	303.0	72.0	500.0	8.403102763615387
1	455.5	404.4	46.0	500.0	8.387281107486332
1	289.5	299.1	67.0	500.0	8.374091298193386
1	485.0	371.4	71.0	500.0	8.365723351337595
1	262.0	298.6	128.0	500.0	8.370888293353556
1	311.5	304.3	64.0	500.0	8.364740778192285
1	279.5	289.0	78.0	500.0	8.353372515422897
1	386.0	382.9	216.0	500.0	8.359112892688774
1	453.5	382.0	72.0	500.0	8.363721529554653
1	279.5	285.9	53.0	500.0	8.372340297109437
1	266.5	291.8	90.0	500.0	8.3780198943713
1	283.5	324.1	113.0	500.0	8.387412124841738
1	349.5	355.8	123.0	500.0	8.394657174625678
1	213.0	234.9	26.0	500.0	8.382418410853916
1	318.5	290.0	73.0	500.0	8.372874872982894
1	218.5	275.0	17.0	500.0	8.385473294060676
1	325.0	308.6	62.0	500.0	8.396291657405685
1	274.5	286.8	104.0	500.0	8.394687556317864
1	247.5	240.0	69.0	500.0	8.391810663231968
1	257.0	271.5	20.0	500.0	8.398053907628007
1	214.5	227.9	37.0	439.0	8.40328991042142
1	306.5	311.9	26.0	500.0	8.413574312623457
1	138.5	173.6	19.0	500.0	8.399442543216576
1	250.5	259.9	61.0	500.0	8.412485539832925
1	226.5	262.1	26.0	500.0	8.396838032605828
1	264.0	311.5	206.0	500.0	8.403701561864374
1	288.0	315.8	27.0	500.0	8.390006016530858
1	120.5	188.5	64.0	373.0	8.41537037169785
1	206.5	244.5	13.0	500.0	8.413658215549008
1	159.0	219.3	95.0	500.0	8.397222096637927
1	180.5	238.5	48.0	500.0	8.412343354819564
1	256.5	260.7	21.0	477.0	8.417204561536678
1	214.5	183.4	45.0	318.0	8.402606993214016
1	144.0	223.0	31.0	500.0	8.405852128178743
1	195.5	234.0	56.0	500.0	8.408769562059058
1	285.5	295.1	18.0	500.0	8.389234962458055
1	217.5	252.9	63.0	500.0	8.390614024300193
1	345.0	340.0	136.0	500.0	8.393935300995498
1	193.0	224.8	123.0	494.0	8.389702323708429
1	117.5	201.0	19.0	474.0	8.412905651862497
1	135.0	236.1	17.0	500.0	8.407061345139484
1	280.0	304.5	120.0	500.0	8.384869466544504
1	234.0	225.3	20.0	388.0	8.37591551178004
1	221.5	269.1	74.0	500.0	8.391606207550259
1	245.5	249.7	54.0	500.0	8.387582494721451
1	222.0	270.5	81.0	500.0	8.372925387844996
1	353.0	330.0	115.0	500.0	8.382424708511305
1	324.0	305.6	100.0	500.0	8.388321157807999
1	205.5	218.5	51.0	500.0	8.376247876758125
1	234.5	237.3	67.0	431.0	8.394212740659173
1	319.5	315.1	104.0	500.0	8.423480838578653
1	304.5	241.3	15.0	455.0	8.429126941568622
1	177.5	204.4	31.0	476.0	8.435233612962747
1	286.0	313.2	196.0	500.0	8.421687998728155
1	126.5	164.3	14.0	487.0	8.407528625292935
1	282.0	325.5	194.0	500.0	8.415129300739055
1	320.0	334.3	91.0	500.0	8.409617930713319
1	291.5	307.4	101.0	500.0	8.410369840954619
1	194.0	236.8	39.0	500.0	8.412518859540933
1	256.5	286.6	22.0	500.0	8.385594676030538
1	294.0	306.8	113.0	500.0	8.374104979090564
1	226.5	252.2	21.0	500.0	8.37308425886801
1	131.0	219.9	27.0	500.0	8.389826172535763
1	311.5	286.5	19.0	500.0	8.375800796133774
1	385.5	367.9	122.0	500.0	8.374147006312883
1	343.5	332.6	83.0	500.0	8.382504837559882
1	500.0	421.8	103.0	500.0	8.381327973934482
1	271.5	319.8	35.0	500.0	8.381333862426034
1	321.5	325.5	102.0	500.0	8.381920488701924
1	220.0	253.6	12.0	500.0	8.384547965834535
1	410.5	319.5	14.0	500.0	8.372511053428147
1	272.0	288.7	59.0	500.0	8.362013835703875
1	446.0	360.0	54.0	500.0	8.367958060116576
1	295.0	331.7	164.0	500.0	8.370912168421452
1	328.0	323.0	36.0	500.0	8.373239977140562
1	237.5	275.9	90.0	500.0	8.38469620971333
1	239.0	221.2	50.0	362.0	8.382153223803803
1	330.0	312.3	54.0	500.0	8.37961363982379
1	240.0	253.8	80.0	500.0	8.386930852528097
1	273.5	286.7	12.0	500.0	8.387339627861953
1	263.5	249.5	12.0	500.0	8.37649651022265
1	359.5	331.6	85.0	500.0	8.396222979700992
1	169.5	202.6	36.0	414.0	8.381683033453447
1	154.5	181.9	19.0	500.0	8.378488807997785
1	189.5	255.9	33.0	500.0	8.391842635614141
1	234.0	230.4	36.0	500.0	8.40402318181675
1	158.5	197.1	75.0	500.0	8.40605156232541
1	204.0	240.1	39.0	500.0	8.392317996055914
1	313.5	326.3	27.0	500.0	8.399398237509155
1	306.0	323.4	199.0	500.0	8.397744090265899
1	258.5	278.4	46.0	500.0	8.411190582422146
1	322.0	300.2	71.0	472.0	8.412576112868585
1	237.0	281.0	28.0	500.0	8.39866476264171
1	278.5	271.8	12.0	500.0	8.395387305895767
1	258.0	279.3	11.0	500.0	8.390476632253172
1	288.0	326.8	164.0	500.0	8.38855066648766
1	369.0	347.8	151.0	500.0	8.398767168442156
1	287.0	287.4	16.0	500.0	8.39545455818656
1	415.0	332.6	19.0	500.0	8.422266225912765
1	458.0	359.8	12.0	500.0	8.443911845342512
1	200.0	261.4	91.0	500.0	8.456962034974323
1	466.5	365.2	100.0	500.0	8.452914118820706
1	425.0	387.2	208.0	500.0	8.445438541529533
1	175.0	214.5	21.0	500.0	8.45042926588127
1	377.5	359.8	209.0	500.0	8.446094512548276
1	382.0	324.8	17.0	500.0	8.439337131879455
1	278.5	298.7	45.0	500.0	8.42223248140714
1	353.0	324.7	66.0	500.0	8.41022152493673
1	256.5	287.9	124.0	500.0	8.396486809842191
1	428.0	383.7	93.0	500.0	8.373536023548569
1	289.5	268.4	17.0	500.0	8.37539188817169
1	297.0	261.5	22.0	500.0	8.384806663715842
1	182.5	176.0	14.0	362.0	8.384797581172073
1	227.0	263.4	85.0	491.0	8.362619755095682
1	213.5	261.4	18.0	500.0	8.344569861580764
1	276.5	268.0	82.0	459.0	8.352890594060984
1	169.0	218.8	12.0	500.0	8.364362485471585
1	157.5	223.7	49.0	500.0	8.37117624157268
1	329.0	296.6	34.0	500.0	8.363100837828073
1	278.0	295.5	90.0	500.0	8.365552769362091
1	267.5	297.0	31.0	500.0	8.37996619547736
1	167.5	201.1	19.0	500.0	8.356613832293382
1	245.5	257.1	58.0	500.0	8.346738104699421
1	234.5	259.3	120.0	486.0	8.323741353195004
1	337.0	331.6	40.0	500.0	8.327727523194813
1	249.0	270.5	21.0	500.0	8.328388909361944
1	209.0	202.2	48.0	355.0	8.317184401256128
1	290.5	317.3	176.0	500.0	8.32807622363632
1	265.5	266.2	35.0	423.0	8.314267583079433
1	211.0	257.9	129.0	500.0	8.322233206279636
1	338.0	318.6	14.0	500.0	8.32602890048609
1	230.0	224.2	74.0	380.0	8.332135309465988
1	155.5	174.2	11.0	357.0	8.333867551608261
1	251.0	242.0	12.0	500.0	8.332387748391646
1	173.5	202.2	32.0	500.0	8.332462021487299
1	158.0	150.8	14.0	261.0	8.343922054873653
1	204.0	205.7	55.0	364.0	8.353435294249731
1	151.0	159.8	13.0	382.0	8.36374067262899
1	189.0	209.8	73.0	500.0	8.368395844101936
1	202.5	201.3	59.0	374.0	8.35150310434138
1	110.5	123.6	26.0	292.0	8.359843353873051
1	241.5	249.3	124.0	387.0	8.365394880749065
1	167.0	198.3	25.0	500.0	8.351972936205097
1	178.0	190.8	25.0	336.0	8.337097123599584
1	195.5	231.4	81.0	500.0	8.360943012054896
1	178.5	171.0	23.0	435.0	8.364253234783284
1	229.5	260.6	121.0	500.0	8.363604084332891
1	194.0	223.4	131.0	500.0	8.363272694745909
1	150.0	149.4	14.0	229.0	8.360679158986635
1	203.0	182.8	35.0	296.0	8.345019359610701
1	116.0	186.5	10.0	500.0	8.319278760210315
1	164.0	162.4	12.0	319.0	8.298465155110831
1	197.5	224.8	43.0	500.0	8.306530465976495
1	101.5	163.5	35.0	500.0	8.31463125735958
1	132.5	183.3	76.0	500.0	8.315607314314319
1	86.5	150.5	15.0	500.0	8.302410711117385
1	258.5	276.9	45.0	500.0	8.291660501002792
1	125.5	186.6	82.0	390.0	8.298217854752505
1	244.0	235.8	78.0	406.0	8.311319709785092
1	180.0	164.2	42.0	251.0	8.332309030622168
1	254.0	210.9	12.0	500.0	8.33950060379128
1	284.5	248.5	31.0	407.0	8.342459264555949
1	268.5	287.9	60.0	500.0	8.317370046170428
1	163.5	215.5	48.0	500.0	8.3172276696962
1	132.5	163.8	14.0	433.0	8.311652912649818
1	261.0	238.9	14.0	500.0	8.300393105584043
1	139.0	186.2	40.0	500.0	8.308123379384412
1	260.0	243.3	71.0	443.0	8.292372565815704
1	278.0	278.4	34.0	500.0	8.29160078677974
1	259.5	248.2	59.0	419.0	8.286734055304368
1	307.0	276.5	115.0	500.0	8.288573490280237
1	297.5	327.4	218.0	500.0	8.297227862758934
1	260.5	259.2	171.0	346.0	8.284664094654353
1	281.5	284.8	12.0	500.0	8.280324287263518
1	295.0	272.7	37.0	500.0	8.26871367594773
1	171.0	206.0	49.0	458.0	8.260528078990221
1	210.5	265.0	122.0	500.0	8.264820747583967
1	173.5	191.7	12.0	401.0	8.262451717711826
1	174.5	167.9	15.0	304.0	8.263963496925376
1	224.5	221.7	61.0	427.0	8.291601692307987
1	260.0	226.1	14.0	393.0	8.28951741781839
1	243.0	272.6	107.0	500.0	8.307850976414267
1	190.0	257.9	124.0	500.0	8.326213584867572
1	188.0	195.2	38.0	397.0	8.316595411017262
1	160.0	215.0	69.0	500.0	8.316326558368797
1	241.0	283.1	70.0	500.0	8.311077473952874
1	199.5	267.8	94.0	500.0	8.313329924244243
1	200.0	228.5	114.0	500.0	8.341994303984297
1	193.5	178.2	51.0	381.0	8.35632778255359
1	260.0	295.0	135.0	500.0	8.334704050392963
1	228.0	240.7	31.0	500.0	8.329415386245374
1	219.0	234.9	27.0	487.0	8.321441621782625
1	287.0	274.9	35.0	500.0	8.343953548211157
1	187.0	220.9	30.0	500.0	8.369462010252265
1	367.5	332.1	22.0	500.0	8.360467884565612
1	246.0	270.3	50.0	500.0	8.372486208511921
1	242.5	264.4	103.0	500.0	8.372361152342382
1	223.0	252.5	83.0	500.0	8.379363002734303
1	242.0	277.1	77.0	500.0	8.382608958144568
1	231.0	253.4	66.0	475.0	8.373372547603633
1	257.0	281.2	51.0	500.0	8.389730969338213
1	307.0	312.9	72.0	500.0	8.38187632878647
1	324.5	338.8	164.0	500.0	8.379681885348107
1	164.5	197.4	15.0	500.0	8.390236361108498
1	201.5	201.3	118.0	367.0	8.372459462635913
1	196.5	252.1	113.0	454.0	8.346194688833133
1	192.0	217.9	47.0	443.0	8.378972915379068
1	156.5	197.5	20.0	500.0	8.383374523273565
1	210.0	241.3	31.0	500.0	8.371165501888358
1	217.5	244.4	56.0	500.0	8.351441031524248
1	167.0	139.4	28.0	229.0	8.368690243206723
1	141.0	154.8	25.0	356.0	8.363372944918304
1	185.0	245.4	39.0	500.0	8.365073503539211
1	271.0	269.3	23.0	476.0	8.375997920160609
1	187.0	193.2	47.0	500.0	8.385479550022295
1	181.0	177.8	59.0	346.0	8.378248947516845
1	258.0	252.6	73.0	500.0	8.393536155392052
1	228.5	246.2	80.0	500.0	8.393061871494043
1	191.0	220.7	39.0	500.0	8.394380953094334
1	303.5	297.6	34.0	500.0	8.39714438862584
1	333.0	349.5	158.0	500.0	8.386425518281236
1	254.5	279.4	72.0	500.0	8.381790912607222
1	143.0	171.9	22.0	500.0	8.366120593651766
1	301.0	323.0	103.0	500.0	8.331388733342312
1	371.0	346.0	144.0	500.0	8.309600556766817
1	269.0	323.9	146.0	500.0	8.31800872662022
1	326.5	338.6	96.0	500.0	8.332551935763282
1	300.5	303.9	107.0	500.0	8.314549481735561
1	285.5	270.0	15.0	500.0	8.324116631187179
1	153.0	194.1	61.0	353.0	8.31724490399441
1	199.5	234.4	67.0	500.0	8.315490789069948
1	184.0	225.4	22.0	500.0	8.321461053442555
1	359.0	362.6	125.0	500.0	8.30730394623917
1	407.5	360.7	98.0	500.0	8.319034828516036
1	342.5	343.3	79.0	500.0	8.306373887100568
1	324.5	310.3	97.0	500.0	8.287919468965034
1	376.0	318.8	66.0	500.0	8.31469469922813
1	312.0	306.2	108.0	500.0	8.287985090261643
1	138.5	202.1	78.0	500.0	8.291707022332265
1	172.0	206.4	105.0	500.0	8.282035454423028
1	141.0	245.7	44.0	500.0	8.265976338833315
1	286.0	276.8	38.0	500.0	8.266996929410169
1	319.5	293.8	62.0	482.0	8.261227447457914
1	193.5	203.0	55.0	406.0	8.278037561254635
1	282.5	319.0	140.0	500.0	8.285849496497836
1	279.0	302.6	100.0	500.0	8.286101701476621
1	325.0	300.7	143.0	500.0	8.292872180605118
1	426.5	370.9	25.0	500.0	8.29734912355214
1	461.0	398.4	91.0	500.0	8.323294606506208
1	378.0	315.9	74.0	500.0	8.333487607966191
1	243.5	272.2	79.0	500.0	8.322050537653661
1	409.5	373.9	123.0	500.0	8.3163701179437
1	383.0	376.5	154.0	500.0	8.33257733865859
1	353.5	334.8	37.0	500.0	8.334649975808182
1	347.0	338.0	101.0	500.0	8.342692773141538
1	270.5	293.1	47.0	500.0	8.327403295962197
1	289.0	304.5	111.0	500.0	8.329526197740446
1	264.5	282.2	90.0	500.0	8.30752312450976
1	389.0	336.8	26.0	500.0	8.306352850325403
1	316.0	350.6	231.0	500.0	8.318717427285467
1	360.5	354.8	153.0	500.0	8.322656499165593
1	500.0	472.0	342.0	500.0	8.3150601711646
1	420.5	357.3	146.0	500.0	8.325592435298082
1	438.0	385.8	116.0	500.0	8.317559517850604
1	355.0	340.9	167.0	500.0	8.336456675464138
1	311.0	334.4	132.0	500.0	8.336028811834286
1	413.0	378.3	224.0	500.0	8.327969016329172
1	378.0	361.9	87.0	500.0	8.322321563832881
1	500.0	445.5	260.0	500.0	8.33346785776289
1	388.5	397.4	266.0	500.0	8.31174556997967
1	483.0	385.5	176.0	500.0	8.303166241919806
1	485.5	440.3	222.0	500.0	8.29502207806304
1	388.5	378.8	159.0	500.0	8.319851964375026
1	461.5	424.1	161.0	500.0	8.31224721383431
1	360.5	331.3	114.0	500.0	8.300712072310718
1	426.0	402.7	97.0	500.0	8.320003024062494
1	398.0	377.1	181.0	500.0	8.301337978033503
1	500.0	419.9	118.0	500.0	8.30121485775992
1	290.5	309.2	30.0	500.0	8.323832846640641
1	438.5	393.0	172.0	500.0	8.302050407075367
1	441.5	397.9	196.0	500.0	8.31193554644357
1	500.0	465.1	313.0	500.0	8.319961366521609
1	500.0	448.5	274.0	500.0	8.330100954528609
1	435.5	375.7	35.0	500.0	8.348064991651107
1	418.0	361.0	35.0	500.0	8.35596707750544
1	481.5	377.9	26.0	500.0	8.343747327507211
1	482.5	396.2	147.0	500.0	8.354383462118145
1	345.0	337.2	126.0	500.0	8.378064488130859
1	254.0	299.0	167.0	500.0	8.368163641799715
1	460.5	419.0	231.0	500.0	8.381659367904836
1	413.5	406.3	231.0	500.0	8.379422233245853
1	342.5	333.9	67.0	500.0	8.363007355943148
1	333.0	327.6	108.0	500.0	8.324982459621205
1	381.5	337.6	45.0	500.0	8.340849889545193
1	310.0	323.7	160.0	500.0	8.335137797096868
1	453.0	373.4	30.0	500.0	8.342658925389202
1	203.5	233.3	30.0	500.0	8.368207757577265
1	272.0	294.4	31.0	500.0	8.36879083742758
1	273.5	291.5	81.0	500.0	8.375021275311198
1	412.5	364.8	73.0	500.0	8.386147463655519
1	303.5	285.7	84.0	500.0	8.406966194675446
1	307.5	315.4	73.0	500.0	8.398709667905038
1	500.0	396.2	170.0	500.0	8.398252651410177
1	310.5	311.4	92.0	500.0	8.38534943061087
1	339.5	327.7	55.0	500.0	8.400355766915354
1	248.5	262.7	22.0	500.0	8.40471226701832
1	314.5	328.8	120.0	500.0	8.41652787806793
1	272.5	239.8	65.0	500.0	8.412226005886529
1	312.5	328.4	162.0	500.0	8.446422335448718
1	286.5	312.9	142.0	500.0	8.46370414276274
1	293.5	320.6	63.0	500.0	8.453227641253175
1	284.0	310.0	21.0	500.0	8.438330739543172
1	304.5	315.0	89.0	500.0	8.443341921331006
1	242.5	305.8	108.0	500.0	8.43772118190192
1	229.5	257.5	82.0	500.0	8.4355784784659
1	229.0	252.9	17.0	500.0	8.420933055969316
1	350.5	325.1	18.0	500.0	8.427628285280477
1	265.0	291.0	103.0	500.0	8.414760306918446
1	245.5	262.9	89.0	500.0	8.374891710500036
1	270.0	295.4	100.0	500.0	8.376932451654167
1	273.0	291.3	70.0	500.0	8.368564304293109
1	444.5	401.9	88.0	500.0	8.37501076635493
