5	478.29999999999995	465.36	391.4	500.0	8.192256705410783
5	482.4	436.94000000000005	284.8	500.0	8.182791692267784
5	455.2	440.64	258.2	500.0	8.198198260684778
5	484.0	467.71999999999997	375.4	500.0	8.192438202345077
5	493.1	476.14	438.2	500.0	8.184657221547297
5	500.0	488.84	450.6	500.0	8.189034938680596
5	482.3	470.4	340.2	500.0	8.181604830880524
5	479.29999999999995	462.3999999999999	297.0	500.0	8.182100493931076
5	500.0	484.5400000000001	428.8	500.0	8.177529580068507
5	471.1	460.82	357.0	500.0	8.168761390183768
5	500.0	475.76000000000005	390.6	500.0	8.174747479902296
5	469.9	447.93999999999994	301.2	500.0	8.17947954734939
5	495.5	468.64000000000004	301.4	500.0	8.182942254376899
5	482.70000000000005	472.36	406.6	500.0	8.177344782298547
5	500.0	470.26000000000005	393.0	500.0	8.163637095032934
5	481.1	471.34	424.0	500.0	8.172739522854487
5	500.0	482.34	403.8	500.0	8.164796290081219
5	482.1	469.4799999999999	389.8	500.0	8.167005583388127
5	474.20000000000005	458.16	360.2	500.0	8.175801857303487
5	500.0	488.56000000000006	461.6	500.0	8.17860583756539
5	478.4	470.8	417.8	500.0	8.170432648693195
5	439.6	409.50000000000006	318.0	496.8	8.16939431156165
5	428.5	432.48	337.2	500.0	8.178472815323998
5	481.0	468.58000000000004	363.0	500.0	8.18842077981604
5	473.1	460.73999999999995	364.0	500.0	8.185191296378376
5	445.5	437.14	397.6	471.2	8.206440626880926
5	499.2	479.43999999999994	425.8	500.0	8.201924755310872
5	445.20000000000005	435.0	298.4	500.0	8.197655238432208
5	450.79999999999995	450.23999999999995	365.8	500.0	8.190483657467238
5	470.1	444.78000000000003	331.8	500.0	8.188988885488598
5	453.8	455.28000000000003	411.2	500.0	8.195799398616057
5	500.0	462.68	344.4	500.0	8.191594414214283
5	468.1	463.25999999999993	403.0	500.0	8.18925373650162
5	432.0	418.23999999999995	312.0	498.6	8.192357885256154
5	453.4	451.86	385.8	500.0	8.186880463579396
5	436.70000000000005	441.58000000000004	329.6	500.0	8.180723180421058
5	430.4	432.0	369.4	497.6	8.187918603333916
5	499.7	471.1	376.2	500.0	8.173826286139038
5	459.2	442.35999999999996	308.8	500.0	8.173643869431707
5	452.2	441.12	365.2	500.0	8.161196462376465
5	449.1	445.4	365.0	500.0	8.159204304671142
5	458.29999999999995	447.52	368.2	500.0	8.159151855792356
5	460.7	452.64	366.4	500.0	8.163855464451755
5	471.5	433.32	289.8	500.0	8.16262332409648
5	434.0	448.6	382.0	500.0	8.145357976924304
5	441.4	436.18	314.0	500.0	8.14557022458538
5	486.4	450.38	326.0	500.0	8.14438915582958
5	460.1	456.3	376.0	500.0	8.139889205684087
5	430.8	413.02	295.8	500.0	8.14443780335241
5	453.29999999999995	424.7	280.6	500.0	8.138149713224877
5	464.2	457.38	386.6	500.0	8.133220614358713
5	472.1	457.64000000000004	388.8	500.0	8.145985885988521
5	470.2	460.0	353.0	500.0	8.144279181399728
5	463.6	470.12000000000006	428.8	500.0	8.141713528618155
5	457.1	452.98	314.0	500.0	8.140357477047633
5	472.20000000000005	464.9599999999999	383.8	500.0	8.1432706927352
5	467.2	462.14000000000004	395.6	500.0	8.150120704536672
5	474.3	469.12	370.6	500.0	8.153537334713132
5	469.9	469.71999999999997	428.0	500.0	8.145395716526082
5	453.0	432.75999999999993	333.2	500.0	8.141678034169265
5	500.0	490.5200000000001	452.6	500.0	8.142473985292954
5	482.1	465.62000000000006	407.6	500.0	8.137689390243874
5	466.2	467.26000000000005	415.0	500.0	8.139253796410896
5	493.8	479.34	370.6	500.0	8.141657000092115
5	500.0	486.56000000000006	435.0	500.0	8.136497811510761
5	464.3	459.28000000000003	379.8	500.0	8.13475916218637
5	474.29999999999995	464.03999999999996	371.4	500.0	8.114572450078304
5	498.4	474.46000000000004	409.8	500.0	8.106088455999647
5	487.1	483.75999999999993	455.4	500.0	8.103756051180644
5	500.0	485.18	443.0	500.0	8.099758857312779
5	490.2	468.36	368.0	500.0	8.095702291633433
5	471.2	469.7200000000001	408.6	500.0	8.096128674987103
5	467.5	457.0000000000001	321.0	500.0	8.09995853686709
5	470.1	461.76000000000005	386.0	500.0	8.097378952880195
5	490.6	456.71999999999997	214.2	500.0	8.100531935044156
5	500.0	482.64000000000004	438.2	500.0	8.108441565222947
5	483.4	457.32	281.4	500.0	8.114848104068956
5	459.7	452.86	396.0	500.0	8.113594459203284
5	498.2	480.96000000000004	390.4	500.0	8.11529593363519
5	484.79999999999995	475.05999999999995	416.0	500.0	8.117143619540121
5	488.6	458.24000000000007	374.6	500.0	8.114340860856483
5	462.9	456.16	379.2	500.0	8.121888598985857
5	461.2	456.12000000000006	365.2	500.0	8.11945494970523
5	460.9	442.0	337.6	500.0	8.110348122133933
5	490.2	470.91999999999996	402.4	500.0	8.119336140438522
5	497.6	483.14	456.2	500.0	8.135719949268417
5	483.3	474.76000000000005	421.6	500.0	8.137608864529971
5	481.5	474.93999999999994	439.4	500.0	8.134041349629022
5	498.8	476.0400000000001	426.8	500.0	8.126355810563123
5	459.5	442.0	287.2	500.0	8.13318943524901
5	494.6	485.73999999999995	460.6	500.0	8.152449114734146
5	493.7	470.12	392.6	500.0	8.150701015592299
5	500.0	493.26000000000005	475.6	500.0	8.156574014490138
5	500.0	484.1	419.0	500.0	8.16019931066557
5	500.0	484.32	405.8	500.0	8.16317828913676
5	486.6	457.16	325.6	500.0	8.174510994837762
5	485.8	476.0	424.4	500.0	8.178249344666632
5	485.8	469.46000000000004	398.2	500.0	8.181445590654853
5	495.2	485.23999999999995	428.0	500.0	8.178867517726152
5	480.2	470.91999999999996	397.2	500.0	8.169535985593866
5	481.6	460.4599999999999	392.6	500.0	8.164255290036
5	486.7	457.7	290.4	500.0	8.16742816584704
5	483.29999999999995	461.36	387.6	500.0	8.190985573984966
5	473.0	470.68	415.8	500.0	8.195109796624028
5	455.4	438.5200000000001	302.4	500.0	8.206017197608759
5	456.79999999999995	458.14	403.6	500.0	8.215237859766509
5	473.3	463.58000000000004	386.6	500.0	8.203111754622494
5	480.8	462.93999999999994	357.0	500.0	8.205187751673604
5	470.1	470.75999999999993	441.6	500.0	8.220106523794152
5	449.5	434.34	324.2	500.0	8.210338524006657
5	476.29999999999995	468.87999999999994	405.0	500.0	8.200886236408678
5	470.4	464.08000000000004	399.2	500.0	8.1769208825634
5	458.70000000000005	455.56000000000006	387.2	500.0	8.176145697076207
5	463.6	452.1	371.2	500.0	8.160103773803026
5	498.7	469.48	393.2	500.0	8.16435585876372
5	463.5	462.93999999999994	396.0	500.0	8.155741453758898
5	485.29999999999995	463.14000000000004	386.0	500.0	8.159872811106142
5	434.79999999999995	446.15999999999997	373.2	495.6	8.178621388162146
5	451.1	432.0	311.2	500.0	8.184490688045335
5	485.5	464.66	384.6	500.0	8.17670651416895
5	448.9	444.98	306.6	500.0	8.170064489896697
5	462.3	460.32	373.6	500.0	8.17571899002255
5	475.8	451.82	273.0	500.0	8.171885187866225
5	456.29999999999995	438.62	346.6	500.0	8.15626919041923
5	480.5	453.56000000000006	318.2	500.0	8.140065343523656
5	419.8	402.9	267.0	498.2	8.134665687086043
5	443.8	445.84000000000003	385.4	500.0	8.137060162795814
5	422.0	413.46000000000004	227.4	500.0	8.134523929748392
5	459.1	441.62000000000006	286.8	500.0	8.120849407171255
5	473.4	471.9799999999999	433.2	500.0	8.130684385653185
5	492.8	487.14	464.0	500.0	8.127127768984689
5	486.6	472.64	402.4	500.0	8.113238325584824
5	433.2	431.4	292.6	500.0	8.121570002935165
5	427.8	427.35999999999996	301.4	500.0	8.121895875201327
5	460.8	447.41999999999996	324.0	500.0	8.10930357451336
5	478.0	461.73999999999995	367.0	500.0	8.106263276011912
5	487.5	462.08000000000004	293.6	500.0	8.112882870399101
5	457.9	447.23999999999995	265.8	500.0	8.108369322635427
5	442.9	439.18	375.2	475.8	8.118128689778505
5	438.2	433.08000000000004	376.0	493.8	8.139147442857164
5	476.4	459.62	359.8	500.0	8.124962358169736
5	436.2	443.5400000000001	322.8	500.0	8.137279898616349
5	500.0	479.48	404.2	500.0	8.122943922809066
5	468.6	471.18	407.8	500.0	8.115804010246261
5	450.70000000000005	448.84000000000003	386.0	500.0	8.10882975065128
5	458.0	448.8	381.0	500.0	8.115250186370549
5	438.3	429.71999999999997	362.8	498.6	8.115955066752097
5	434.9	420.4	306.4	500.0	8.102863475064018
5	439.4	437.44000000000005	346.8	500.0	8.109817469519859
5	452.8	434.02	328.6	500.0	8.101490043517549
5	457.3	453.14000000000004	384.0	500.0	8.115680063536093
5	477.3	462.82	400.8	500.0	8.10483929945279
5	500.0	483.02	416.6	500.0	8.100879132316523
5	469.1	464.82	357.6	500.0	8.10855315160198
5	485.5	474.25999999999993	410.8	500.0	8.099039164526028
5	477.6	470.78000000000003	390.6	500.0	8.096573402351302
5	498.5	463.43999999999994	283.2	500.0	8.086383295996987
5	500.0	474.58000000000004	425.0	500.0	8.091356512949162
5	499.0	474.93999999999994	397.4	500.0	8.08878469391826
5	496.0	483.96000000000004	458.2	500.0	8.089664472009552
5	478.2	480.4599999999999	449.6	500.0	8.094159742682765
5	474.20000000000005	455.66	384.6	500.0	8.075262545055109
5	485.7	456.21999999999997	312.2	500.0	8.078974972882873
5	497.0	481.41999999999996	433.6	500.0	8.076696331225474
5	491.6	470.84	399.0	500.0	8.083764257926775
5	463.20000000000005	418.2799999999999	166.4	500.0	8.080967515408046
5	438.20000000000005	423.16	320.0	500.0	8.093623674542057
5	500.0	471.6	378.2	500.0	8.089154143570314
5	489.4	475.6	425.4	500.0	8.085282374040206
5	470.4	469.08000000000004	421.8	500.0	8.079964310387666
5	442.70000000000005	444.94000000000005	376.8	500.0	8.080263334765423
5	455.7	460.15999999999997	416.0	500.0	8.07569225983955
5	445.0	435.36	349.2	494.4	8.06077279031008
5	457.5	444.58000000000004	323.0	500.0	8.053501674956369
5	361.8	384.56000000000006	256.8	500.0	8.05109584742648
5	459.6	451.06000000000006	373.6	500.0	8.059708410693917
5	489.8	469.2200000000001	340.6	500.0	8.053925024856513
5	451.2	440.14	356.2	500.0	8.061292417679429
5	486.79999999999995	464.25999999999993	346.8	500.0	8.054127291817947
5	479.0	464.64000000000004	374.2	500.0	8.043637438590997
5	409.29999999999995	416.41999999999996	254.6	492.4	8.061726683839005
5	400.5	404.46	339.8	471.4	8.054162922912306
5	460.3	450.1	328.8	500.0	8.061028349316652
5	434.0	431.18	281.6	500.0	8.064896815548188
5	469.7	450.52	310.4	500.0	8.063368936378113
5	450.3	454.5	389.6	500.0	8.070404008381614
5	476.8	449.35999999999996	339.4	500.0	8.051070415847116
5	450.1	448.0	392.2	500.0	8.049559768704277
5	456.5	449.86	365.8	499.0	8.054239631642231
5	424.6	406.24	309.2	500.0	8.069318092472633
5	464.0	458.82	417.4	491.0	8.078121202837218
5	430.9	412.02	272.2	474.8	8.071778186159735
5	459.6	443.73999999999995	363.6	500.0	8.065287453708057
5	472.9	454.9	383.8	500.0	8.062112266096655
5	447.7	430.17999999999995	379.8	484.4	8.058924102608295
5	423.2	421.02	357.8	500.0	8.060542543038006
5	458.9	457.1	393.4	500.0	8.057073629776877
5	440.1	446.7200000000001	370.2	500.0	8.063062124898678
5	439.7	434.4599999999999	327.6	500.0	8.071407379214293
5	464.2	449.14	311.6	500.0	8.063219115242127
