	45.0
	26.0
	48.0
	95.0
	91.0
	24.0
	52.0
	74.0
	96.0
	39.0
	110.0
	97.0
	71.0
	64.0
	86.0
	102.0
	32.0
	28.0
	43.0
	22.0
	55.0
	21.0
	99.0
	36.0
	38.0
	42.0
	64.0
	75.0
	17.0
	50.0
	119.0
	54.0
	13.0
	36.0
	21.0
	42.0
	67.0
	23.0
	20.0
	78.0
	48.0
	33.0
	33.0
	21.0
	36.0
	20.0
	72.0
	75.0
	30.0
	67.0
	27.0
	33.0
	75.0
	66.0
	109.0
	33.0
	53.0
	31.0
	30.0
	34.0
	48.0
	28.0
	43.0
	47.0
	39.0
	50.0
	31.0
	36.0
	20.0
	95.0
	25.0
	47.0
	54.0
	45.0
	37.0
	32.0
	36.0
	49.0
	31.0
	29.0
	100.0
	57.0
	53.0
	20.0
	74.0
	53.0
	117.0
	60.0
	38.0
	93.0
	54.0
	29.0
	82.0
	45.0
	21.0
	34.0
	49.0
	101.0
	60.0
	29.0
	39.0
	34.0
	26.0
	106.0
	33.0
	38.0
	39.0
	111.0
	78.0
	43.0
	33.0
	31.0
	37.0
	95.0
	21.0
	19.0
	46.0
	46.0
	31.0
	15.0
	34.0
	73.0
	19.0
	87.0
	33.0
	52.0
	26.0
	27.0
	14.0
	78.0
	24.0
	75.0
	34.0
	39.0
	35.0
	36.0
	17.0
	47.0
	40.0
	42.0
	36.0
	32.0
	31.0
	53.0
	67.0
	30.0
	61.0
	83.0
	97.0
	27.0
	21.0
	37.0
	63.0
	18.0
	67.0
	57.0
	23.0
	45.0
	21.0
	39.0
	58.0
	40.0
	36.0
	25.0
	30.0
	37.0
	43.0
	63.0
	31.0
	79.0
	27.0
	53.0
	52.0
	56.0
	42.0
	42.0
	86.0
	58.0
	43.0
	16.0
	53.0
	40.0
	49.0
	32.0
	34.0
	65.0
	76.0
	28.0
	46.0
	59.0
	43.0
	34.0
	114.0
	37.0
	42.0
	32.0
	19.0
	72.0
	61.0
	126.0
	69.0
	48.0
	37.0
	56.0
	118.0
	69.0
	60.0
	30.0
	75.0
	49.0
	14.0
	65.0
	20.0
	67.0
	48.0
	37.0
	46.0
	66.0
	114.0
	64.0
	53.0
	40.0
	36.0
	35.0
	31.0
	39.0
	42.0
	40.0
	31.0
	36.0
	48.0
	29.0
	75.0
	86.0
	35.0
	26.0
	37.0
	24.0
	54.0
	97.0
	48.0
	46.0
	45.0
	24.0
	25.0
	35.0
	31.0
	33.0
	28.0
	67.0
	49.0
	32.0
	48.0
	37.0
	72.0
	75.0
	76.0
	20.0
	15.0
	24.0
	101.0
	81.0
	100.0
	32.0
	40.0
	39.0
	29.0
	50.0
	17.0
	41.0
	47.0
	42.0
	63.0
	27.0
	30.0
	36.0
	22.0
	30.0
	20.0
	29.0
	29.0
	24.0
	45.0
	66.0
	20.0
	33.0
	34.0
	34.0
	58.0
	39.0
	19.0
	52.0
	50.0
	66.0
	68.0
	85.0
	97.0
	35.0
	45.0
	15.0
	50.0
	30.0
	19.0
	25.0
	73.0
	51.0
	40.0
	66.0
	39.0
	20.0
	47.0
	51.0
	13.0
	71.0
	101.0
	25.0
	72.0
	36.0
	41.0
	32.0
	90.0
	26.0
	49.0
	27.0
	18.0
	94.0
	35.0
	101.0
	54.0
	81.0
	51.0
	29.0
	39.0
	30.0
	48.0
	38.0
	27.0
	17.0
	50.0
	23.0
	25.0
	41.0
	24.0
	46.0
	31.0
	19.0
	40.0
	30.0
	30.0
	104.0
	42.0
	50.0
	20.0
	24.0
	52.0
	42.0
	55.0
	26.0
	45.0
	45.0
	55.0
	42.0
	27.0
	82.0
	31.0
	38.0
	38.0
	78.0
	49.0
	31.0
	36.0
	71.0
	24.0
	19.0
	76.0
	37.0
	64.0
	30.0
	57.0
	110.0
	51.0
	80.0
	50.0
	24.0
	59.0
	22.0
	31.0
	34.0
	24.0
	34.0
	67.0
	44.0
	17.0
	43.0
	117.0
	57.0
	118.0
	92.0
	49.0
	48.0
	39.0
	92.0
	25.0
	48.0
	42.0
	37.0
	36.0
	44.0
	88.0
	68.0
	37.0
	62.0
	49.0
	34.0
	38.0
	87.0
	85.0
	54.0
	45.0
	32.0
	112.0
	28.0
	17.0
	46.0
	53.0
	50.0
	24.0
	90.0
	49.0
	39.0
	13.0
	78.0
	38.0
	44.0
	54.0
	17.0
	34.0
	27.0
	12.0
	86.0
	32.0
	26.0
	38.0
	64.0
	58.0
	28.0
	113.0
	61.0
	48.0
	100.0
	49.0
	30.0
	140.0
	32.0
	80.0
	25.0
	41.0
	59.0
	38.0
	42.0
	75.0
	39.0
	54.0
	41.0
	53.0
	48.0
	66.0
	75.0
	57.0
	34.0
	80.0
	49.0
	100.0
	78.0
	28.0
	107.0
	69.0
	106.0
	49.0
	27.0
	24.0
	16.0
	39.0
	61.0
	45.0
	31.0
	47.0
	49.0
	40.0
	80.0
	34.0
	50.0
	73.0
	38.0
	52.0
	74.0
	40.0
	110.0
	80.0
	21.0
	64.0
	43.0
	32.0
	40.0
	20.0
	76.0
	33.0
	63.0
	68.0
	28.0
	22.0
	62.0
	29.0
	41.0
	20.0
	109.0
	60.0
	33.0
	24.0
	32.0
	32.0
	77.0
	46.0
	76.0
	83.0
	87.0
	23.0
	45.0
	70.0
	20.0
	24.0
	68.0
	66.0
	75.0
	116.0
	64.0
	26.0
	51.0
	31.0
	55.0
	51.0
	30.0
	64.0
	120.0
	42.0
	32.0
	44.0
	25.0
	146.0
	34.0
	30.0
	30.0
	51.0
	40.0
	23.0
	40.0
	44.0
	40.0
	53.0
	36.0
	102.0
	38.0
	32.0
	41.0
	52.0
	49.0
	90.0
	48.0
	71.0
	69.0
	33.0
	57.0
	38.0
	35.0
	58.0
	59.0
	40.0
	20.0
	139.0
	26.0
	88.0
	49.0
	42.0
	28.0
	32.0
	91.0
	60.0
	55.0
	36.0
	62.0
	97.0
	42.0
	46.0
	35.0
	33.0
	38.0
	35.0
	20.0
	30.0
	48.0
	49.0
	70.0
	19.0
	27.0
	115.0
	32.0
	117.0
	67.0
	56.0
	22.0
	56.0
	51.0
	39.0
	71.0
	38.0
	37.0
	25.0
	70.0
	77.0
	65.0
	30.0
	22.0
	17.0
	18.0
	61.0
	100.0
	31.0
	40.0
	45.0
	53.0
	80.0
	40.0
	54.0
	39.0
	196.0
	53.0
	63.0
	139.0
	67.0
	44.0
	29.0
	37.0
	87.0
	38.0
	41.0
	51.0
	41.0
	90.0
	79.0
	45.0
	48.0
	116.0
	26.0
	132.0
	55.0
	63.0
	91.0
	57.0
	21.0
	32.0
	43.0
	247.0
	48.0
	23.0
	67.0
	50.0
	64.0
	55.0
	30.0
	59.0
	94.0
	44.0
	112.0
	31.0
	71.0
	56.0
	41.0
	54.0
	46.0
	26.0
	70.0
	34.0
	52.0
	65.0
	61.0
	39.0
	32.0
	73.0
	38.0
	65.0
	71.0
	35.0
	52.0
	37.0
	141.0
	81.0
	50.0
	35.0
	45.0
	68.0
	19.0
	35.0
	50.0
	60.0
	75.0
	40.0
	91.0
	85.0
	73.0
	54.0
	37.0
	59.0
	22.0
	26.0
	18.0
	42.0
	31.0
	29.0
	35.0
	18.0
	58.0
	23.0
	117.0
	21.0
	105.0
	42.0
	50.0
	90.0
	67.0
	25.0
	15.0
	70.0
	43.0
	69.0
	78.0
	20.0
	34.0
	41.0
	32.0
	89.0
	67.0
	114.0
	34.0
	26.0
	81.0
	43.0
	26.0
	52.0
	56.0
	38.0
	33.0
	53.0
	32.0
	52.0
	111.0
	40.0
	95.0
	40.0
	96.0
	30.0
	40.0
	27.0
	34.0
	53.0
	134.0
	14.0
	55.0
	53.0
	102.0
	69.0
	73.0
	60.0
	27.0
	31.0
	55.0
	36.0
	194.0
	66.0
	56.0
	57.0
	55.0
	16.0
	30.0
	38.0
	32.0
	30.0
	70.0
	35.0
	32.0
	83.0
	17.0
