5	447.20000000000005	448.38	410.4	485.6	8.1566568653739
5	444.8	431.66	309.0	493.8	8.165585033616102
5	377.70000000000005	384.58000000000004	294.6	457.8	8.152536429587407
5	458.79999999999995	448.34000000000003	331.4	500.0	8.155376435642756
5	424.6	413.43999999999994	263.2	500.0	8.148684228533552
5	444.9	441.0400000000001	333.8	500.0	8.143750114082778
5	433.70000000000005	427.66	369.8	475.2	8.138503611321354
5	411.29999999999995	385.9800000000001	248.8	475.8	8.130056215769537
5	441.3	418.46000000000004	294.4	482.6	8.119027167295188
5	439.20000000000005	433.84000000000003	379.8	500.0	8.122905562290597
5	424.5	420.5799999999999	348.6	500.0	8.114275942572787
5	422.5	436.28000000000003	380.0	499.8	8.097778189828984
5	447.7	439.5	308.6	500.0	8.105548137126577
5	452.8	454.98	381.8	500.0	8.107191891058386
5	479.0	464.56000000000006	406.6	500.0	8.100040312281964
5	418.70000000000005	428.76000000000005	369.6	500.0	8.103778975131224
5	458.9	452.82	408.2	500.0	8.099254300607738
5	460.2	451.48	328.8	500.0	8.09510702591753
5	481.1	466.1	382.2	500.0	8.106149361992252
5	466.0	453.18	367.8	500.0	8.11636108870431
5	462.6	457.18	413.6	500.0	8.117833591595609
5	438.8	438.71999999999997	348.8	495.4	8.12425079799432
5	462.2	470.88	429.2	500.0	8.12387826773608
5	463.6	446.1	345.0	500.0	8.11659059138826
5	464.0	466.36	438.4	500.0	8.105832285173745
5	470.4	468.21999999999997	424.2	500.0	8.116391772280874
5	426.4	426.37999999999994	318.6	500.0	8.128117331925795
5	452.6	426.88	274.6	500.0	8.128487245731682
5	480.7	467.5	387.8	500.0	8.120595442157494
5	486.9	485.14000000000004	449.0	500.0	8.133905288539525
5	482.5	468.15999999999997	416.2	500.0	8.133762342690074
5	499.4	472.88	391.2	500.0	8.132431537231078
5	482.0	470.24000000000007	395.6	500.0	8.12267837666098
5	500.0	490.0	437.2	500.0	8.122442839336466
5	465.6	451.21999999999997	319.0	500.0	8.125486820952686
5	494.1	482.2	422.8	500.0	8.122680325427696
5	497.4	490.73999999999995	471.4	500.0	8.124756032888921
5	500.0	488.64	417.0	500.0	8.129756327459631
5	473.1	463.2	389.8	500.0	8.13309707725261
5	490.1	464.05999999999995	323.4	500.0	8.12411994811149
5	500.0	489.7	427.6	500.0	8.123089666245464
5	500.0	494.26000000000005	453.6	500.0	8.13397783256203
5	500.0	486.76000000000005	368.0	500.0	8.127827694039318
5	500.0	493.43999999999994	455.6	500.0	8.133591768889872
5	500.0	480.62	320.8	500.0	8.126682908700452
5	495.3	484.58000000000004	445.8	500.0	8.118374986825607
5	486.5	476.34	410.8	500.0	8.1013640527623
5	500.0	480.3	430.4	500.0	8.106670269552028
5	495.3	489.73999999999995	470.0	500.0	8.104691527697488
5	494.4	490.4599999999999	454.4	500.0	8.103583462622423
5	458.4	450.91999999999996	359.4	500.0	8.11214571991422
5	492.2	485.25999999999993	454.4	500.0	8.099474857542532
5	493.8	486.26000000000005	460.4	500.0	8.093181094980144
5	487.6	480.64	444.8	500.0	8.099410650519683
5	492.9	482.12	439.8	500.0	8.10287118553871
5	500.0	490.88	449.6	500.0	8.10927930037802
5	494.6	482.91999999999996	407.4	500.0	8.110588445759653
5	481.6	477.4200000000001	439.2	500.0	8.095883635879654
5	453.5	464.38	436.2	500.0	8.100899305800866
5	496.2	478.26000000000005	412.4	500.0	8.102295209626405
5	500.0	489.91999999999996	446.0	500.0	8.097367047289024
5	491.3	482.8	447.6	500.0	8.085970661308911
5	500.0	489.12	393.6	500.0	8.064661063680466
5	500.0	495.56000000000006	463.2	500.0	8.073458533261768
5	500.0	494.58000000000004	448.0	500.0	8.082173145136382
5	482.5	464.0200000000001	324.6	500.0	8.078419031979815
5	465.6	461.94000000000005	395.0	500.0	8.07259495784471
5	500.0	478.73999999999995	360.4	500.0	8.055537890022007
5	500.0	485.3	428.4	500.0	8.051656177008706
5	483.0	478.52	420.2	500.0	8.038612796867351
5	499.7	483.28000000000003	411.8	500.0	8.049055863740506
5	493.6	488.3	459.0	500.0	8.04886093316512
5	486.5	478.15999999999997	435.8	500.0	8.054879961889574
5	500.0	485.44000000000005	429.6	500.0	8.064885229354239
5	500.0	487.7	427.2	500.0	8.06926949669045
5	500.0	491.52	449.4	500.0	8.064471084449195
5	497.6	489.36	446.4	500.0	8.058555123967626
5	498.0	474.93999999999994	403.8	500.0	8.060409439350362
5	500.0	493.93999999999994	439.4	500.0	8.067300836884034
5	500.0	492.41999999999996	464.0	500.0	8.057816817583273
5	500.0	489.86	449.2	500.0	8.059314811090687
5	500.0	489.21999999999997	435.6	500.0	8.056263642544266
5	495.5	482.98	432.6	500.0	8.050714536253132
5	489.29999999999995	482.73999999999995	445.6	500.0	8.036356172985592
5	483.1	484.12	454.8	500.0	8.040145093488222
5	500.0	482.84	437.4	500.0	8.048944302439567
5	500.0	488.53999999999996	444.6	500.0	8.04814791550592
5	475.4	473.48000000000013	425.4	500.0	8.06219372323707
5	494.1	481.34	448.8	500.0	8.053914109568199
5	500.0	479.84	365.0	500.0	8.060183559476691
5	486.1	483.25999999999993	463.2	500.0	8.061374522682648
5	416.0	426.4	368.0	500.0	8.055290571920953
5	482.3	468.86	404.2	500.0	8.061132211915451
5	475.8	454.53999999999996	304.4	500.0	8.063057674934978
5	500.0	488.14	451.2	500.0	8.06099269447356
5	486.20000000000005	469.12	413.0	500.0	8.048729058609897
5	492.8	462.2	324.2	500.0	8.061444016806
5	477.70000000000005	460.84	390.8	500.0	8.080324245248732
5	485.8	459.53999999999996	345.0	500.0	8.082387504624844
5	500.0	494.8	465.4	500.0	8.080492589592238
5	488.4	470.14	393.2	500.0	8.06892477956596
5	499.5	484.56000000000006	407.0	500.0	8.068190293537343
5	472.5	466.14000000000004	424.0	500.0	8.054651849953299
5	500.0	480.2	422.0	500.0	8.06524613343544
5	483.6	472.0	419.4	500.0	8.07710377916265
5	478.0	467.96000000000004	416.0	500.0	8.082182738780247
5	432.29999999999995	423.16	283.0	500.0	8.083347867641898
5	498.7	481.73999999999995	433.0	500.0	8.081769116110797
5	478.6	465.53999999999996	367.2	500.0	8.081971054643084
5	478.6	461.4799999999999	374.2	500.0	8.09980517284895
5	483.6	470.64000000000004	382.2	500.0	8.095711526596743
5	473.5	473.28000000000003	396.4	500.0	8.090332786627767
5	485.9	473.0	434.8	500.0	8.09558820090009
5	495.4	483.32	436.4	500.0	8.09200205630156
5	500.0	493.7	477.0	500.0	8.090635221321811
5	471.79999999999995	452.76000000000005	365.8	500.0	8.09495078698981
5	438.7	433.08000000000004	333.0	500.0	8.087084181623402
5	500.0	486.2	444.0	500.0	8.092620268212086
5	461.1	451.73999999999995	377.2	500.0	8.081885641964146
5	467.4	460.1	392.6	500.0	8.077049426678219
5	459.5	436.02	310.6	500.0	8.084494189695313
5	483.4	466.41999999999996	361.4	500.0	8.091591550186827
5	458.20000000000005	453.71999999999997	373.2	500.0	8.091267164333964
5	455.9	447.38	340.4	500.0	8.098652110640948
5	439.1	434.4	318.4	500.0	8.085054346969953
5	500.0	470.14	392.0	500.0	8.094234028200454
5	454.6	439.96000000000004	365.0	500.0	8.09913189329565
5	500.0	485.48	399.4	500.0	8.089788964300583
5	487.4	464.58000000000004	375.2	500.0	8.086410149260777
5	478.6	469.4	398.0	500.0	8.08438219916385
5	478.9	472.4799999999999	427.8	500.0	8.084218800229513
5	492.6	482.1	442.2	500.0	8.090673062337848
5	500.0	486.9	429.8	500.0	8.092471938852805
5	482.29999999999995	476.8	408.0	500.0	8.087425669200272
5	500.0	470.14	355.4	500.0	8.076878599685832
5	483.70000000000005	462.46000000000004	321.6	500.0	8.074185484687607
5	470.0	455.36	324.8	500.0	8.078375548062816
5	500.0	486.18	435.2	500.0	8.0832510638557
5	500.0	476.86	296.8	500.0	8.086150194789765
5	492.2	486.2	457.8	500.0	8.079230511702022
5	496.7	480.3	366.6	500.0	8.056949684454555
5	484.3	478.93999999999994	433.2	500.0	8.053995336867924
5	486.1	475.64	426.4	500.0	8.03524735136615
5	500.0	479.9599999999999	422.6	500.0	8.025543059423285
5	490.5	481.44000000000005	453.4	500.0	8.018027267564502
5	477.6	467.64	417.8	500.0	8.026158517498013
5	488.20000000000005	464.86	351.0	500.0	8.029537933247871
5	492.1	473.2	324.2	500.0	8.028163496391727
5	497.5	488.08000000000004	453.0	500.0	8.019612758938948
5	500.0	482.06000000000006	421.2	500.0	8.002914257176194
5	499.3	480.32	388.8	500.0	8.001803199643742
5	498.8	466.08000000000004	260.0	500.0	8.001483043758354
5	490.1	470.8	359.4	500.0	7.9919490014298775
5	498.9	486.96000000000004	446.6	500.0	7.989380759578468
5	500.0	476.5	385.4	500.0	7.991472736764859
5	480.8	442.93999999999994	269.6	500.0	7.992435002931086
5	476.5	465.98	400.2	500.0	7.988603550273624
5	500.0	471.3	328.8	500.0	7.9846479767453244
5	494.1	480.35999999999996	413.2	500.0	7.986304411586637
5	495.2	476.08000000000004	405.8	500.0	7.986451314376148
5	483.0	448.4	268.2	500.0	7.987954124239545
5	456.8	426.8	268.2	500.0	7.991163104937164
5	421.1	417.34	259.8	500.0	7.9832361779333745
5	490.0	474.71999999999997	415.0	500.0	7.975887653054049
5	441.29999999999995	444.68	365.0	500.0	7.975616262529121
5	476.3	449.34	338.2	500.0	7.955860126122358
5	477.6	456.03999999999996	329.2	500.0	7.9456340986364316
5	468.0	452.74000000000007	329.0	500.0	7.945393516572086
5	466.3	452.91999999999996	290.4	500.0	7.947450171022494
5	462.6	444.1	333.6	500.0	7.929208277182196
5	446.1	437.16	338.6	475.4	7.933910736246336
5	454.70000000000005	450.43999999999994	399.2	500.0	7.919848112668133
5	435.0	417.98	313.2	500.0	7.918700545262604
5	461.9	430.82	284.8	500.0	7.9247143123779
5	466.1	453.5200000000001	361.8	500.0	7.9223328528368455
5	474.6	463.76000000000005	379.2	500.0	7.924506717616296
5	441.5	425.0	213.6	500.0	7.932184169585409
5	459.70000000000005	451.84	339.0	500.0	7.923123229971584
5	460.0	439.52	314.2	500.0	7.920218235775814
5	493.5	476.06000000000006	407.8	500.0	7.914521060420543
5	438.7	451.05999999999995	380.2	500.0	7.906599753269008
5	471.8	463.28000000000003	342.6	500.0	7.908777105747312
5	439.7	447.91999999999996	376.2	500.0	7.913332857558443
5	468.20000000000005	465.41999999999996	422.4	500.0	7.917331102165487
5	482.0	468.2	412.2	500.0	7.917088059893663
5	483.3	472.52	409.2	500.0	7.906003685415464
5	493.4	475.78000000000003	409.0	500.0	7.911263842118737
5	469.9	448.28000000000003	307.4	500.0	7.908352975694866
5	500.0	484.78000000000003	437.2	500.0	7.920098967409199
5	441.0	449.91999999999996	405.0	500.0	7.940367630557082
5	459.8	449.8	361.2	500.0	7.931901397318929
5	493.6	480.48	418.8	500.0	7.947092355263861
5	488.2	475.14	386.0	500.0	7.943222041442924
5	490.8	468.5200000000001	377.2	500.0	7.943811476474616
5	491.7	469.25999999999993	391.4	500.0	7.941674470100546
5	485.6	468.1	376.2	500.0	7.933889074926441
5	469.29999999999995	455.2	361.0	500.0	7.928807738022932
5	474.3	470.56000000000006	411.2	500.0	7.927270934199443
5	481.0	464.84	375.4	500.0	7.931253262962192
5	437.0	443.46000000000004	382.0	500.0	7.932169345241577
5	489.70000000000005	452.8	275.0	500.0	7.924980987122265
5	473.9	465.41999999999996	398.2	500.0	7.931336454063491
5	482.7	473.65999999999997	411.4	500.0	7.914538164016967
5	490.0	470.56000000000006	371.4	500.0	7.918302224908509
5	467.6	458.2	328.0	500.0	7.926567827312754
5	480.4	463.9599999999999	376.0	500.0	7.927935520740842
5	500.0	489.62	410.0	500.0	7.932962766228774
5	500.0	487.86	462.4	500.0	7.937517737671801
5	486.3	478.68	430.0	500.0	7.924137904884583
5	500.0	485.21999999999997	421.0	500.0	7.90813968591341
5	492.5	481.08000000000004	439.2	500.0	7.910482167314903
5	477.6	472.7	421.2	500.0	7.895461009041622
5	459.8	445.62	365.0	500.0	7.904006552269376
5	498.7	467.52	392.8	500.0	7.899270293258641
5	490.6	464.18	332.6	500.0	7.888065774537512
5	465.7	458.15999999999997	361.4	500.0	7.889606476196395
5	461.3	457.93999999999994	339.4	500.0	7.883018847429515
5	454.1	446.56000000000006	332.8	500.0	7.888191783779919
5	488.4	457.0200000000001	373.8	500.0	7.896416386562463
5	477.9	455.88	359.8	500.0	7.900470208536804
5	484.1	471.58000000000004	397.2	500.0	7.893809437856539
5	457.8	451.7	367.8	500.0	7.907419865670662
5	498.2	481.02	430.0	500.0	7.901266795998078
5	493.8	474.56000000000006	422.4	500.0	7.889397574691686
5	447.6	444.8	373.2	500.0	7.905931771004839
5	500.0	466.86	352.4	500.0	7.9127086887084905
5	463.9	450.96000000000004	377.0	500.0	7.920158293057693
5	498.1	481.08000000000004	389.6	500.0	7.923337369202784
5	490.5	463.62	331.4	500.0	7.932004545998029
5	500.0	482.08000000000004	398.2	500.0	7.947574228596426
5	482.9	461.56000000000006	376.4	500.0	7.953486988254108
5	476.4	471.14	426.8	500.0	7.957582077192108
5	500.0	483.2799999999999	427.4	500.0	7.962026610275115
5	497.8	473.88	386.4	500.0	7.9459560631706525
5	498.0	475.64000000000004	394.6	500.0	7.934245055127384
5	500.0	461.96000000000004	315.2	500.0	7.916839853886306
5	495.8	443.48	196.2	500.0	7.91779718491213
5	500.0	471.93999999999994	319.2	500.0	7.912011603983327
5	493.3	481.56000000000006	430.4	500.0	7.919093278351423
5	500.0	473.64	381.0	500.0	7.9141775702978965
5	464.9	464.82	419.8	500.0	7.916001960964109
5	495.6	481.71999999999997	438.0	500.0	7.918976329890614
5	478.20000000000005	469.82	414.8	500.0	7.909113599549604
5	494.5	476.14000000000004	359.6	500.0	7.908843312431353
5	500.0	493.62	470.6	500.0	7.909819864633682
5	500.0	476.02	414.0	500.0	7.931505634930234
5	500.0	493.16	466.2	500.0	7.915498420749483
5	494.1	471.5800000000001	341.6	500.0	7.9270971933565155
5	480.4	456.38	321.4	500.0	7.9198554655235185
5	500.0	491.18	449.4	500.0	7.921069062883259
5	500.0	482.8	406.0	500.0	7.922332692039608
5	500.0	473.67999999999995	413.2	500.0	7.927750218225442
5	500.0	493.0	442.4	500.0	7.9319092057245255
5	500.0	479.08000000000004	414.4	500.0	7.9359088205486925
5	500.0	493.32	450.6	500.0	7.92673375187299
5	500.0	492.86	435.0	500.0	7.930887474807255
5	492.6	482.2	439.8	500.0	7.9301861699688585
5	500.0	484.91999999999996	454.4	500.0	7.9420116986036735
5	494.5	483.53999999999996	441.0	500.0	7.94493986223716
5	500.0	487.28000000000003	451.6	500.0	7.948399434807571
5	500.0	490.58000000000004	446.2	500.0	7.953180209941597
5	500.0	487.26000000000005	438.8	500.0	7.958834569096588
5	500.0	496.1	461.0	500.0	7.93201036399978
5	498.1	479.66	422.4	500.0	7.937698100269834
5	500.0	497.0	475.8	500.0	7.9247045289339715
5	500.0	452.4	321.6	500.0	7.924769347427347
5	492.7	471.06000000000006	363.6	500.0	7.925704106972106
5	484.4	483.94000000000005	457.0	500.0	7.926176276739084
5	500.0	496.48	487.2	500.0	7.9443041037246065
5	500.0	490.5	452.4	500.0	7.944683199588259
5	500.0	494.64000000000004	475.2	500.0	7.9503829342994585
5	500.0	476.82	357.2	500.0	7.935123382031274
5	500.0	494.98	474.0	500.0	7.92811579759696
5	500.0	497.48	484.6	500.0	7.938629610899796
5	500.0	484.02	418.0	500.0	7.954956142688166
5	500.0	495.06000000000006	455.8	500.0	7.943175290098391
5	500.0	476.1	353.6	500.0	7.950133746057431
5	500.0	490.5	423.0	500.0	7.9604150957757565
5	500.0	485.38	413.2	500.0	7.953280445443432
5	500.0	484.14	425.2	500.0	7.963593314575947
5	486.4	469.62	371.8	500.0	7.944164525306683
5	485.2	479.35999999999996	436.0	500.0	7.948049488319133
5	500.0	485.64	404.6	500.0	7.956270059321342
5	500.0	492.41999999999996	457.2	500.0	7.92808325259683
5	500.0	500.0	500.0	500.0	7.933747885678013
5	500.0	479.46000000000004	371.4	500.0	7.933747885678013
5	499.9	477.23999999999995	397.4	500.0	7.931676836425563
5	500.0	492.93999999999994	451.2	500.0	7.916539578328631
5	500.0	500.0	500.0	500.0	7.902941897779171
5	500.0	485.2	454.4	500.0	7.902941897779171
5	500.0	482.2	378.0	500.0	7.8962255161555
5	495.1	488.52	455.2	500.0	7.890690570352355
5	500.0	486.56000000000006	433.4	500.0	7.883317859835998
5	500.0	485.12	385.6	500.0	7.879059987121933
5	500.0	500.0	500.0	500.0	7.8749131351152855
5	500.0	482.4599999999999	402.2	500.0	7.8749131351152855
5	500.0	480.06000000000006	422.6	500.0	7.8676775978782585
5	496.4	484.66	452.6	500.0	7.866639869011417
5	486.4	476.38	433.2	500.0	7.859055103874006
5	477.3	468.38	396.6	500.0	7.862374377142027
5	500.0	488.0	450.0	500.0	7.8596384197117946
5	439.3	448.0200000000001	389.6	500.0	7.848777002291156
5	500.0	478.1	385.2	500.0	7.863996641662574
5	486.70000000000005	477.53999999999996	391.8	500.0	7.870025269036012
5	499.7	488.21999999999997	436.8	500.0	7.856417894053286
5	475.5	472.73999999999995	390.2	500.0	7.858032218712849
5	494.6	461.58000000000004	238.6	500.0	7.845461306738343
5	489.2	488.64	472.4	500.0	7.847203464831293
5	499.6	464.9599999999999	284.4	500.0	7.853097642876574
5	422.7	411.06000000000006	232.0	500.0	7.847278187036165
5	482.8	448.73999999999995	283.0	500.0	7.860367584619859
5	500.0	487.91999999999996	459.0	500.0	7.860619427159061
5	500.0	496.38	463.8	500.0	7.847879576231426
5	500.0	488.26000000000005	428.6	500.0	7.836031242795356
5	500.0	483.03999999999996	417.8	500.0	7.849818267364489
5	500.0	465.0	380.2	500.0	7.841634920069209
5	500.0	482.38	393.8	500.0	7.832468072772381
5	500.0	491.56000000000006	430.4	500.0	7.819612372930888
5	500.0	497.43999999999994	477.2	500.0	7.807544555058819
5	500.0	492.7	450.6	500.0	7.790371765532053
5	500.0	499.9	499.0	500.0	7.794066834771852
5	500.0	492.05999999999995	457.4	500.0	7.781103038561192
5	500.0	498.53999999999996	485.4	500.0	7.767913429231477
5	500.0	497.38	480.2	500.0	7.767629968867488
5	500.0	494.48	449.4	500.0	7.760841952208292
5	500.0	491.16	449.8	500.0	7.766731712216653
5	468.9	466.56000000000006	401.6	500.0	7.763314189992958
5	484.0	474.6	427.0	500.0	7.756898148380318
5	500.0	481.52	413.2	500.0	7.755600211808603
5	497.20000000000005	467.1	291.6	500.0	7.7482935903088865
5	500.0	490.93999999999994	471.0	500.0	7.7508965071125475
5	500.0	473.4	389.6	500.0	7.751787049200749
5	499.3	486.6000000000001	456.0	500.0	7.744254562669696
5	500.0	487.53999999999996	420.6	500.0	7.752447875913973
5	500.0	496.46000000000004	466.6	500.0	7.75184282203093
5	497.3	483.0	412.0	500.0	7.744485100198727
5	500.0	493.0	445.6	500.0	7.7493135601837615
5	500.0	488.62	440.0	500.0	7.7412691162611
5	494.4	483.5	446.0	500.0	7.748174668401221
5	493.6	488.58000000000004	469.2	500.0	7.757504480468492
5	497.5	469.06000000000006	318.0	500.0	7.749124549675206
5	500.0	490.62	450.8	500.0	7.737163611378344
5	461.8	462.0	403.6	500.0	7.71700197128067
5	500.0	488.93999999999994	436.0	500.0	7.719583745838057
5	500.0	482.78000000000003	416.2	500.0	7.727273964252007
5	479.9	470.53999999999996	419.4	500.0	7.715141916931552
5	500.0	495.12	451.2	500.0	7.710167685965414
5	500.0	492.2	466.2	500.0	7.708747710452923
5	500.0	495.76000000000005	464.8	500.0	7.701796189321204
5	500.0	488.0	437.6	500.0	7.706270012219198
5	497.0	476.0	403.8	500.0	7.719240874893236
5	499.2	470.48	409.8	500.0	7.712504298644433
5	500.0	487.82	423.6	500.0	7.723416014996775
5	481.4	470.65999999999997	415.0	500.0	7.7213733072343365
5	500.0	466.26000000000005	348.6	500.0	7.718469683058212
5	499.5	476.5	417.8	500.0	7.708377424989287
5	500.0	491.93999999999994	419.4	500.0	7.703110613291036
5	498.9	478.87999999999994	402.4	500.0	7.716307145590376
5	500.0	490.65999999999997	448.0	500.0	7.726555060596339
5	500.0	494.4	456.4	500.0	7.7269356640000115
5	500.0	482.05999999999995	407.4	500.0	7.7193124696950175
5	479.4	476.62	428.8	500.0	7.708275243351877
5	500.0	492.16	465.4	500.0	7.7046337173960735
5	500.0	477.14	315.2	500.0	7.707815465791982
5	495.3	485.1	456.2	500.0	7.715785898171572
5	496.9	489.9200000000001	457.4	500.0	7.710137092712183
5	500.0	469.91999999999996	392.2	500.0	7.69765281025669
5	500.0	494.62	464.6	500.0	7.71239461153544
5	464.6	468.64	402.0	500.0	7.701393619219993
5	485.5	474.23999999999995	417.8	500.0	7.707100355678596
5	495.8	471.84	391.8	500.0	7.713026390680297
5	452.6	459.23999999999995	418.2	500.0	7.724796023830592
5	500.0	463.71999999999997	354.6	500.0	7.729840431166742
5	485.7	471.14	423.4	500.0	7.746984212126132
5	452.9	448.5400000000001	362.6	495.4	7.749851666837617
5	462.3	464.48	393.0	500.0	7.741215165742548
5	480.20000000000005	483.23999999999995	454.4	500.0	7.727009836230837
5	498.9	480.64	344.6	500.0	7.714025550978995
5	483.5	464.2200000000001	375.2	500.0	7.697897266710862
5	479.8	465.7	397.6	500.0	7.7185350778616035
5	488.6	440.18	140.2	500.0	7.704794507715069
5	460.0	458.8	389.4	500.0	7.7110613793793386
5	483.70000000000005	451.58000000000004	276.0	500.0	7.700857004968039
5	500.0	491.18	463.8	500.0	7.679859570413081
5	457.9	467.36	421.6	500.0	7.672397209009422
5	459.7	448.48	361.2	498.0	7.67078321868988
5	464.0	458.3	387.4	500.0	7.669974205291372
5	454.5	447.62	361.0	500.0	7.674774180812266
5	457.6	462.67999999999995	408.4	500.0	7.679531065938404
5	455.7	459.23999999999995	408.6	500.0	7.659935063096711
5	446.9	447.26000000000005	319.2	500.0	7.667613550039518
5	471.70000000000005	458.64000000000004	376.4	500.0	7.6617528987775465
5	491.79999999999995	485.02	457.4	500.0	7.663172509679825
5	455.4	449.62	341.8	500.0	7.666155369741501
5	484.20000000000005	459.78000000000003	307.6	500.0	7.652397251935162
5	500.0	474.7	346.2	500.0	7.643889864393127
5	485.6	483.0400000000001	449.0	500.0	7.637015680197044
5	453.3	442.44000000000005	364.0	500.0	7.629310311088492
5	480.6	474.64000000000004	411.6	500.0	7.644957043415267
5	456.8	458.64000000000004	405.0	500.0	7.667219493984386
5	456.3	447.7799999999999	344.0	500.0	7.664136802533112
5	494.3	470.8199999999999	355.4	500.0	7.663890785007786
5	487.8	461.26000000000005	333.6	500.0	7.679965700240478
5	491.1	463.34	297.6	500.0	7.666110809555103
5	483.9	477.4	399.4	500.0	7.664204768803033
5	483.9	453.26000000000005	277.6	500.0	7.674983301511056
5	492.4	470.53999999999996	407.8	500.0	7.6651201442471555
5	500.0	473.41999999999996	365.8	500.0	7.669412365636959
5	500.0	476.0	418.8	500.0	7.673693539521494
5	500.0	467.9	251.0	500.0	7.676739490664332
5	471.1	474.91999999999996	446.2	500.0	7.672325568388143
5	490.6	475.1	417.8	500.0	7.6633438536721625
5	500.0	477.78000000000003	387.4	500.0	7.657386468633947
5	500.0	493.28000000000003	475.0	500.0	7.655164876798275
5	500.0	484.16	430.2	500.0	7.653852644269831
5	500.0	491.46000000000004	419.8	500.0	7.662168578953497
5	500.0	494.93999999999994	459.4	500.0	7.6583546813739165
5	500.0	489.41999999999996	456.6	500.0	7.651080316612229
5	500.0	481.16	354.8	500.0	7.6549609310613596
5	500.0	491.2	451.8	500.0	7.674810743686168
5	476.1	464.8	378.4	500.0	7.6739298092782535
5	492.5	470.46000000000004	374.6	500.0	7.66288075388273
5	500.0	484.28000000000003	406.8	500.0	7.667168722973281
5	500.0	492.2	459.8	500.0	7.664271270495255
5	500.0	500.0	500.0	500.0	7.669008688832954
5	500.0	495.78000000000003	482.2	500.0	7.669008688832954
5	500.0	492.4	460.8	500.0	7.666364849145694
5	500.0	483.3	446.8	500.0	7.6570705533299
5	491.2	471.86	402.4	500.0	7.666245485736292
5	500.0	486.02	443.2	500.0	7.669982049311105
5	500.0	495.21999999999997	453.6	500.0	7.667682005544692
5	500.0	488.48	387.8	500.0	7.66858245141703
5	500.0	484.08000000000004	404.6	500.0	7.665345436985614
5	485.7	474.4799999999999	415.8	500.0	7.669480762403318
5	500.0	498.48	488.2	500.0	7.654295910102346
5	500.0	480.16	437.4	500.0	7.653035862390675
5	491.9	473.3199999999999	389.4	500.0	7.654747529591705
5	493.5	488.9799999999999	459.4	500.0	7.642064159887518
5	500.0	494.68	479.2	500.0	7.6539243170445275
5	500.0	465.6	246.8	500.0	7.67045277395083
5	500.0	477.98	346.8	500.0	7.663906737834144
5	498.8	484.12000000000006	406.8	500.0	7.666210336834665
5	500.0	449.64	303.2	500.0	7.67975379299884
5	500.0	473.88	372.2	500.0	7.679111911750875
5	500.0	497.98	484.2	500.0	7.682129698083438
5	500.0	489.18	422.2	500.0	7.696036399102025
5	500.0	488.8	450.8	500.0	7.700184591249403
5	500.0	476.5	358.6	500.0	7.696756477931249
5	498.2	472.87999999999994	368.4	500.0	7.687833186819565
5	496.2	482.12000000000006	432.6	500.0	7.6868900864578364
5	477.5	466.38	384.4	500.0	7.695826049416137
5	500.0	487.82	427.2	500.0	7.696270585539783
5	500.0	481.76000000000005	399.0	500.0	7.701911490435961
5	500.0	485.0200000000001	413.6	500.0	7.710255808817724
5	500.0	483.6	387.2	500.0	7.710995801052266
5	500.0	487.84000000000003	447.6	500.0	7.725213273666011
5	495.6	479.21999999999997	408.8	500.0	7.7268553108109135
5	482.6	470.9	399.0	500.0	7.728175241297629
5	500.0	481.96000000000004	423.0	500.0	7.71626761380735
5	484.5	479.96000000000004	445.0	500.0	7.71035881143249
5	500.0	476.53999999999996	343.4	500.0	7.710057922622561
5	500.0	488.03999999999996	433.0	500.0	7.716362061698383
5	500.0	485.08000000000004	436.8	500.0	7.7315950674174765
5	490.9	456.08000000000004	370.8	500.0	7.725665631098125
5	492.8	483.88	441.2	500.0	7.706273893023865
5	500.0	461.52	324.8	500.0	7.706775880015161
5	480.7	465.43999999999994	394.8	500.0	7.701688957152332
5	500.0	483.23999999999995	332.4	500.0	7.694684562468779
5	500.0	476.46000000000004	318.6	500.0	7.690296807553843
5	472.29999999999995	471.9599999999999	429.4	500.0	7.694081030636815
5	500.0	449.56000000000006	250.4	500.0	7.682425981365443
5	496.8	478.2	397.8	500.0	7.676674153286017
5	500.0	476.84	406.4	500.0	7.658714356069186
5	500.0	486.82	439.8	500.0	7.664968569458494
5	500.0	481.7200000000001	396.6	500.0	7.670877509321993
5	483.3	463.9	372.2	500.0	7.6918569127108745
5	492.1	469.9	415.8	500.0	7.667875666395482
5	494.8	483.86	441.8	500.0	7.669770285029064
5	500.0	484.96000000000004	411.8	500.0	7.669284221716769
5	500.0	480.82	344.6	500.0	7.679083425316895
5	500.0	487.18	433.2	500.0	7.6823747532320645
5	500.0	497.36	484.8	500.0	7.679845670522877
5	500.0	475.14	347.0	500.0	7.661594710979796
5	500.0	458.88	282.8	500.0	7.663216623777812
5	500.0	482.73999999999995	436.8	500.0	7.657570569434899
5	500.0	480.64	407.2	500.0	7.658622057660151
5	496.9	489.06000000000006	459.8	500.0	7.658066288155269
5	487.9	469.98	407.4	500.0	7.644634407189997
5	500.0	480.2200000000001	372.6	500.0	7.63845756127881
5	484.2	463.8	395.0	500.0	7.634010860676076
5	500.0	465.76000000000005	303.6	500.0	7.622261052234684
5	500.0	486.12	425.2	500.0	7.614933468002623
5	500.0	489.32	432.6	500.0	7.6119629371365995
5	444.6	435.0	280.4	500.0	7.607643175935698
5	500.0	475.36	354.0	500.0	7.587621652754404
5	500.0	481.7799999999999	424.6	500.0	7.58904551909807
5	500.0	494.14	473.4	500.0	7.601558434180576
5	500.0	485.76000000000005	427.0	500.0	7.591806862555805
5	500.0	491.2200000000001	462.2	500.0	7.5949237955864675
5	496.1	478.41999999999996	420.2	500.0	7.601770821081432
5	494.5	480.43999999999994	423.4	500.0	7.6019574463745405
5	500.0	470.69999999999993	326.4	500.0	7.611622503184924
5	500.0	499.93999999999994	499.4	500.0	7.61540460794368
5	500.0	496.08000000000004	474.4	500.0	7.61401762514163
5	500.0	481.88	407.0	500.0	7.620692541355133
5	500.0	493.08000000000004	475.2	500.0	7.62914928857114
5	500.0	488.76000000000005	443.0	500.0	7.606349469037769
5	500.0	480.93999999999994	415.2	500.0	7.585428889394175
5	498.7	472.34000000000003	350.0	500.0	7.5781136459956135
5	498.7	476.4	390.4	500.0	7.5784609539299765
5	500.0	484.53999999999996	429.8	500.0	7.573713600939509
5	479.4	464.1	346.0	500.0	7.5742112164181
5	500.0	488.12	403.4	500.0	7.581562079243152
5	500.0	499.43999999999994	494.4	500.0	7.5834985465428195
5	500.0	494.16	478.4	500.0	7.56902958815496
5	500.0	490.93999999999994	420.6	500.0	7.558815300186725
5	484.6	470.62	397.8	500.0	7.56265057527188
5	500.0	473.8	408.6	500.0	7.546684123114891
5	500.0	471.91999999999996	373.2	500.0	7.550994364771052
5	455.8	443.9200000000001	309.0	500.0	7.55876762750454
5	500.0	487.78000000000003	442.2	500.0	7.562529401781619
5	497.9	480.67999999999995	408.2	500.0	7.564620889330621
5	500.0	482.06000000000006	403.4	500.0	7.574904753252185
5	500.0	491.18	453.0	500.0	7.571067069706727
5	500.0	481.08000000000004	429.8	500.0	7.559613581115496
5	499.3	483.0200000000001	422.8	500.0	7.565140646708174
5	485.4	469.86	417.2	500.0	7.554598670714315
5	500.0	480.58000000000004	418.2	500.0	7.561584655988996
5	500.0	472.74000000000007	394.6	500.0	7.560246537734235
5	499.1	484.5	425.4	500.0	7.545487030163474
5	485.9	465.17999999999995	404.6	500.0	7.539124306162501
5	500.0	481.15999999999997	408.2	500.0	7.530304175601973
5	488.1	470.78000000000003	375.4	500.0	7.5313354674224
5	457.4	446.55999999999995	314.0	500.0	7.517156175808295
5	474.9	458.73999999999995	371.4	500.0	7.53130865516285
5	499.9	474.85999999999996	409.4	500.0	7.524251792822932
5	485.7	466.87999999999994	367.0	500.0	7.524106000193643
5	473.5	464.41999999999996	341.4	500.0	7.527750522574135
5	481.4	469.68	414.8	500.0	7.512113213050476
5	493.8	477.2	414.8	500.0	7.5188017573614285
5	500.0	469.37999999999994	357.4	500.0	7.506734074291722
5	486.9	471.3	352.8	500.0	7.504786601346168
5	446.6	460.36	418.0	500.0	7.489454926973138
5	500.0	485.65999999999997	401.0	500.0	7.500449328518631
5	459.1	457.3	381.8	500.0	7.489986509834603
5	445.1	448.3	375.8	500.0	7.501566945050185
5	486.8	459.0799999999999	357.8	500.0	7.503952218815086
5	487.4	466.8999999999999	353.2	500.0	7.506910719529076
5	441.29999999999995	447.18	407.6	500.0	7.509377248689576
5	500.0	460.93999999999994	325.8	500.0	7.5164028274463215
5	450.20000000000005	449.9	376.4	500.0	7.523915588168066
5	437.0	442.85999999999996	349.2	500.0	7.5194166297136125
5	497.9	479.43999999999994	427.2	500.0	7.529138802447706
5	500.0	485.68	438.0	500.0	7.528017284559988
5	413.2	418.2	344.4	500.0	7.528464323955359
5	486.4	473.98	423.0	500.0	7.523564388016049
5	487.29999999999995	462.37999999999994	384.4	500.0	7.499619975188832
5	500.0	483.55999999999995	439.2	500.0	7.50028879520063
5	467.3	405.28	155.2	500.0	7.500692240433687
5	488.1	460.53999999999996	356.2	500.0	7.502560966311634
5	474.8	454.6	323.2	500.0	7.506756437959613
5	500.0	469.21999999999997	363.6	500.0	7.499898407734603
5	442.0	446.88	359.8	500.0	7.4983775969988935
5	470.5	453.98	385.4	500.0	7.503485704589454
5	483.5	468.35999999999996	341.4	500.0	7.505262502074783
5	466.4	463.52	405.0	500.0	7.513035031363043
5	443.4	439.28000000000003	380.4	500.0	7.508285221368814
5	490.6	463.96000000000004	373.8	500.0	7.5088818013197995
5	463.20000000000005	456.08000000000004	356.0	500.0	7.4979732822444465
5	431.7	425.38	334.2	500.0	7.50802426105642
5	483.29999999999995	459.41999999999996	316.4	500.0	7.504453037483092
5	472.9	468.16	376.8	500.0	7.5141153067934745
5	454.9	443.38	294.4	500.0	7.496762573391881
5	489.9	472.94000000000005	371.2	500.0	7.503830703735827
5	448.5	429.58000000000004	293.0	500.0	7.510011571197158
5	473.7	470.48	372.2	500.0	7.501101522113879
5	473.5	467.06000000000006	402.8	500.0	7.4900418195090745
5	497.8	487.75999999999993	456.4	500.0	7.49145140225924
5	498.8	460.46000000000004	316.6	500.0	7.493202222052083
5	468.6	464.68	410.6	500.0	7.490944612802108
5	473.9	464.7	390.2	500.0	7.481507927504072
5	445.20000000000005	445.64000000000004	365.0	500.0	7.470066822343283
5	478.0	474.9799999999999	425.6	500.0	7.457627995577411
5	500.0	480.86	401.4	500.0	7.445079739004476
5	500.0	485.4200000000001	441.6	500.0	7.442522746289989
5	470.20000000000005	469.7200000000001	417.2	500.0	7.43645312536268
5	490.3	467.5200000000001	394.6	500.0	7.4405276865003
5	500.0	499.18	491.8	500.0	7.449131663192576
5	500.0	497.58000000000004	475.8	500.0	7.451515914336601
5	486.1	459.36	280.6	500.0	7.448119600909673
5	489.9	476.23999999999995	398.4	500.0	7.451760550532636
5	500.0	488.88	398.0	500.0	7.463795579655426
5	497.8	484.5	427.2	500.0	7.476063134668848
5	500.0	496.08000000000004	463.2	500.0	7.461437383837605
5	500.0	467.26000000000005	390.8	500.0	7.467043686622396
5	500.0	489.6	427.0	500.0	7.474197643631639
5	500.0	480.58000000000004	406.8	500.0	7.481098204229432
5	500.0	483.82	380.2	500.0	7.48248157462033
5	500.0	489.2	392.0	500.0	7.481884455071205
5	488.3	474.1	406.6	500.0	7.491693984724564
5	500.0	479.34	412.8	500.0	7.470091261015614
5	485.8	476.82	430.4	500.0	7.4700224826949855
5	500.0	480.21999999999997	420.0	500.0	7.454346430584359
5	500.0	488.66	428.2	500.0	7.464509233652817
5	494.1	483.7	412.0	500.0	7.461997447745461
5	500.0	491.62	453.2	500.0	7.466841323560473
5	500.0	500.0	500.0	500.0	7.469118813356316
5	500.0	497.76000000000005	477.6	500.0	7.469118813356316
5	500.0	493.93999999999994	469.4	500.0	7.456416608113814
5	500.0	496.88	468.8	500.0	7.450798891084103
5	500.0	496.43999999999994	464.4	500.0	7.461623698551576
5	500.0	500.0	500.0	500.0	7.464687219301808
5	500.0	493.6	442.8	500.0	7.464687219301808
5	473.1	473.2	440.2	500.0	7.461162314339338
5	500.0	498.84	488.4	500.0	7.450619130195888
5	500.0	497.26000000000005	472.6	500.0	7.4675558037733945
5	500.0	485.53999999999996	429.8	500.0	7.473653917531422
5	500.0	495.71999999999997	459.0	500.0	7.474001419047652
5	500.0	494.21999999999997	471.6	500.0	7.476294197090443
5	500.0	489.71999999999997	452.4	500.0	7.491039328801019
5	500.0	492.0400000000001	450.8	500.0	7.485893686781886
5	500.0	500.0	500.0	500.0	7.4840624944166905
5	500.0	493.03999999999996	430.4	500.0	7.4840624944166905
5	500.0	490.23999999999995	437.6	500.0	7.470861618900296
5	500.0	496.68	467.0	500.0	7.476613786320763
5	500.0	498.21999999999997	482.2	500.0	7.470152468159298
5	500.0	493.2	463.2	500.0	7.4671883679285775
5	500.0	499.73999999999995	497.4	500.0	7.460237107507441
5	500.0	500.0	500.0	500.0	7.477929850782044
5	500.0	497.28000000000003	475.4	500.0	7.477929850782044
5	500.0	493.4	461.8	500.0	7.472143162833882
5	500.0	488.0	434.2	500.0	7.4462148990413075
5	500.0	500.0	500.0	500.0	7.437788699007393
5	500.0	485.38	392.6	500.0	7.437788699007393
5	497.2	471.5	379.6	500.0	7.447329107418633
5	500.0	495.21999999999997	466.8	500.0	7.454837172563293
5	500.0	490.53999999999996	446.6	500.0	7.44058261538596
5	500.0	496.73999999999995	467.4	500.0	7.446287912964916
5	500.0	492.71999999999997	447.4	500.0	7.441077745110679
5	500.0	487.15999999999997	431.4	500.0	7.440649407753776
5	495.1	485.0	407.0	500.0	7.433053910590957
5	500.0	478.75999999999993	396.2	500.0	7.438278693028236
5	500.0	492.98	431.0	500.0	7.4327156918518895
5	481.7	474.58000000000004	420.6	500.0	7.422234858009276
5	494.4	479.52	378.2	500.0	7.425734121912737
5	500.0	488.16	439.6	500.0	7.419273151168975
5	498.5	480.84	384.8	500.0	7.398511117644357
5	500.0	487.66	457.0	500.0	7.386167316383831
5	500.0	486.84	418.6	500.0	7.383608877985955
5	500.0	484.03999999999996	380.8	500.0	7.3873495241337315
5	500.0	499.5	495.0	500.0	7.385167596236311
5	500.0	481.78000000000003	413.4	500.0	7.382211418840485
5	500.0	496.43999999999994	464.4	500.0	7.387251187100256
5	500.0	497.48	474.8	500.0	7.387251834547569
5	500.0	491.2200000000001	452.6	500.0	7.374174321625978
5	500.0	482.64	334.6	500.0	7.380896907084815
5	500.0	494.2	450.0	500.0	7.372833340156618
5	500.0	497.03999999999996	479.2	500.0	7.385399906415717
5	500.0	496.9	469.0	500.0	7.391645695787257
5	500.0	483.71999999999997	385.4	500.0	7.394054920322793
5	500.0	500.0	500.0	500.0	7.390505560283884
5	500.0	500.0	500.0	500.0	7.390505560283884
5	500.0	487.41999999999996	434.6	500.0	7.390505560283884
5	500.0	493.62	447.8	500.0	7.397169513635976
5	500.0	480.58000000000004	406.0	500.0	7.3882937934253015
5	500.0	499.48	494.8	500.0	7.397421070453525
5	486.0	481.52	452.2	500.0	7.40153439113178
5	500.0	498.06000000000006	483.8	500.0	7.421733995538502
5	498.6	475.37999999999994	387.8	500.0	7.404074334129636
5	500.0	487.82	397.0	500.0	7.407246886565948
5	500.0	491.96000000000004	440.2	500.0	7.414184079522747
5	500.0	487.7	423.2	500.0	7.396469200322534
5	500.0	494.1	453.4	500.0	7.403590671098134
5	500.0	499.78000000000003	497.8	500.0	7.391525278829955
5	500.0	493.98	477.6	500.0	7.398819808704216
5	500.0	492.56000000000006	468.4	500.0	7.413529312186397
5	500.0	499.36	493.6	500.0	7.40482391168072
5	500.0	478.32	411.2	500.0	7.408487738390478
5	491.0	479.6	419.0	500.0	7.397267963710791
5	500.0	481.23999999999995	381.8	500.0	7.407257524075416
5	487.4	466.18	402.8	500.0	7.413035977417751
5	500.0	489.5400000000001	428.4	500.0	7.420794146419505
5	465.5	463.76000000000005	401.0	500.0	7.408704517817759
5	471.0	438.62	223.0	500.0	7.402106611461704
5	500.0	478.21999999999997	420.8	500.0	7.405437201482278
5	500.0	495.62	463.6	500.0	7.40253887293137
5	500.0	492.4	451.4	500.0	7.415285622831149
5	500.0	492.08000000000004	420.8	500.0	7.405394720175737
5	500.0	495.68	465.4	500.0	7.403471591354175
5	500.0	494.46000000000004	444.6	500.0	7.418990049839414
5	500.0	485.32	448.8	500.0	7.428357925254683
5	500.0	499.16	493.8	500.0	7.418534594571858
5	500.0	490.41999999999996	404.2	500.0	7.411693150483308
5	500.0	492.48	466.0	500.0	7.394956895665356
5	500.0	487.26000000000005	429.2	500.0	7.389294270412747
5	500.0	490.36	450.2	500.0	7.397403354655108
5	500.0	492.21999999999997	445.8	500.0	7.395510426915608
5	468.5	459.5	356.2	500.0	7.41616657792346
5	500.0	498.0	480.0	500.0	7.4038072262870225
5	500.0	487.28000000000003	426.2	500.0	7.404744649492345
5	500.0	492.64000000000004	473.6	500.0	7.398067953079306
5	500.0	487.9	381.8	500.0	7.412719882673439
5	500.0	494.06000000000006	470.0	500.0	7.407626356175458
5	500.0	492.67999999999995	449.4	500.0	7.4148179225272886
5	446.6	435.8	337.6	500.0	7.405275737559222
5	500.0	483.2	376.8	500.0	7.3910060154020405
5	500.0	500.0	500.0	500.0	7.395652361731291
5	500.0	497.18	471.8	500.0	7.395652361731291
5	500.0	497.1	471.0	500.0	7.417247373570099
5	500.0	494.71999999999997	448.4	500.0	7.418110787993576
5	500.0	498.68	486.8	500.0	7.413762978553897
5	500.0	500.0	500.0	500.0	7.410828632282231
5	500.0	493.91999999999996	444.4	500.0	7.410828632282231
5	500.0	500.0	500.0	500.0	7.400049233104395
5	500.0	500.0	500.0	500.0	7.400049233104395
5	500.0	496.78000000000003	467.8	500.0	7.400049233104395
5	500.0	492.3	449.6	500.0	7.395006381646603
5	500.0	498.4	484.0	500.0	7.403798652056755
5	500.0	496.58000000000004	465.8	500.0	7.42166490022606
5	500.0	500.0	500.0	500.0	7.432963236956232
5	500.0	499.96000000000004	499.6	500.0	7.432963236956232
5	500.0	491.96000000000004	422.8	500.0	7.43435460990309
5	500.0	496.41999999999996	464.2	500.0	7.447700499537642
5	500.0	496.08000000000004	471.4	500.0	7.440721800807564
5	500.0	497.06000000000006	475.2	500.0	7.430465550370776
5	500.0	495.56000000000006	476.6	500.0	7.433559496198698
5	500.0	485.74000000000007	431.6	500.0	7.4301773252106145
5	500.0	495.26000000000005	463.8	500.0	7.442864499845357
5	500.0	495.2	477.4	500.0	7.443100569482405
5	500.0	496.78000000000003	474.2	500.0	7.438135181398698
5	500.0	486.9	437.0	500.0	7.442973569115075
5	500.0	500.0	500.0	500.0	7.4455775908063355
5	500.0	495.48	461.6	500.0	7.4455775908063355
5	500.0	495.62	469.8	500.0	7.448975808585336
5	500.0	500.0	500.0	500.0	7.4428629487493385
5	500.0	499.98	499.8	500.0	7.4428629487493385
5	500.0	495.71999999999997	457.2	500.0	7.445812593075499
5	500.0	476.23999999999995	377.6	500.0	7.43947403567432
5	500.0	497.5	475.0	500.0	7.43800087279973
5	500.0	487.62	409.0	500.0	7.439545037477456
5	500.0	489.68	450.8	500.0	7.444377181465232
5	500.0	488.96000000000004	430.0	500.0	7.436388502236499
5	500.0	492.06000000000006	447.0	500.0	7.429828061198892
5	500.0	497.28000000000003	472.8	500.0	7.4244449831199
5	500.0	500.0	500.0	500.0	7.42971638149424
5	500.0	498.73999999999995	487.4	500.0	7.42971638149424
5	500.0	496.7	467.0	500.0	7.429191425342593
5	500.0	487.4	445.0	500.0	7.437233395188001
5	500.0	496.2	479.2	500.0	7.443273410920661
5	500.0	500.0	500.0	500.0	7.4506318901106905
5	500.0	497.7	477.0	500.0	7.4506318901106905
5	500.0	489.73999999999995	397.4	500.0	7.4596335482007
5	500.0	492.5	465.8	500.0	7.455470112588458
