5	19.799999999999997	21.76	15.8	29.2	8.565860058155112
5	20.7	21.240000000000002	17.4	25.4	8.564238554444739
5	20.8	21.439999999999998	16.8	27.2	8.559635657110594
5	24.4	24.74	18.0	38.0	8.56315292414397
5	22.5	21.98	13.4	32.8	8.573015501062706
5	25.700000000000003	25.4	15.6	36.2	8.575625019854225
5	24.1	23.28	16.6	28.0	8.569928635359187
5	23.9	23.240000000000002	15.2	27.2	8.569145718574081
5	22.4	23.340000000000003	17.8	33.8	8.562302956972523
5	25.9	25.9	17.6	36.8	8.555246611534187
5	18.2	20.059999999999995	16.2	26.6	8.5497554199691
5	27.1	28.979999999999997	18.2	46.0	8.540769857931625
5	28.1	27.779999999999994	20.2	37.6	8.550382598927955
5	26.1	26.580000000000002	18.4	34.2	8.555603316358587
5	27.1	28.740000000000002	20.6	44.0	8.558792970832114
5	26.1	27.6	22.2	39.2	8.557935604677612
5	27.200000000000003	27.339999999999996	17.4	38.2	8.571606482442096
5	26.5	27.639999999999997	18.2	35.8	8.573456971446463
5	28.1	27.4	17.6	39.0	8.573744727164675
5	29.5	31.18	26.6	42.0	8.570767050325513
5	33.3	32.42	20.6	44.0	8.56543769944389
5	29.7	30.46	17.8	40.4	8.55353191467672
5	24.8	26.48	18.8	36.0	8.558809680394251
5	29.9	28.04	16.2	39.8	8.551314097329456
5	28.7	27.6	14.2	33.4	8.542503289293892
5	29.4	28.9	22.6	33.8	8.555663402161208
5	30.5	29.400000000000006	14.2	37.8	8.5513431700118
5	27.4	28.160000000000004	18.0	37.6	8.55540604785693
5	24.9	27.82	20.6	42.4	8.55207744888773
5	28.200000000000003	30.540000000000003	20.2	53.4	8.55046454756304
5	33.1	34.36000000000001	23.6	54.2	8.546726287431392
5	32.900000000000006	32.440000000000005	24.0	44.0	8.555438485563377
5	31.5	32.58	24.6	43.6	8.56140772444523
5	31.2	31.76	21.4	39.0	8.565248561742097
5	35.7	36.78	26.8	60.0	8.557881584177121
5	34.5	34.18	20.4	44.6	8.56007698962903
5	37.3	35.12	16.8	47.4	8.570917007162299
5	35.2	38.86	31.8	59.4	8.566817084384493
5	35.2	35.28	28.2	45.2	8.570254357293685
5	35.7	35.279999999999994	23.8	41.8	8.573454899201673
5	34.0	34.3	26.8	44.6	8.571028927597292
5	39.400000000000006	39.9	22.8	64.4	8.571441298877717
5	38.599999999999994	37.980000000000004	28.8	43.8	8.576264075604978
5	34.0	36.08	26.6	48.2	8.563801511412915
5	45.400000000000006	45.480000000000004	26.0	61.6	8.571510080566116
5	40.400000000000006	41.120000000000005	34.4	52.4	8.560837229627683
5	39.0	39.6	30.4	48.6	8.559078765929799
5	39.0	39.199999999999996	25.4	69.2	8.566383546578322
5	43.2	43.28	21.8	68.0	8.557339178101904
5	43.7	44.16	35.4	51.4	8.566199589535453
5	42.0	43.12	22.8	67.8	8.559647823313831
5	37.099999999999994	39.98	29.0	58.8	8.562123560943736
5	40.099999999999994	39.18	20.2	61.4	8.566672965137693
5	46.7	45.62	33.2	53.6	8.568027721174712
5	43.6	46.16	28.4	69.2	8.57085519354859
5	50.099999999999994	51.96	40.2	69.6	8.567711349938993
5	48.5	51.220000000000006	35.2	83.8	8.576571881311946
5	59.7	58.81999999999999	43.6	70.6	8.56747908629355
5	44.8	48.260000000000005	27.4	83.8	8.57130552673535
5	46.599999999999994	46.720000000000006	35.6	60.8	8.568305539926053
5	48.400000000000006	50.36	43.0	61.6	8.576522008890821
5	53.0	49.38	31.4	59.6	8.582072724124526
5	46.2	47.88	33.0	71.8	8.580020905953413
5	53.1	57.86	40.4	79.8	8.575393995430781
5	48.3	51.82000000000001	30.6	74.0	8.574237945975762
5	59.8	59.839999999999996	41.6	101.4	8.575447273544299
5	65.30000000000001	62.19999999999999	38.6	88.8	8.57655091608751
5	53.4	50.48	31.0	67.0	8.589538597852073
5	54.5	56.31999999999999	36.2	74.0	8.58990986403958
5	48.9	51.419999999999995	34.4	83.8	8.60702985696413
5	55.599999999999994	63.160000000000004	44.2	123.2	8.602636721176717
5	54.5	53.239999999999995	29.8	72.4	8.609725930627132
5	62.2	61.459999999999994	34.8	91.2	8.602551948962395
5	53.2	53.64	43.4	70.2	8.592806111223565
5	64.19999999999999	63.75999999999999	46.8	82.0	8.590734577991155
5	62.900000000000006	64.50000000000001	54.4	77.8	8.592184062446657
5	58.7	59.78000000000001	35.0	87.0	8.579334513375692
5	64.5	70.52000000000001	38.2	110.8	8.584247988977394
5	65.1	64.28	36.4	79.0	8.5724196472259
5	57.8	62.580000000000005	37.4	90.0	8.57699209395636
5	54.0	55.54	41.4	74.8	8.585344927499245
5	61.6	68.99999999999999	44.6	121.0	8.589586885827856
5	68.0	64.88	34.2	95.8	8.59824514291175
5	59.2	58.06	29.8	73.2	8.598415621959793
5	60.400000000000006	69.98	46.4	150.2	8.594574836406665
5	74.9	75.96000000000001	48.0	107.0	8.571796145560084
5	71.19999999999999	73.41999999999999	50.0	102.6	8.569172984978017
5	68.4	64.5	40.0	90.0	8.573956650987302
5	69.4	73.34	54.8	119.4	8.573251533008563
5	69.6	72.2	58.0	93.2	8.563316981625182
5	63.400000000000006	66.5	51.6	91.2	8.555146707827657
5	76.9	80.75999999999999	60.4	110.6	8.544749713785087
5	80.0	85.02000000000001	61.4	111.4	8.5356771509355
5	94.4	92.02000000000001	61.8	115.8	8.540915948262212
5	82.2	85.36	48.0	136.2	8.53152567259849
5	83.6	80.7	23.4	115.8	8.533121768078729
5	77.0	74.22	48.6	100.2	8.525333749309938
5	77.6	83.14	66.6	119.2	8.522796887037636
5	88.6	97.70000000000002	69.8	136.6	8.522343794954525
5	81.1	89.85999999999999	63.0	132.0	8.52349240818785
5	84.5	87.91999999999999	63.2	116.2	8.527790124937207
5	89.1	93.9	68.8	141.4	8.521998455182363
5	95.6	107.54	71.2	182.4	8.52655889947278
5	108.8	111.32000000000001	84.8	159.4	8.51669056550432
5	100.9	109.78	57.2	170.0	8.53178970249152
5	108.9	106.32000000000001	70.2	161.2	8.536155919082496
5	120.30000000000001	124.88	81.2	159.8	8.542006853854659
5	123.6	133.06	84.6	200.4	8.546669306063828
5	142.7	143.66	87.2	253.4	8.54346781546245
5	125.69999999999999	131.5	103.2	179.4	8.55341758484359
5	117.69999999999999	120.63999999999999	72.4	186.6	8.548183065026047
5	160.3	157.71999999999997	87.8	285.4	8.548527483714956
5	124.0	124.56000000000002	51.2	209.8	8.544664547596437
5	140.3	150.98000000000002	106.0	266.2	8.553842407383794
5	148.0	144.86	61.0	198.8	8.54496069316137
5	104.9	113.32000000000001	51.6	224.2	8.534481874800314
5	146.89999999999998	146.85999999999999	82.0	247.2	8.536867104513954
5	133.2	136.86	55.4	248.8	8.5522911841234
5	124.8	127.74000000000001	87.4	184.0	8.564148786106049
5	140.7	142.23999999999998	77.2	244.2	8.56428839314652
5	168.2	169.82	106.6	231.6	8.572397790725807
5	164.8	178.38000000000002	91.0	269.0	8.575860032825664
5	160.0	158.86	81.8	239.4	8.57118869374874
5	145.0	159.26	97.0	223.4	8.567290100475978
5	157.3	158.48	131.6	206.2	8.559331702046595
5	171.89999999999998	175.88	120.6	236.8	8.564849873705159
5	158.60000000000002	160.9	92.6	262.8	8.580046072708031
5	175.7	184.36	137.4	292.8	8.58004383441034
5	222.5	209.44	128.6	276.6	8.579911207068283
5	190.5	178.1	100.2	237.6	8.578021875031023
5	226.1	221.1	115.4	285.0	8.586223418180788
5	202.5	201.56	110.2	287.0	8.58375172888159
5	233.5	235.85999999999999	118.8	422.6	8.571444483453593
5	218.5	212.66	121.2	327.2	8.58017917347847
5	223.1	227.23999999999995	120.8	355.0	8.575809715921626
5	202.0	233.87999999999997	161.6	412.4	8.575109664727174
5	215.2	228.47999999999996	92.6	408.4	8.587514657607338
5	274.1	270.23999999999995	106.0	387.2	8.56534657641204
5	243.89999999999998	254.43999999999997	175.6	375.8	8.566116284563911
5	260.8	264.12	185.2	377.6	8.547064025237432
5	260.7	260.5	160.8	389.2	8.553157022808072
5	211.89999999999998	222.47999999999996	136.6	327.4	8.561290314896477
5	240.7	247.5	117.0	389.8	8.556296362089764
5	282.6	273.30000000000007	171.6	377.6	8.549059325315739
5	261.9	262.1	146.2	389.2	8.551973182812958
5	251.70000000000002	268.53999999999996	199.6	380.4	8.556338018394584
5	298.3	317.08000000000004	217.6	470.0	8.55893878311241
5	288.8	302.02000000000004	229.4	440.0	8.556515319760022
5	331.9	326.0200000000001	240.8	390.8	8.563207094377113
5	304.70000000000005	295.9800000000001	215.4	373.4	8.5690621519893
5	266.2	260.15999999999997	145.0	417.0	8.57308104519153
5	287.29999999999995	309.38	242.8	385.4	8.5701117084332
5	301.3	289.17999999999995	197.0	373.0	8.560327665467105
5	260.3	245.35999999999999	143.6	328.6	8.555120147860807
5	308.70000000000005	300.62	185.8	416.4	8.545011055875005
5	317.79999999999995	314.8	212.4	416.0	8.551698771444196
5	296.6	327.46	242.0	500.0	8.544249668735311
5	315.1	333.2	185.0	466.0	8.536341871684735
5	312.4	310.0199999999999	239.0	365.2	8.530204665202568
5	313.2	314.64	199.0	402.0	8.532896152376695
5	348.6	327.15999999999997	215.0	410.6	8.532196565537516
5	308.5	312.82000000000005	233.6	406.8	8.522569712816663
5	372.0	365.1	198.6	488.8	8.53212349128315
5	338.79999999999995	322.36	184.8	414.2	8.521731673288688
5	359.6	335.68000000000006	222.8	406.8	8.534473478911638
5	299.6	303.71999999999997	140.4	443.8	8.532406332502935
5	311.4	324.92	256.8	417.2	8.514815134299836
5	256.29999999999995	268.76	181.2	478.8	8.514479702767144
5	362.6	342.38	202.6	500.0	8.506105860679192
5	339.70000000000005	352.3	305.4	444.2	8.506456685171612
5	394.4	377.6	232.4	442.8	8.50210001497739
5	348.79999999999995	329.6	175.8	437.2	8.49042153400541
5	345.8	332.1	248.4	399.8	8.485587168995423
5	342.1	338.67999999999995	213.2	439.0	8.483284113116687
5	323.20000000000005	303.71999999999997	155.4	433.2	8.48084205891145
5	365.6	363.85999999999996	287.2	429.2	8.479635722298895
5	302.0	312.88	203.0	416.2	8.482236945335497
5	364.1	349.94	265.2	455.4	8.475073046750987
5	366.4	373.02000000000004	290.8	452.4	8.464216610994637
5	339.5	352.0	263.2	472.2	8.46137727305528
5	382.7	376.76000000000005	300.8	474.8	8.450298254079618
5	352.6	342.59999999999997	190.4	465.6	8.450265797558005
5	306.8	322.47999999999996	209.4	500.0	8.451136955931155
5	311.3	311.91999999999996	168.8	397.4	8.454063094275172
5	335.9	327.4800000000001	237.4	435.4	8.453261069544753
5	338.8	336.62	210.4	450.0	8.452139881297596
5	337.20000000000005	349.88	217.8	486.8	8.442677960104852
5	329.4	332.72	224.4	475.4	8.437284947933424
5	357.2	363.86	274.2	474.6	8.436918891487474
5	412.7	386.7	201.0	449.2	8.43640225296648
5	314.4	314.86	176.2	449.8	8.429726162594793
5	341.9	330.15999999999997	227.6	399.6	8.435030981511769
5	381.6	350.9	134.8	487.2	8.445659238315546
5	370.4	350.34	207.0	436.8	8.451646802863197
5	356.29999999999995	329.34000000000003	169.0	433.4	8.450271661326493
5	372.29999999999995	359.17999999999995	273.2	433.4	8.44532654451789
5	319.3	314.28	238.2	440.6	8.444825530029524
5	338.9	326.28000000000003	141.4	449.2	8.447551132017566
5	342.20000000000005	332.6	237.4	402.2	8.44402863687519
5	383.6	367.17999999999995	202.0	500.0	8.453831035335737
5	330.7	332.96000000000004	212.4	431.8	8.445726570179344
5	383.0	375.98	264.2	461.4	8.456567632533067
5	366.7	377.84000000000003	253.8	488.0	8.447493885023128
5	349.79999999999995	338.8	183.0	434.2	8.440727988322244
5	337.0	329.54	196.0	381.6	8.4479085623931
5	339.8	356.99999999999994	235.4	483.2	8.437217671506476
5	365.2	365.3	226.0	483.0	8.43579299656376
5	405.6	377.68	267.8	468.4	8.444446242832036
5	425.4	406.1	299.0	499.6	8.436094865465996
5	401.0	382.86	132.2	500.0	8.448168924002648
5	439.29999999999995	437.2	354.8	500.0	8.43592736671073
5	394.6	394.58	315.6	492.8	8.429082282396704
5	438.29999999999995	439.08000000000004	345.6	487.2	8.424234202642626
5	330.8	324.4	160.2	430.0	8.423753958295576
5	414.9	390.2	228.0	471.0	8.418438688894314
5	420.9	406.14	294.2	500.0	8.42899317267897
5	412.5	401.9	289.4	496.8	8.434207204683021
5	357.8	367.12	267.2	500.0	8.424999379170806
5	410.1	416.6	321.8	491.6	8.428426498536364
5	426.6	416.82	315.0	500.0	8.431508642344092
5	373.5	344.4	153.6	500.0	8.427271375508191
5	382.2	394.64000000000004	296.8	487.4	8.428679787363382
5	446.0	422.38	298.0	495.0	8.43614000216619
5	355.4	358.62	268.4	419.6	8.446108514293044
5	389.7	382.44	277.8	477.2	8.444189611230707
5	342.8	352.36	206.0	467.6	8.443025036145231
5	394.6	407.15999999999997	255.2	500.0	8.453787056151526
5	376.8	386.04	278.6	500.0	8.468031658326348
5	454.2	439.36	319.6	500.0	8.472075900064553
5	404.1	392.12	224.6	500.0	8.473438603228228
5	379.7	384.68	325.6	500.0	8.469221345727494
5	421.8	430.5	379.4	500.0	8.467029851632697
5	391.0	404.08	321.2	495.6	8.451267998391833
5	447.20000000000005	437.9599999999999	289.0	500.0	8.44481237407202
5	417.4	419.08000000000004	381.6	453.4	8.441131202087643
5	428.3	420.96000000000004	265.8	500.0	8.449570105983991
5	432.9	421.78000000000003	337.0	500.0	8.451904930332798
5	412.5	415.12000000000006	344.6	490.8	8.44970815787161
5	403.5	394.91999999999996	292.6	496.2	8.43942734639851
5	428.2	416.58000000000004	306.4	500.0	8.440185193158607
5	399.2	403.59999999999997	330.8	493.6	8.440018717955349
5	418.5	411.7200000000001	282.8	500.0	8.431417477399414
5	412.9	400.28000000000003	320.8	500.0	8.437744738736933
5	410.9	409.26	319.8	500.0	8.431775114771819
5	426.9	430.21999999999997	339.0	500.0	8.445246939186022
5	451.20000000000005	418.66	273.2	493.2	8.441119392928858
5	412.1	390.66	227.2	467.2	8.432834377607342
5	443.29999999999995	426.18	322.8	500.0	8.424286601702235
5	415.1	409.96000000000004	300.8	500.0	8.41689334154097
5	376.79999999999995	404.04	315.0	500.0	8.422520689004221
5	345.4	383.41999999999996	265.2	486.4	8.419403826707805
5	406.20000000000005	405.14	304.2	500.0	8.419348656635679
5	447.4	441.93999999999994	345.8	495.8	8.428516467893063
5	383.7	413.5	350.0	493.8	8.438865837465825
5	446.3	440.46000000000004	353.0	500.0	8.432540223480567
5	443.6	436.14	340.2	490.6	8.430676793159645
5	423.6	426.71999999999997	383.4	477.2	8.427893018409716
5	444.9	426.18	278.4	500.0	8.44039386410919
5	362.2	366.0	219.4	471.8	8.436164103037294
5	439.9	437.7	356.4	499.0	8.449798969409922
5	442.7	437.14	332.6	496.0	8.461032043958037
5	395.4	395.12	297.2	500.0	8.475395284667474
5	426.4	406.71999999999997	208.0	478.0	8.48092548189016
5	457.9	435.76000000000005	352.6	500.0	8.487718241894614
5	429.0	425.18	320.8	500.0	8.480692895484758
5	449.20000000000005	446.05999999999995	370.8	500.0	8.484730828921734
5	441.9	443.0	341.8	500.0	8.48163825004287
5	439.1	433.14000000000004	274.6	500.0	8.485804066606747
5	424.79999999999995	410.2	290.0	500.0	8.474083602965212
5	392.8	369.02	180.2	432.6	8.465382102265675
5	405.0	408.74	309.6	500.0	8.470105505012386
5	456.5	429.3	282.6	500.0	8.453009516646693
5	386.29999999999995	394.04	284.4	498.6	8.459924559263701
5	426.5	427.7200000000001	326.0	500.0	8.465683516312335
5	411.5	402.86	265.4	500.0	8.470902551269182
5	369.2	354.6	220.4	427.0	8.484489823466008
5	432.7	426.91999999999996	339.2	497.0	8.475457000521729
5	418.6	398.78	232.0	500.0	8.472471038638439
5	391.9	406.32	266.4	500.0	8.475288521318461
5	440.5	433.23999999999995	363.4	500.0	8.466321786042574
5	481.7	451.2	351.0	500.0	8.4651108161664
5	427.8	420.53999999999996	233.4	500.0	8.464491124063649
5	451.0	427.67999999999995	324.2	500.0	8.47284237472542
5	450.0	436.03999999999996	301.8	500.0	8.470641138971965
5	421.9	439.78000000000003	394.4	500.0	8.454230839595093
5	430.8	428.16	265.8	500.0	8.457523442645696
5	408.6	409.5	316.6	500.0	8.457517274514434
5	423.2	407.24	224.0	500.0	8.45298759146311
5	422.5	404.02	203.0	500.0	8.452878442679383
5	423.2	396.62	186.2	465.8	8.445688307944959
5	425.9	423.26000000000005	330.4	484.0	8.435681717566853
5	446.6	441.7200000000001	348.4	500.0	8.437483940115431
5	486.5	444.26000000000005	212.0	500.0	8.429857013496946
