	12.0
	35.0
	17.0
	26.0
	18.0
	18.0
	15.0
	53.0
	14.0
	20.0
	23.0
	66.0
	18.0
	20.0
	25.0
	20.0
	99.0
	30.0
	32.0
	43.0
	73.0
	27.0
	73.0
	72.0
	133.0
	14.0
	64.0
	51.0
	44.0
	19.0
	28.0
	105.0
	89.0
	22.0
	61.0
	14.0
	53.0
	34.0
	45.0
	18.0
	29.0
	23.0
	37.0
	35.0
	32.0
	105.0
	55.0
	60.0
	77.0
	24.0
	51.0
	35.0
	144.0
	41.0
	61.0
	75.0
	98.0
	80.0
	37.0
	124.0
	45.0
	65.0
	80.0
	51.0
	71.0
	57.0
	58.0
	67.0
	81.0
	70.0
	83.0
	53.0
	74.0
	127.0
	41.0
	87.0
	49.0
	62.0
	115.0
	44.0
	102.0
	77.0
	47.0
	65.0
	26.0
	53.0
	77.0
	88.0
	23.0
	91.0
	37.0
	19.0
	38.0
	75.0
	72.0
	53.0
	54.0
	68.0
	63.0
	15.0
	133.0
	62.0
	80.0
	66.0
	174.0
	130.0
	33.0
	21.0
	150.0
	107.0
	52.0
	25.0
	42.0
	48.0
	58.0
	32.0
	73.0
	29.0
	30.0
	77.0
	47.0
	43.0
	90.0
	32.0
	258.0
	52.0
	47.0
	91.0
	99.0
	116.0
	119.0
	54.0
	55.0
	55.0
	124.0
	76.0
	45.0
	132.0
	79.0
	91.0
	57.0
	133.0
	80.0
	44.0
	107.0
	107.0
	69.0
	126.0
	69.0
	144.0
	96.0
	64.0
	152.0
	82.0
	109.0
	52.0
